5.000000	0.5391685	0.3237254
15.000000	-0.4307265	1.4192365
25.000000	-0.8791033	0.7968605
35.000000	0.4990037	0.1935447
45.000000	-0.0147987	0.0021290
55.000000	0.0391761	0.0042660
65.000000	0.0401030	0.0041003
75.000000	0.0404419	0.0040848
85.000000	0.0500811	0.0050426
95.000000	0.0394488	0.0039670
105.000000	0.0391258	0.0039310
115.000000	0.0305604	0.0030690
125.000000	0.0353061	0.0035441
135.000000	0.0302910	0.0030395
145.000000	0.0251482	0.0025232
155.000000	0.0196734	0.0019734
165.000000	0.0209505	0.0021010
175.000000	0.0163304	0.0016374
185.000000	0.0157394	0.0015780
195.000000	0.0169120	0.0016952
205.000000	0.0178677	0.0017910
215.000000	0.0144334	0.0014465
225.000000	0.0123176	0.0012345
235.000000	0.0092246	0.0009244
245.000000	0.0074051	0.0007420
255.000000	0.0107036	0.0010725
265.000000	0.0101170	0.0010137
275.000000	0.0083566	0.0008373
285.000000	0.0112956	0.0011318
295.000000	0.0100881	0.0010107
305.000000	0.0083988	0.0008415
315.000000	0.0097532	0.0009772
325.000000	0.0116499	0.0011672
335.000000	0.0052568	0.0005267
345.000000	0.0071644	0.0007178
355.000000	0.0065250	0.0006537
365.000000	0.0093527	0.0009371
375.000000	0.0034397	0.0003446
385.000000	0.0065019	0.0006515
395.000000	0.0058135	0.0005825
405.000000	0.0064627	0.0006475
415.000000	0.0066276	0.0006641
425.000000	0.0016767	0.0001680
435.000000	0.0055484	0.0005560
445.000000	0.0026294	0.0002635
455.000000	0.0036665	0.0003674
465.000000	0.0028645	0.0002871
475.000000	0.0043916	0.0004402
485.000000	0.0036513	0.0003660
495.000000	0.0009119	0.0000914
505.000000	0.0049425	0.0004956
515.000000	-0.0034816	0.0003491
525.000000	0.0010276	0.0001031
535.000000	0.0047635	0.0004779
545.000000	0.0019501	0.0001956
555.000000	0.0105656	0.0010601
565.000000	0.0036874	0.0003701
575.000000	0.0047718	0.0004791
585.000000	0.0079461	0.0007980
595.000000	0.0053983	0.0005423
605.000000	0.0110564	0.0011109
615.000000	0.0055219	0.0005551
625.000000	0.0041832	0.0004207
635.000000	0.0028833	0.0002901
645.000000	0.0041187	0.0004148
655.000000	0.0093344	0.0009408
665.000000	0.0052343	0.0005280
675.000000	0.0060089	0.0006073
685.000000	0.0052282	0.0005291
695.000000	0.0030144	0.0003056
705.000000	0.0021920	0.0002228
715.000000	0.0044302	0.0004522
725.000000	0.0012574	0.0001288
735.000000	0.0064112	0.0006600
745.000000	0.0061538	0.0006365
755.000000	0.0087007	0.0009164
765.000000	0.0100114	0.0010631
775.000000	0.0142842	0.0015441
785.000000	0.0043861	0.0004845
795.000000	0.0017480	0.0002021
805.000000	0.0330773	0.0042090
815.000000	0.0209076	0.0029583
825.000000	-0.0075556	0.0011765
835.000000	0.0152021	0.0030399
845.000000	-0.0465549	0.0108914
855.000000	-0.0124173	0.0042871
865.000000	-0.0548145	0.0213392
875.000000	0.0058012	0.0034970
885.000000	0.0050227	0.0064606
895.000000	-0.2165243	0.2584943
905.000000	-0.3727805	0.6713479
915.000000	0.1212549	0.4155866
925.000000	-36.7595893	1580.0032734
935.000000	0.3016298	59.0425500
945.000000	-0.7048445	306.6697301
955.000000	-917.3977471	2123853.5761177
965.000000	0.0000000	0.0000000
975.000000	0.0000000	0.0000000
985.000000	0.0000000	0.0000000
995.000000	0.0000000	0.0000000
