5.000000	0.0000000	0.0005900
15.000000	0.0000000	0.0005900
25.000000	0.0000000	0.0005900
35.000000	0.0000000	0.7145382
45.000000	0.0000000	0.1651835
55.000000	0.0000000	0.0013562
65.000000	0.0000000	0.0014773
75.000000	0.0000000	0.0012718
85.000000	0.0000000	0.0019281
95.000000	0.0000000	0.0109584
105.000000	0.0000000	0.0300441
115.000000	0.0000000	0.0031527
125.000000	0.0000000	0.0044787
135.000000	0.0000000	0.0058914
145.000000	0.0000000	0.0094330
155.000000	0.0000000	0.0067718
165.000000	0.0000000	0.0050881
175.000000	0.0000000	0.0058996
185.000000	0.0000000	0.0036915
195.000000	0.0000000	0.0036493
205.000000	0.0000000	0.0031110
215.000000	0.0000000	0.0029297
225.000000	0.0000000	0.0028606
235.000000	0.0000000	0.0026205
245.000000	0.0000000	0.0018640
255.000000	0.0000000	0.0017568
265.000000	0.0000000	0.0018038
275.000000	0.0000000	0.0015543
285.000000	0.0000000	0.0017932
295.000000	0.0000000	0.0019018
305.000000	0.0000000	0.0015817
315.000000	0.0000000	0.0015880
325.000000	0.0000000	0.0013003
335.000000	0.0000000	0.0013726
345.000000	0.0000000	0.0014818
355.000000	0.0000000	0.0014976
365.000000	0.0000000	0.0010052
375.000000	0.0000000	0.0008528
385.000000	0.0000000	0.0010498
395.000000	0.0000000	0.0008900
405.000000	0.0000000	0.0008210
415.000000	0.0000000	0.0009219
425.000000	0.0000000	0.0008162
435.000000	0.0000000	0.0009597
445.000000	0.0000000	0.0008990
455.000000	0.0000000	0.0008628
465.000000	0.0000000	0.0008236
475.000000	0.0000000	0.0006948
485.000000	0.0000000	0.0006433
495.000000	0.0000000	0.0007627
505.000000	0.0000000	0.0007792
515.000000	0.0000000	0.0008064
525.000000	0.0000000	0.0006945
535.000000	0.0000000	0.0008750
545.000000	0.0000000	0.0008787
555.000000	0.0000000	0.0009422
565.000000	0.0000000	0.0008168
575.000000	0.0000000	0.0012626
585.000000	0.0000000	0.0009381
595.000000	0.0000000	0.0012855
605.000000	0.0000000	0.0009113
615.000000	0.0000000	0.0014268
625.000000	0.0000000	0.0024819
635.000000	0.0000000	0.0006762
645.000000	0.0000000	0.0024132
655.000000	0.0000000	0.0007308
665.000000	0.0000000	0.0018028
675.000000	0.0000000	0.0028815
685.000000	0.0000000	0.0021810
695.000000	0.0000000	0.0021616
705.000000	0.0000000	0.0016046
715.000000	0.0000000	0.0021307
725.000000	0.0000000	0.0028594
735.000000	0.0000000	0.0028179
745.000000	0.0000000	0.0015014
755.000000	0.0000000	0.1061786
765.000000	0.0000000	0.3022405
775.000000	0.0000000	0.0246884
785.000000	0.0000000	0.0019569
795.000000	0.0000000	0.0128813
805.000000	0.0000000	0.0474248
815.000000	0.0000000	0.0422312
825.000000	0.0000000	25.1752965
835.000000	0.0000000	0.4395831
845.000000	0.0000000	0.0005900
855.000000	0.0000000	472.3391406
865.000000	0.0000000	0.0005900
875.000000	0.0000000	0.0005900
885.000000	0.0000000	0.0005900
895.000000	0.0000000	0.0005900
905.000000	0.0000000	0.0005900
915.000000	0.0000000	0.0005900
925.000000	0.0000000	0.0005900
935.000000	0.0000000	0.0005900
945.000000	0.0000000	0.0005900
955.000000	0.0000000	0.0005900
965.000000	0.0000000	0.0005900
975.000000	0.0000000	0.0005900
985.000000	0.0000000	0.0005900
995.000000	0.0000000	0.0005900
