5.000000	-0.0586993	0.0234797
15.000000	0.1824938	0.0729975
25.000000	0.0103429	1.3855853
35.000000	-0.0049507	0.0662576
45.000000	-0.0036488	0.0126025
55.000000	0.0010473	0.0062830
65.000000	0.0013579	0.0015010
75.000000	0.0025977	0.0019923
85.000000	0.0050932	0.0038735
95.000000	0.0095237	0.0048329
105.000000	0.0093320	0.0050274
115.000000	0.0124312	0.0072347
125.000000	0.0131010	0.0082448
135.000000	0.0216291	0.0105993
145.000000	0.0302958	0.0128341
155.000000	0.0284003	0.0123075
165.000000	0.0290779	0.0128837
175.000000	0.0295488	0.0126385
185.000000	0.0298158	0.0125916
195.000000	0.0300095	0.0126411
205.000000	0.0321628	0.0133682
215.000000	0.0282203	0.0118482
225.000000	0.0224225	0.0096090
235.000000	0.0252099	0.0105683
245.000000	0.0238386	0.0099284
255.000000	0.0220704	0.0093247
265.000000	0.0192047	0.0080727
275.000000	0.0201785	0.0083703
285.000000	0.0161527	0.0068982
295.000000	0.0141150	0.0061119
305.000000	0.0132490	0.0057381
315.000000	0.0139760	0.0059200
325.000000	0.0120753	0.0052004
335.000000	0.0116515	0.0053091
345.000000	0.0122858	0.0052582
355.000000	0.0087508	0.0040164
365.000000	0.0118840	0.0050507
375.000000	0.0089787	0.0040349
385.000000	0.0074082	0.0033677
395.000000	0.0084005	0.0037971
405.000000	0.0096230	0.0041167
415.000000	0.0085902	0.0038558
425.000000	0.0076761	0.0034568
435.000000	0.0074134	0.0033185
445.000000	0.0057054	0.0025681
455.000000	0.0064887	0.0028524
465.000000	0.0048491	0.0026067
475.000000	0.0042446	0.0024026
485.000000	0.0057018	0.0028231
495.000000	0.0053887	0.0026645
505.000000	0.0043301	0.0024362
515.000000	0.0048167	0.0024091
525.000000	0.0035778	0.0025498
535.000000	0.0038276	0.0031238
545.000000	0.0037265	0.0021952
555.000000	0.0048950	0.0025481
565.000000	0.0040367	0.0023604
575.000000	0.0029962	0.0021220
585.000000	0.0030320	0.0018031
595.000000	0.0004330	0.0263721
605.000000	0.0048741	0.0043300
615.000000	0.0023855	0.0030932
625.000000	0.0036596	0.0043534
635.000000	0.0031200	0.0029144
645.000000	0.0024028	0.0042519
655.000000	0.0045777	0.0024695
665.000000	0.0030434	0.0023241
675.000000	0.0042896	0.0073453
685.000000	0.0048391	0.0033816
695.000000	0.0032239	0.0060134
705.000000	0.0050631	0.0076854
715.000000	0.0061438	0.0072662
725.000000	0.0032863	0.0074361
735.000000	0.0017985	0.0028608
745.000000	0.0047316	0.0273973
755.000000	0.0072132	0.0141732
765.000000	0.0131073	0.0194067
775.000000	0.0017072	0.0017176
785.000000	0.0152597	0.0605766
795.000000	0.0153545	0.0605644
805.000000	0.0332882	0.5287644
815.000000	0.0068807	0.0891803
825.000000	0.0019290	0.0561164
835.000000	-0.0045853	0.8482303
845.000000	0.0116713	0.0046685
855.000000	0.0340511	0.0136204
865.000000	0.1360990	0.0544396
875.000000	0.1036158	0.0414463
885.000000	-0.0470735	0.0188294
895.000000	0.0559591	0.0223837
905.000000	1.0299349	0.4119740
915.000000	3.4627413	1.3850965
925.000000	-0.0851070	0.0340428
935.000000	0.1820706	0.0728282
945.000000	0.0000000	0.0000000
955.000000	0.0000000	0.0000000
965.000000	0.0000000	0.0000000
975.000000	0.0000000	0.0000000
985.000000	0.0000000	0.0000000
995.000000	0.0000000	0.0000000
