5.000000	0.0000000	0.0020000
15.000000	0.0000000	0.0020000
25.000000	-1.8464412	26649.2012997
35.000000	62.8903183	434.6414579
45.000000	6.6322376	90.7029355
55.000000	0.1731940	0.8429811
65.000000	2.8550949	35.4112880
75.000000	3.0064557	1.7320686
85.000000	0.5835894	0.2403553
95.000000	3.1479845	1.7958120
105.000000	0.7756456	0.5257771
115.000000	1.7081354	0.8619143
125.000000	0.9472017	0.3552434
135.000000	0.8438154	0.2437222
145.000000	0.7861868	0.2273545
155.000000	0.9552837	0.2862280
165.000000	0.4542880	0.1215646
175.000000	1.0225867	0.3152336
185.000000	0.6252902	0.1603784
195.000000	0.6987524	0.1717612
205.000000	0.6037494	0.1452611
215.000000	0.6598532	0.1685116
225.000000	0.5026637	0.1290570
235.000000	0.4515741	0.1136094
245.000000	0.3311164	0.0753200
255.000000	0.3268041	0.0743377
265.000000	0.3910713	0.0935354
275.000000	0.3619170	0.0857523
285.000000	0.2527543	0.0632703
295.000000	0.1077450	0.0314085
305.000000	0.4025711	0.1207503
315.000000	0.2818333	0.1013379
325.000000	0.3578738	0.0983383
335.000000	0.2618761	0.0740718
345.000000	0.2511839	0.0754269
355.000000	0.3193793	0.1170423
365.000000	0.2186538	0.0590787
375.000000	0.2780410	0.0660886
385.000000	0.3748567	0.1294333
395.000000	0.2544398	0.0939509
405.000000	0.2322508	0.0569748
415.000000	0.0381459	0.0460379
425.000000	0.1144936	0.0292287
435.000000	0.1161811	0.0309592
445.000000	0.1825715	0.0526491
455.000000	0.2730349	0.0963442
465.000000	0.2896218	0.0724215
475.000000	0.2133267	0.0725009
485.000000	0.4163500	0.3610547
495.000000	0.1953142	0.0603334
505.000000	0.3804314	0.1312285
515.000000	0.3954617	0.1719961
525.000000	0.1618486	0.0465114
535.000000	0.2231350	0.0810249
545.000000	0.0436604	0.0769328
555.000000	0.2450284	0.1601586
565.000000	0.1564046	0.0514539
575.000000	0.4108564	1.0018964
585.000000	0.3001073	0.2209419
595.000000	-0.0329211	0.0691947
605.000000	0.2684346	0.7659979
615.000000	0.8877019	0.4147028
625.000000	-0.4187306	0.1439060
635.000000	0.0853946	0.1087803
645.000000	-0.2493595	0.0732899
655.000000	1.3504150	10.5750071
665.000000	0.6010891	0.6290820
675.000000	0.2932889	0.1938222
685.000000	0.2748473	1.1106299
695.000000	0.2412533	0.3439766
705.000000	1.2907499	7.5232691
715.000000	-0.5005263	0.6161712
725.000000	0.0984400	0.1949652
735.000000	-1.3849832	4.5351755
745.000000	-0.1107170	0.6137165
755.000000	-0.6399252	2.1190155
765.000000	-0.3386386	0.3520776
775.000000	2.0569680	11.3293859
785.000000	1.2859662	11.8325837
795.000000	0.3841590	250.5107333
805.000000	-1.6674513	244.9044797
815.000000	-0.3867626	2.4379857
825.000000	2.3680027	1423.0966722
835.000000	-1.8382140	501173.8237183
845.000000	-2.6030438	57.3219216
855.000000	0.0000000	0.0020000
865.000000	-0.4467701	0.1787192
875.000000	0.0000000	0.0020000
885.000000	0.0000000	0.0020000
895.000000	0.0000000	0.0020000
905.000000	0.0000000	0.0020000
915.000000	0.0000000	0.0020000
925.000000	0.0000000	0.0020000
935.000000	0.0000000	0.0020000
945.000000	0.0000000	0.0020000
955.000000	0.0000000	0.0020000
965.000000	0.0000000	0.0020000
975.000000	0.0000000	0.0020000
985.000000	0.0000000	0.0020000
995.000000	0.0000000	0.0020000
