5.000000	0.0000000000	0.0000000000
15.000000	0.0000000000	0.0000000000
25.000000	0.0000000000	0.0000000000
35.000000	0.0000000000	0.0000000000
45.000000	0.0000000000	0.0000000000
55.000000	0.0000000000	0.0000000000
65.000000	0.0000000000	0.0000000000
75.000000	0.0000000000	0.0000000000
85.000000	0.0000000000	0.0000000000
95.000000	0.0000000000	0.0000000000
105.000000	0.0000000000	0.0000000000
115.000000	0.0000000000	0.0000000000
125.000000	0.0000000000	0.0000000000
135.000000	0.0000000000	0.0000000000
145.000000	0.0000000000	0.0000000000
155.000000	0.0000000000	0.0000000000
165.000000	0.0000000000	0.0000000000
175.000000	0.0000000000	0.0000000000
185.000000	0.0000000000	0.0000000000
195.000000	0.0000000000	0.0000000000
205.000000	0.0000000000	0.0000000000
215.000000	0.0000000000	0.0000000000
225.000000	0.0000000000	0.0000000000
235.000000	0.0000000000	0.0000000000
245.000000	0.0000000000	0.0000000000
255.000000	0.0000000000	0.0000000000
265.000000	0.0000000000	0.0000000000
275.000000	0.0000000000	0.0000000000
285.000000	0.0000000000	0.0000000000
295.000000	0.0000000000	0.0000000000
305.000000	0.0000000000	0.0000000000
315.000000	0.0000000000	0.0000000000
325.000000	0.0000000000	0.0000000000
335.000000	0.0000000000	0.0000000000
345.000000	0.0000000000	0.0000000000
355.000000	0.0000000000	0.0000000000
365.000000	0.0000000000	0.0000000000
375.000000	0.0000000000	0.0000000000
385.000000	0.0000000000	0.0000000000
395.000000	0.0000000000	0.0000000000
405.000000	0.0000000000	0.0000000000
415.000000	0.0000000000	0.0000000000
425.000000	0.0000000000	0.0000000000
435.000000	0.0000000000	0.0000000000
445.000000	0.0000000000	0.0000000000
455.000000	0.0000000000	0.0000000000
465.000000	0.0000000000	0.0000000000
475.000000	0.0000000000	0.0000000000
485.000000	0.0000000000	0.0000000000
495.000000	0.0000000000	0.0000000000
505.000000	0.0000000000	0.0000000000
515.000000	0.0000000000	0.0000000000
525.000000	0.0000000000	0.0000000000
535.000000	0.0000000000	0.0000000000
545.000000	0.0000000000	0.0000000000
555.000000	0.0000000000	0.0000000000
565.000000	0.0000000000	0.0000000000
575.000000	0.0000000000	0.0000000000
585.000000	0.0000000000	0.0000000000
595.000000	0.0000000000	0.0000000000
605.000000	0.0000000000	0.0000000000
615.000000	0.0000000000	0.0000000000
625.000000	0.0000000000	0.0000000000
635.000000	0.0000000000	0.0000000000
645.000000	0.0000000000	0.0000000000
655.000000	0.0000000000	0.0000000000
665.000000	0.0000000000	0.0000000000
675.000000	0.0000000000	0.0000000000
685.000000	0.0000000000	0.0000000000
695.000000	0.0000000000	0.0000000000
705.000000	0.0000000000	0.0000000000
715.000000	0.0000000000	0.0000000000
725.000000	0.0000000000	0.0000000000
735.000000	0.0000000000	0.0000000000
745.000000	0.0000000000	0.0000000000
755.000000	0.0000000000	0.0000000000
765.000000	0.0000000000	0.0000000000
775.000000	0.0000000000	0.0000000000
785.000000	0.0000000000	0.0000000000
795.000000	0.0000000000	0.0000000000
805.000000	0.0000000000	0.0000000000
815.000000	0.0000000000	0.0000000000
825.000000	0.0000000000	0.0000000000
835.000000	0.0000000000	0.0000000000
845.000000	0.0000000000	0.0000000000
855.000000	0.0000000000	0.0000000000
865.000000	0.0000000000	0.0000000000
875.000000	0.0000000000	0.0000000000
885.000000	0.0000000000	0.0000000000
895.000000	0.0000000000	0.0000000000
905.000000	0.0000000000	0.0000000000
915.000000	0.0000000000	0.0000000000
925.000000	0.0000000000	0.0000000000
935.000000	0.0000000000	0.0000000000
945.000000	nan	nan
955.000000	nan	nan
965.000000	nan	nan
975.000000	nan	nan
985.000000	nan	nan
995.000000	nan	nan
1005.000000	nan	nan
1015.000000	nan	nan
1025.000000	nan	nan
1035.000000	nan	nan
1045.000000	nan	nan
1055.000000	nan	nan
1065.000000	nan	nan
1075.000000	nan	nan
1085.000000	nan	nan
1095.000000	nan	nan
1105.000000	nan	nan
1115.000000	nan	nan
1125.000000	nan	nan
1135.000000	nan	nan
1145.000000	nan	nan
1155.000000	nan	nan
1165.000000	nan	nan
1175.000000	nan	nan
1185.000000	nan	nan
1195.000000	nan	nan
