5.000000	0.0000000000	0.0000000000
15.000000	0.0000000000	0.0000000000
25.000000	0.0000000000	0.0000000000
35.000000	-2.5596436543	0.6399109136
45.000000	-6.7154029548	1.6788507387
55.000000	-1.1892371363	0.2973092841
65.000000	-0.2342058113	0.0585514528
75.000000	0.3323858784	0.0830964696
85.000000	-0.2466869723	0.0616717431
95.000000	0.2753131486	0.0688282872
105.000000	0.3866436177	0.0966609044
115.000000	0.1404367234	0.0351091809
125.000000	0.1092260468	0.0273065117
135.000000	0.2221762478	0.0555440620
145.000000	0.2260171671	0.0565042918
155.000000	0.1954439759	0.0488609940
165.000000	0.0969466793	0.0242366698
175.000000	0.1702279891	0.0425569973
185.000000	0.1454506261	0.0363626565
195.000000	0.0548591208	0.0137147802
205.000000	0.1280842970	0.0320210743
215.000000	0.1404376521	0.0351094130
225.000000	0.1414848989	0.0353712247
235.000000	0.1667174001	0.0416793500
245.000000	0.0805525019	0.0201381255
255.000000	0.0614646980	0.0153661745
265.000000	0.0382167340	0.0095541835
275.000000	0.0434222292	0.0108555573
285.000000	0.0651734273	0.0162933568
295.000000	0.0059257582	0.0014814395
305.000000	0.0425320934	0.0106330233
315.000000	0.0696660458	0.0174165115
325.000000	0.0087191315	0.0021797829
335.000000	0.0552492524	0.0138123131
345.000000	0.0516608606	0.0129152152
355.000000	0.0386497860	0.0096624465
365.000000	-0.0034883543	0.0008720886
375.000000	0.0250857499	0.0062714375
385.000000	0.0381382029	0.0095345507
395.000000	0.0155035572	0.0038758893
405.000000	-0.0027620466	0.0006905116
415.000000	-0.0018487676	0.0004621919
425.000000	-0.0022058179	0.0005514545
435.000000	0.0148331480	0.0037082870
445.000000	0.0208995473	0.0052248868
455.000000	0.0547699022	0.0136924756
465.000000	0.0035190236	0.0008797559
475.000000	0.0132993259	0.0033248315
485.000000	0.0255610759	0.0063902690
495.000000	0.0616215115	0.0154053779
505.000000	0.0156790035	0.0039197509
515.000000	-0.0258116060	0.0064529015
525.000000	0.0877809189	0.0219452297
535.000000	0.0460729874	0.0115182469
545.000000	0.0281131936	0.0070282984
555.000000	0.0335347820	0.0083836955
565.000000	-0.0110334985	0.0027583746
575.000000	-0.0227434080	0.0056858520
585.000000	-0.0318374808	0.0079593702
595.000000	0.0157551474	0.0039387869
605.000000	0.0183948252	0.0045987063
615.000000	-0.0246595427	0.0061648857
625.000000	-0.0209917527	0.0052479382
635.000000	0.0651756642	0.0162939161
645.000000	0.0577089794	0.0144272448
655.000000	0.1063325375	0.0265831344
665.000000	0.0380336765	0.0095084191
675.000000	0.1876518138	0.0469129534
685.000000	-0.0451250058	0.0112812515
695.000000	-0.0137548548	0.0034387137
705.000000	0.0194551825	0.0048637956
715.000000	-0.0603210155	0.0150802539
725.000000	0.0029208819	0.0007302205
735.000000	0.7241213201	0.1810303300
745.000000	1.6503777928	0.4125944482
755.000000	-0.0189302077	0.0047325519
765.000000	-0.2926977471	0.0731744368
775.000000	-0.0799334723	0.0199833681
785.000000	-0.1864470391	0.0466117598
795.000000	-3.9542382892	0.9885595723
805.000000	-0.0582138593	0.0145534648
815.000000	0.0410538981	0.0102634745
825.000000	-2.9270431956	0.7317607989
835.000000	-0.2877049710	0.0719262427
845.000000	-1.2733637004	0.3183409251
855.000000	0.0000000000	0.0000000000
865.000000	-1.0000000000	0.2500000000
875.000000	0.0000000000	0.0000000000
885.000000	0.0000000000	0.0000000000
895.000000	0.0000000000	0.0000000000
905.000000	0.0000000000	0.0000000000
915.000000	0.0000000000	0.0000000000
925.000000	0.0000000000	0.0000000000
935.000000	0.0000000000	0.0000000000
945.000000	0.0000000000	0.0000000000
955.000000	0.0000000000	0.0000000000
965.000000	0.0000000000	0.0000000000
975.000000	0.0000000000	0.0000000000
985.000000	nan	nan
995.000000	0.0000000000	0.0000000000
1005.000000	nan	nan
1015.000000	nan	nan
1025.000000	nan	nan
1035.000000	nan	nan
1045.000000	nan	nan
1055.000000	nan	nan
1065.000000	nan	nan
1075.000000	nan	nan
1085.000000	nan	nan
1095.000000	nan	nan
1105.000000	nan	nan
1115.000000	nan	nan
1125.000000	nan	nan
1135.000000	nan	nan
1145.000000	nan	nan
1155.000000	nan	nan
1165.000000	nan	nan
1175.000000	nan	nan
1185.000000	nan	nan
1195.000000	nan	nan
