5.000000	0.0000000000	0.0000000000
15.000000	-8.6071460295	2.1517865074
25.000000	-0.7227016880	0.1806754220
35.000000	-11.4694943290	2.8673735823
45.000000	-6.7065689234	1.6766422308
55.000000	2.5579878835	0.6394969709
65.000000	-15.4791245971	3.8697811493
75.000000	1.8211949114	0.4552987279
85.000000	0.2390862673	0.0597715668
95.000000	2.6016023648	0.6504005912
105.000000	1.0990734228	0.2747683557
115.000000	0.3673536346	0.0918384086
125.000000	0.4037035791	0.1009258948
135.000000	0.2324907457	0.0581226864
145.000000	0.3061658580	0.0765414645
155.000000	0.4101681598	0.1025420400
165.000000	0.1679087007	0.0419771752
175.000000	0.2029648083	0.0507412021
185.000000	0.2371936730	0.0592984182
195.000000	0.1222031868	0.0305507967
205.000000	0.2413075479	0.0603268870
215.000000	0.0795591551	0.0198897888
225.000000	0.1848921628	0.0462230407
235.000000	0.2225566269	0.0556391567
245.000000	0.1638647790	0.0409661948
255.000000	0.1901319199	0.0475329800
265.000000	0.2562044324	0.0640511081
275.000000	0.1198967829	0.0299741957
285.000000	0.1825340071	0.0456335018
295.000000	0.0997766237	0.0249441559
305.000000	0.1609830164	0.0402457541
315.000000	0.2555092862	0.0638773215
325.000000	0.1583506648	0.0395876662
335.000000	0.1012983457	0.0253245864
345.000000	0.2098720083	0.0524680021
355.000000	0.2071808274	0.0517952069
365.000000	0.0907839430	0.0226959858
375.000000	0.1342101666	0.0335525416
385.000000	0.1217640017	0.0304410004
395.000000	0.1457690547	0.0364422637
405.000000	0.0999980056	0.0249995014
415.000000	0.1072930557	0.0268232639
425.000000	0.0848286958	0.0212071740
435.000000	0.1142028261	0.0285507065
445.000000	0.1863189666	0.0465797417
455.000000	0.0746303325	0.0186575831
465.000000	0.1706276932	0.0426569233
475.000000	0.1980635816	0.0495158954
485.000000	0.1313497823	0.0328374456
495.000000	0.1458385325	0.0364596331
505.000000	0.1093022047	0.0273255512
515.000000	0.0070988740	0.0017747185
525.000000	0.0025282852	0.0006320713
535.000000	-0.0331556551	0.0082889138
545.000000	0.0539753649	0.0134938412
555.000000	-0.0492568253	0.0123142063
565.000000	-0.0613423462	0.0153355865
575.000000	0.1108196350	0.0277049088
585.000000	-0.0012441226	0.0003110306
595.000000	-0.1690715681	0.0422678920
605.000000	0.1174639625	0.0293659906
615.000000	0.1614981979	0.0403745495
625.000000	-0.0291390083	0.0072847521
635.000000	0.1583636684	0.0395909171
645.000000	0.0969402776	0.0242350694
655.000000	0.0990507840	0.0247626960
665.000000	0.3144111985	0.0786027996
675.000000	0.1307656759	0.0326914190
685.000000	0.5860239120	0.1465059780
695.000000	-0.2040331502	0.0510082875
705.000000	0.0155511156	0.0038877789
715.000000	-0.2501220624	0.0625305156
725.000000	0.0862551188	0.0215637797
735.000000	-0.0143224522	0.0035806130
745.000000	0.0389116334	0.0097279084
755.000000	-0.3370027744	0.0842506936
765.000000	0.1392409681	0.0348102420
775.000000	2.8034251838	0.7008562959
785.000000	-0.1938655842	0.0484663961
795.000000	0.6528898969	0.1632224742
805.000000	0.2539063300	0.0634765825
815.000000	-0.0848209716	0.0212052429
825.000000	-4.5184853906	1.1296213476
835.000000	-1.8761762293	0.4690440573
845.000000	-0.5398857593	0.1349714398
855.000000	0.3244805662	0.0811201416
865.000000	-0.5294353608	0.1323588402
875.000000	0.0000000000	0.0000000000
885.000000	0.0000000000	0.0000000000
895.000000	0.0000000000	0.0000000000
905.000000	0.0000000000	0.0000000000
915.000000	0.0000000000	0.0000000000
925.000000	0.0000000000	0.0000000000
935.000000	0.0000000000	0.0000000000
945.000000	0.0000000000	0.0000000000
955.000000	0.0000000000	0.0000000000
965.000000	nan	nan
975.000000	0.0000000000	0.0000000000
985.000000	nan	nan
995.000000	0.0000000000	0.0000000000
1005.000000	0.0000000000	0.0000000000
1015.000000	0.0000000000	0.0000000000
1025.000000	nan	nan
1035.000000	nan	nan
1045.000000	nan	nan
1055.000000	nan	nan
1065.000000	nan	nan
1075.000000	nan	nan
1085.000000	nan	nan
1095.000000	nan	nan
1105.000000	nan	nan
1115.000000	nan	nan
1125.000000	nan	nan
1135.000000	nan	nan
1145.000000	nan	nan
1155.000000	nan	nan
1165.000000	nan	nan
1175.000000	nan	nan
1185.000000	nan	nan
1195.000000	nan	nan
