5.000000	0.0019561213	0.0004890303
15.000000	-0.0348631210	0.0087157802
25.000000	0.0062330568	0.0015582642
35.000000	0.0081555294	0.0020388823
45.000000	0.0017986277	0.0004496569
55.000000	0.0001578466	0.0000394617
65.000000	0.0002879189	0.0000719797
75.000000	0.0003897413	0.0000974353
85.000000	0.0008108223	0.0002027056
95.000000	-0.0004185208	0.0001046302
105.000000	0.0017452448	0.0004363112
115.000000	0.0024839804	0.0006209951
125.000000	0.0047850511	0.0011962628
135.000000	0.0045513544	0.0011378386
145.000000	0.0037522154	0.0009380539
155.000000	0.0049583429	0.0012395857
165.000000	0.0047270536	0.0011817634
175.000000	0.0050568578	0.0012642144
185.000000	0.0042211038	0.0010552760
195.000000	0.0051159762	0.0012789941
205.000000	0.0029678344	0.0007419586
215.000000	0.0039269921	0.0009817480
225.000000	0.0025663469	0.0006415867
235.000000	0.0026913747	0.0006728437
245.000000	0.0028426742	0.0007106685
255.000000	0.0032524882	0.0008131220
265.000000	0.0015690511	0.0003922628
275.000000	0.0018639803	0.0004659951
285.000000	0.0017830433	0.0004457608
295.000000	0.0021793783	0.0005448446
305.000000	0.0019173593	0.0004793398
315.000000	0.0009679036	0.0002419759
325.000000	0.0015679591	0.0003919898
335.000000	0.0025660873	0.0006415218
345.000000	0.0011727607	0.0002931902
355.000000	0.0018777999	0.0004694500
365.000000	0.0014079401	0.0003519850
375.000000	0.0019292278	0.0004823070
385.000000	0.0011127250	0.0002781812
395.000000	0.0013293340	0.0003323335
405.000000	0.0011075424	0.0002768856
415.000000	0.0014103653	0.0003525913
425.000000	0.0009474824	0.0002368706
435.000000	0.0009505703	0.0002376426
445.000000	-0.0000165512	0.0000041378
455.000000	0.0007508994	0.0001877249
465.000000	0.0015322622	0.0003830655
475.000000	0.0009548596	0.0002387149
485.000000	0.0013594824	0.0003398706
495.000000	0.0007635125	0.0001908781
505.000000	0.0006371591	0.0001592898
515.000000	0.0005210259	0.0001302565
525.000000	0.0011431261	0.0002857815
535.000000	0.0012872302	0.0003218075
545.000000	0.0006631244	0.0001657811
555.000000	0.0007959126	0.0001989782
565.000000	0.0003642324	0.0000910581
575.000000	0.0004664762	0.0001166190
585.000000	0.0008925308	0.0002231327
595.000000	0.0008057529	0.0002014382
605.000000	0.0005923874	0.0001480969
615.000000	0.0009500543	0.0002375136
625.000000	0.0006602924	0.0001650731
635.000000	0.0011703883	0.0002925971
645.000000	0.0004949000	0.0001237250
655.000000	-0.0009249152	0.0002312288
665.000000	0.0001168380	0.0000292095
675.000000	0.0001279100	0.0000319775
685.000000	-0.0000082325	0.0000020581
695.000000	0.0011311640	0.0002827910
705.000000	0.0014647365	0.0003661841
715.000000	-0.0003618556	0.0000904639
725.000000	0.0010314870	0.0002578718
735.000000	-0.0010199752	0.0002549938
745.000000	0.0000646068	0.0000161517
755.000000	-0.0010833861	0.0002708465
765.000000	0.0053995589	0.0013498897
775.000000	0.0027554477	0.0006888619
785.000000	0.0037478159	0.0009369540
795.000000	-0.0071678370	0.0017919592
805.000000	-0.0001370567	0.0000342642
815.000000	-0.0045903450	0.0011475863
825.000000	0.0001494578	0.0000373645
835.000000	-0.0183390634	0.0045847659
845.000000	-0.0005351945	0.0001337986
855.000000	0.0027557302	0.0006889326
865.000000	0.0428458386	0.0107114596
875.000000	-0.0155866885	0.0038966721
885.000000	0.4990312313	0.1247578078
895.000000	-0.0116042647	0.0029010662
905.000000	0.2998438431	0.0749609608
915.000000	0.0260137529	0.0065034382
925.000000	0.0000000000	0.0000000000
935.000000	0.0640285414	0.0160071353
945.000000	0.0000000000	0.0000000000
955.000000	0.0000000000	0.0000000000
965.000000	0.0000000000	0.0000000000
975.000000	0.0000000000	0.0000000000
985.000000	0.0000000000	0.0000000000
995.000000	0.0000000000	0.0000000000
1005.000000	0.0000000000	0.0000000000
1015.000000	0.0000000000	0.0000000000
1025.000000	0.0000000000	0.0000000000
1035.000000	0.0000000000	0.0000000000
1045.000000	0.0000000000	0.0000000000
1055.000000	0.0000000000	0.0000000000
1065.000000	0.0000000000	0.0000000000
1075.000000	0.0000000000	0.0000000000
1085.000000	nan	nan
1095.000000	nan	nan
1105.000000	0.0000000000	0.0000000000
1115.000000	nan	nan
1125.000000	nan	nan
1135.000000	nan	nan
1145.000000	nan	nan
1155.000000	0.0000000000	0.0000000000
1165.000000	nan	nan
1175.000000	nan	nan
1185.000000	0.0000000000	0.0000000000
1195.000000	nan	nan
