5	1	1
15	1	1
25	1	1
35	-0.091387	0.0137967
45	94.6515	3111.78
55	0.727687	0.0587041
65	0.818767	0.0329163
75	0.93588	0.0270524
85	0.998307	0.025113
95	0.987546	0.0219751
105	0.994832	0.0206164
115	0.950213	0.0176914
125	0.9842	0.0180299
135	1.00844	0.0180821
145	0.991052	0.0167761
155	1.00335	0.0165578
165	0.985633	0.0154616
175	1.02039	0.0160796
185	0.974202	0.0142732
195	0.969452	0.0137943
205	0.991882	0.0141314
215	1.00845	0.0143335
225	0.983377	0.0133865
235	0.974609	0.0129527
245	0.997861	0.0133995
255	0.990513	0.0130503
265	1.00083	0.0131906
275	0.995219	0.0129387
285	0.977871	0.0123918
295	1.00375	0.0129872
305	0.995548	0.0127214
315	1.00711	0.0129786
325	0.982807	0.0123346
335	0.991208	0.0125389
345	1.00632	0.0129312
355	0.984571	0.0124059
365	0.981072	0.0123511
375	0.989773	0.0126231
385	1.00062	0.0129676
395	0.984248	0.0126252
405	0.960592	0.0121172
415	0.984581	0.0128382
425	0.991637	0.0131566
435	0.990425	0.0132607
445	0.98405	0.0132631
455	0.966923	0.0129762
465	0.976428	0.013423
475	0.98375	0.0138416
485	0.977748	0.0139172
495	0.971248	0.013992
505	0.97601	0.0144194
515	0.97862	0.0148089
525	1.00127	0.0158781
535	0.981287	0.0156408
545	0.992395	0.0164343
555	0.975326	0.0163263
565	0.987896	0.0172967
575	0.971669	0.0172871
585	0.998804	0.0189325
595	0.980076	0.0189373
605	0.965026	0.0191241
615	0.991077	0.0210537
625	0.978443	0.021528
635	0.967803	0.0221789
645	0.937187	0.0219025
655	0.959972	0.0243887
665	0.962297	0.0260927
675	0.972324	0.0285202
685	0.958297	0.0298122
695	0.970305	0.0331393
705	1.02037	0.039907
715	0.91064	0.0350647
725	0.883255	0.0365348
735	0.9868	0.0510992
745	0.97098	0.0560341
755	1.06224	0.0768651
765	1.01639	0.0811908
775	0.876385	0.070958
785	1.13038	0.140583
795	0.862124	0.099236
805	1.03695	0.174585
815	0.781196	0.124516
825	0.932329	0.223167
835	1.03634	0.359212
845	4.30689	8.05055
855	20.1575	244.07
865	0.896227	0.661605
875	0.650029	0.465672
885	5.076	42.9827
895	0.615057	1.0048
905	1	1
915	1	1
925	1	1
935	1	1
945	1	1
955	1	1
965	1	1
975	1	1
985	1	1
995	1	1
1005	1	1
1015	1	1
1025	1	1
1035	1	1
1045	1	1
1055	1	1
1065	1	1
1075	1	1
1085	1	1
1095	1	1
1105	1	1
1115	1	1
1125	1	1
1135	1	1
1145	1	1
1155	1	1
1165	1	1
1175	1	1
1185	1	1
1195	1	1
