5	1	1
15	1	1
25	0.167224	0.164412
35	0.202993	0.0341265
45	0.347282	0.0273957
55	0.663013	0.0384663
65	0.896546	0.0358405
75	0.937333	0.0263299
85	1.00984	0.025461
95	0.965317	0.0208803
105	0.951246	0.0187503
115	1.0128	0.0199505
125	1.00389	0.0185526
135	1.03686	0.0188592
145	0.995613	0.01665
155	1.03273	0.0172354
165	1.01932	0.0162316
175	1.00531	0.0153243
185	1.01355	0.0151691
195	1.0059	0.014588
205	1.04235	0.0153403
215	1.01304	0.0142132
225	1.01019	0.0139095
235	1.02987	0.0142543
245	1.00582	0.013429
255	1.01132	0.0134297
265	0.993076	0.0128325
275	1.05365	0.014324
285	1.01827	0.0132991
295	1.02566	0.0134241
305	1.03897	0.0137268
315	1.01839	0.0131539
325	1.04452	0.0138225
335	0.984924	0.0122832
345	1.00852	0.0128944
355	1.00278	0.0127744
365	1.01326	0.0130895
375	0.995583	0.0127024
385	0.980532	0.0123849
395	1.01377	0.0133244
405	0.993374	0.012897
415	1.00723	0.0133709
425	1.00137	0.0133628
435	1.00313	0.0135497
445	1.00478	0.0137626
455	0.993726	0.0136478
465	0.993714	0.0138537
475	1.00116	0.0142915
485	0.994065	0.0143497
495	0.99402	0.0146196
505	1.00193	0.0151627
515	0.992329	0.0151998
525	0.978275	0.0151245
535	1.0005	0.0162277
545	0.974198	0.015801
555	1.00928	0.0174621
565	0.986834	0.0172166
575	1.00974	0.0186376
585	1.00723	0.0191938
595	0.994879	0.0194372
605	1.01403	0.0210787
615	0.965908	0.0199269
625	0.99235	0.0220594
635	0.996607	0.0233642
645	1.01874	0.0257746
655	0.946872	0.0235763
665	0.980484	0.0268707
675	0.95602	0.0273363
685	0.930213	0.0277743
695	1.01331	0.0356187
705	0.968881	0.0352958
715	0.993855	0.0407544
725	0.928718	0.0391582
735	0.992857	0.0495317
745	0.872009	0.0429166
755	1.07432	0.0736002
765	1.02219	0.0759535
775	0.858962	0.0614883
785	1.08027	0.113544
795	0.788576	0.0711465
805	1.00106	0.135829
815	1.03795	0.175814
825	0.994084	0.196638
835	0.845551	0.173561
845	0.638072	0.124242
855	0.942691	0.340319
865	0.684058	0.224893
875	-18.3102	213.229
885	0.844783	0.593665
895	1.15317	1.43103
905	3.91242	26.0475
915	-0.850977	1.53569
925	0.344399	0.32087
935	1	1
945	1	1
955	1	1
965	1	1
975	1	1
985	1	1
995	1	1
1005	1	1
1015	1	1
1025	1	1
1035	1	1
1045	1	1
1055	1	1
1065	1	1
1075	1	1
1085	1	1
1095	1	1
1105	1	1
1115	1	1
1125	1	1
1135	1	1
1145	1	1
1155	1	1
1165	1	1
1175	1	1
1185	1	1
1195	1	1
