5	1	1
15	1	1
25	1	1
35	1	1
45	1	1
55	1	1
65	1	1
75	1	1
85	-0.568115	0.776761
95	1.53205	2.19567
105	2.85337	3.8456
115	4.72246	6.17206
125	2.56523	1.26022
135	7.81779	9.00761
145	2.15447	0.567941
155	2.11998	0.490055
165	2.20095	0.488981
175	3.75846	1.34691
185	3.90484	1.40772
195	10.7117	10.3814
205	2.95251	0.782664
215	4.54644	1.85018
225	-41.0757	150.823
235	3.70854	1.23996
245	9.97623	9.1132
255	3.84421	1.37153
265	-14.2704	19.2991
275	5.02691	2.42045
285	64.8028	412.73
295	-9.89958	9.80598
305	7.63259	5.9804
315	3.48582	1.2741
325	79.9752	689.383
335	152.571	2581.69
345	7.7917	6.83375
355	19.7962	45.4566
365	70.0665	582.889
375	21.0289	53.9889
385	-4.38806	2.40811
395	-5.3656	3.71196
405	-9.83466	12.8393
415	195.955	5262.14
425	-15.0305	31.6533
435	-8.27404	9.86497
445	-16.0123	38.3131
455	49.7749	381.201
465	-2.91236	1.34245
475	-4.37608	3.15259
485	-2.09263	0.740122
495	-5.70759	5.65568
505	-11.1046	22.3617
515	-2.66688	1.33779
525	5.53511	5.97396
535	-11.2805	25.6053
545	-3.41512	2.45693
555	-5.85881	7.50081
565	540.671	66098.5
575	1.97653	0.930394
585	-3.29417	2.69737
595	-15.7084	64.0047
605	-2.0952	1.19389
615	-8.099	18.9606
625	-90.7631	2483.88
635	2.76116	2.42468
645	-1.62831	0.887459
655	-7.39972	19.3965
665	11.7629	53.2525
675	4.0478	6.71391
685	2.76435	3.35564
695	2.05817	1.93565
705	-1.86252	1.72834
715	2.89168	4.51026
725	-7.76407	35.3015
735	-3.67991	8.68766
745	10.6851	81.3615
755	-0.76126	0.460487
765	7.04498	42.7103
775	5.42977	28.2841
785	1.28965	1.78878
795	0.479232	0.302502
805	-1.38527	2.71872
815	-0.384986	0.27967
825	-0.357523	0.246901
835	0.37486	0.308886
845	1	1
855	1	1
865	1	1
875	1	1
885	1	1
895	1	1
905	1	1
915	1	1
925	1	1
935	1	1
945	1	1
955	1	1
965	1	1
975	1	1
985	1	1
995	1	1
1005	1	1
1015	1	1
1025	1	1
1035	1	1
1045	1	1
1055	1	1
1065	1	1
1075	1	1
1085	1	1
1095	1	1
1105	1	1
1115	1	1
1125	1	1
1135	1	1
1145	1	1
1155	1	1
1165	1	1
1175	1	1
1185	1	1
1195	1	1
