5	1	1
15	1	1
25	0.222209	0.239124
35	2.01597	3.29799
45	0.801759	0.148395
55	0.60021	0.0287307
65	0.738447	0.0215883
75	0.84781	0.0205887
85	0.9276	0.021122
95	0.939861	0.0196596
105	0.952853	0.0187518
115	0.965343	0.0181414
125	0.995309	0.0183262
135	0.961736	0.0163824
145	0.972438	0.0160931
155	0.989089	0.0160717
165	1.00191	0.015974
175	0.979022	0.0148365
185	1.00001	0.0150895
195	0.993312	0.0145483
205	0.973474	0.0136919
215	0.992055	0.0139742
225	0.983262	0.0135025
235	0.957319	0.0126222
245	0.985097	0.0131999
255	0.978544	0.012883
265	0.99465	0.0131938
275	0.997393	0.0131509
285	1.01103	0.0134326
295	0.991014	0.0128406
305	1.00035	0.0130383
315	0.978863	0.0124471
325	0.973924	0.0123063
335	0.998271	0.0129277
345	1.00041	0.0130006
355	0.98628	0.0126607
365	0.996628	0.0129811
375	0.988493	0.0128232
385	1.00427	0.0133006
395	0.966142	0.0123924
405	0.986465	0.0130245
415	0.975521	0.0128435
425	0.992786	0.0134377
435	0.985317	0.0133849
445	0.993594	0.0137913
455	0.98886	0.0138353
465	0.999208	0.0143433
475	0.953608	0.0132723
485	0.972184	0.0140414
495	0.967055	0.0141549
505	0.987557	0.015084
515	0.998144	0.015737
525	0.969899	0.0152233
535	0.957704	0.0152089
545	0.971478	0.0160663
555	1.0062	0.0177459
565	0.974862	0.017172
575	0.991828	0.0183878
585	0.999154	0.019319
595	0.99207	0.0197736
605	0.990436	0.0205251
615	0.978244	0.020896
625	0.980951	0.0220062
635	0.934239	0.020953
645	0.996176	0.0251379
655	0.950472	0.0241944
665	0.943505	0.0253269
675	0.952296	0.0275764
685	0.947124	0.0292708
695	0.979142	0.0336953
705	0.953217	0.034663
715	0.952843	0.0378717
725	0.93269	0.0399073
735	0.903803	0.0415032
745	0.899965	0.0459426
755	0.936532	0.0559848
765	0.883413	0.0564209
775	0.854026	0.0604523
785	1.09226	0.114664
795	1.00689	0.113744
805	1.08643	0.15721
815	0.80373	0.102494
825	1.13364	0.249344
835	1.60717	0.609936
845	0.781965	0.177441
855	0.82944	0.257198
865	0.947312	0.415039
875	0.868999	0.447172
885	0.576878	0.262142
895	-0.837965	0.754244
905	2.59846	11.1437
915	1	1
925	1	1
935	1	1
945	1	1
955	1	1
965	1	1
975	1	1
985	1	1
995	1	1
1005	1	1
1015	1	1
1025	1	1
1035	1	1
1045	1	1
1055	1	1
1065	1	1
1075	1	1
1085	1	1
1095	1	1
1105	1	1
1115	1	1
1125	1	1
1135	1	1
1145	1	1
1155	1	1
1165	1	1
1175	1	1
1185	1	1
1195	1	1
