5	1	1
15	1	1
25	1	1
35	0.203384	0.121352
45	-13.9761	104.428
55	1.01842	0.137261
65	0.933594	0.0453481
75	1.03056	0.0332574
85	0.964984	0.0234426
95	0.957292	0.020514
105	1.02279	0.0216287
115	1.02902	0.020597
125	0.989812	0.0181162
135	0.992919	0.0174252
145	0.986684	0.0165332
155	1.0037	0.0165026
165	0.99212	0.0156008
175	1.01748	0.0159319
185	1.00295	0.0150764
195	0.990839	0.0143628
205	1.00574	0.0144872
215	1.00799	0.0142813
225	0.994817	0.0136765
235	0.998326	0.0135671
245	1.00087	0.0134585
255	1.0075	0.0134769
265	1.00136	0.013189
275	1.01289	0.0133871
285	1.00497	0.0130763
295	1.01126	0.0131677
305	0.992905	0.0126427
315	1.00713	0.0129664
325	1.01401	0.0131179
335	1.00098	0.0127844
345	1.01199	0.0130724
355	0.995603	0.0126878
365	0.983576	0.0124086
375	0.989852	0.0126182
385	0.981577	0.0124828
395	0.997777	0.0129822
405	0.988474	0.01284
415	1.01005	0.0135144
425	0.987054	0.0130368
435	0.995602	0.013414
445	1.01061	0.0139902
455	1.01062	0.0141856
465	0.991675	0.0138538
475	0.996318	0.0142084
485	1.00066	0.014594
495	0.980119	0.0142616
505	0.972828	0.0143362
515	1.00252	0.0155736
525	0.993332	0.0156404
535	0.99399	0.0160791
545	1.00752	0.016956
555	1.01495	0.017708
565	0.986249	0.0172581
575	1.00371	0.0184451
585	0.988518	0.01854
595	0.96517	0.0183546
605	0.948531	0.018479
615	0.995162	0.021213
625	0.966843	0.0209712
635	0.984082	0.0228033
645	1.01736	0.0257534
655	0.99127	0.0258183
665	0.967167	0.0261623
675	0.94248	0.0265229
685	0.967391	0.0300063
695	0.979108	0.0331541
705	1.04582	0.0410981
715	0.969017	0.0385635
725	0.940922	0.0399243
735	1.02024	0.0521509
745	1.0053	0.0568436
755	0.99889	0.062973
765	1.02129	0.0753342
775	0.937467	0.0729885
785	0.872675	0.0740594
795	0.833994	0.0790148
805	0.876661	0.104986
815	1.15298	0.218748
825	1.0631	0.226538
835	0.740722	0.136194
845	0.985934	0.297178
855	1.0647	0.429401
865	1.34951	0.918105
875	0.437973	0.12658
885	0.587678	0.289868
895	0.601202	0.462666
905	-0.415884	0.274273
915	4.40259	49.9686
925	-3.37523	29.4232
935	1	1
945	1	1
955	1	1
965	1	1
975	1	1
985	1	1
995	1	1
1005	1	1
1015	1	1
1025	1	1
1035	1	1
1045	1	1
1055	1	1
1065	1	1
1075	1	1
1085	1	1
1095	1	1
1105	1	1
1115	1	1
1125	1	1
1135	1	1
1145	1	1
1155	1	1
1165	1	1
1175	1	1
1185	1	1
1195	1	1
