5	1	1
15	1	1
25	1	1
35	1	1
45	1	1
55	1	1
65	0.879372	2.85344
75	-1.2237	2.62306
85	32.6555	974.931
95	-1.55473	1.2635
105	-5.00858	7.66824
115	-2.48118	1.23046
125	-13.0089	24.2942
135	-14.5649	23.9419
145	-34.4234	112.832
155	-15.8726	21.8125
165	-47.1416	180.943
175	-25.7056	51.5471
185	39.3023	117.59
195	-7.71883	4.48578
205	-5.74984	2.47624
215	-13.1871	13.0283
225	41.6262	130.67
235	-8.69409	5.75556
245	10.3191	8.19833
255	-15.9853	20.0965
265	12.859	13.2196
275	6.45558	3.39586
285	-165.224	2259.4
295	7.44937	4.70505
305	7.0592	4.33256
315	5.1098	2.31488
325	6.38407	3.70873
335	4.47492	1.86321
345	5.72807	3.13945
355	3.55206	1.23843
365	-1156.3	134833
375	6.25486	4.03393
385	3.62786	1.40124
395	3.72682	1.51759
405	4.85847	2.64841
415	2.32029	0.621935
425	2.72818	0.884994
435	3.25644	1.3035
445	2.4416	0.757655
455	2.1355	0.593597
465	3.16078	1.34101
475	8.79061	10.7501
485	4.62285	3.06084
495	2.47289	0.908941
505	5.02579	3.90402
515	3.5291	2.00892
525	2.42	0.97384
535	2.41659	1.00416
545	9.60658	16.6014
555	6.40924	7.7368
565	3.13604	1.91104
575	2.0537	0.858484
585	2.409	1.24711
595	29.6455	197.413
605	3.33089	2.64925
615	2.13533	1.13702
625	2.60798	1.79112
635	2.2712	1.42593
645	2.26967	1.48677
655	-49.1233	752.123
665	4.6983	7.37226
675	2.20511	1.69638
685	-2.84728	3.06255
695	4.00402	6.57607
705	12.3612	67.0337
715	3.59494	6.18065
725	-3.23968	5.44286
735	70.466	2895.98
745	0.942875	0.55936
755	7.08307	34.9716
765	1.69428	2.21964
775	-0.90289	0.717803
785	6.84994	46.9068
795	-3.5715	14.6223
805	1.47282	2.69697
815	-0.923146	1.30483
825	0.28471	0.122986
835	6.58752	88.9072
845	-0.719715	1.27383
855	1	1
865	1	1
875	1	1
885	1	1
895	1	1
905	1	1
915	1	1
925	1	1
935	1	1
945	1	1
955	1	1
965	1	1
975	1	1
985	1	1
995	1	1
1005	1	1
1015	1	1
1025	1	1
1035	1	1
1045	1	1
1055	1	1
1065	1	1
1075	1	1
1085	1	1
1095	1	1
1105	1	1
1115	1	1
1125	1	1
1135	1	1
1145	1	1
1155	1	1
1165	1	1
1175	1	1
1185	1	1
1195	1	1
