5	0.115539	0.0819568
15	1	1
25	0.572505	1.81481
35	0.166875	0.0291398
45	0.245072	0.0164381
55	0.382421	0.0145875
65	0.543817	0.0140713
75	0.75199	0.0173881
85	0.86828	0.0189902
95	0.979586	0.0216012
105	0.959112	0.0191092
115	1.00678	0.0197513
125	0.98921	0.0180387
135	1.02301	0.0183746
145	1.01129	0.0171934
155	1.00028	0.0161822
165	1.02847	0.0165496
175	1.01412	0.0156067
185	1.01147	0.015119
195	1.02864	0.0152691
205	1.01685	0.0146086
215	0.994801	0.0137222
225	1.02504	0.0143238
235	1.02952	0.0142498
245	1.01376	0.0136476
255	1.01648	0.0135791
265	0.99692	0.0129418
275	1.00481	0.013036
285	1.03024	0.013624
295	1.01476	0.0131534
305	1.02523	0.0133767
315	1.02794	0.0134064
325	1.01509	0.0130651
335	1.01053	0.0129465
345	0.998111	0.012636
355	1.01013	0.0129759
365	1.00637	0.012924
375	0.975723	0.0122045
385	0.992133	0.0126833
395	1.00479	0.013101
405	0.997151	0.0130049
415	1.01805	0.0136737
425	0.990039	0.0130706
435	0.979716	0.0129328
445	0.986413	0.0132799
455	0.989158	0.013536
465	0.997443	0.0139788
475	0.977457	0.013636
485	0.99193	0.0142939
495	0.984806	0.0143491
505	1.00575	0.0152929
515	0.992511	0.0152147
525	0.958383	0.0145208
535	1.01071	0.0165652
545	1.00004	0.0166786
555	1.0046	0.0173005
565	1.04027	0.0191548
575	1.00293	0.0183955
585	0.980284	0.0182155
595	1.01028	0.0200857
605	0.97912	0.0196389
615	0.991915	0.0210471
625	0.97003	0.0210841
635	0.96491	0.0219074
645	0.989592	0.0243041
655	0.996794	0.0261467
665	0.97608	0.0266445
675	0.952949	0.0271484
685	0.985124	0.031139
695	0.909531	0.0286839
705	0.942846	0.0333934
715	0.933671	0.0358958
725	0.98236	0.0437744
735	0.95019	0.0454361
745	0.970716	0.0531169
755	0.920809	0.0538138
765	1.06077	0.0817974
775	1.03078	0.0882498
785	0.999698	0.0968554
795	1.06391	0.127813
805	1.07339	0.154446
815	0.857613	0.118871
825	0.893943	0.157223
835	1.14775	0.318472
845	1.09296	0.356108
855	1.25329	0.589585
865	1.08674	0.569519
875	0.693086	0.304765
885	0.738927	0.43744
895	2.4479	6.79706
905	-0.798374	0.96761
915	0.400427	0.342863
925	1	1
935	1	1
945	1	1
955	1	1
965	1	1
975	1	1
985	1	1
995	1	1
1005	1	1
1015	1	1
1025	1	1
1035	1	1
1045	1	1
1055	1	1
1065	1	1
1075	1	1
1085	1	1
1095	1	1
1105	1	1
1115	1	1
1125	1	1
1135	1	1
1145	1	1
1155	1	1
1165	1	1
1175	1	1
1185	1	1
1195	1	1
