5	1	1
15	1	1
25	0.145466	0.102451
35	0.135172	0.0216048
45	0.348619	0.039332
55	0.563804	0.0346391
65	0.688777	0.0229924
75	0.870076	0.0229785
85	1.03757	0.0265713
95	0.984615	0.021338
105	0.957559	0.0186479
115	1.00792	0.0193953
125	0.990093	0.0177233
135	1.008	0.0174874
145	1.01501	0.0169752
155	1.04911	0.017442
165	1.0411	0.0166153
175	1.02116	0.0155164
185	1.04417	0.0157812
195	1.04738	0.0155109
205	1.03124	0.0147177
215	1.0121	0.0139173
225	1.02005	0.013912
235	1.0017	0.0132184
245	1.02749	0.0137343
255	1.01511	0.0132555
265	1.0234	0.013355
275	1.00858	0.0128666
285	1.03198	0.013394
295	1.00567	0.0126484
305	0.998999	0.0124324
315	1.02217	0.0129846
325	1.00298	0.012488
335	1.00109	0.0124363
345	1.01382	0.0127652
355	1.04061	0.0134837
365	1.01059	0.0127559
375	0.993684	0.0123854
385	1.00036	0.0126273
395	0.99348	0.012544
405	1.00078	0.0128215
415	0.97592	0.0122894
425	1.00484	0.0131688
435	0.973017	0.0124895
445	0.991602	0.0131296
455	1.02247	0.0141516
465	0.981577	0.0132398
475	0.992425	0.0137604
485	0.99755	0.0141366
495	0.996946	0.0143967
505	0.98013	0.0141945
515	0.992118	0.0148793
525	0.986249	0.0150486
535	1.01866	0.0164634
545	0.993562	0.0160875
555	1.0016	0.0168426
565	0.983465	0.0167385
575	0.951662	0.0162064
585	0.985421	0.0180192
595	0.959887	0.0177529
605	0.998058	0.0199877
615	0.966715	0.0195945
625	0.999692	0.0219543
635	0.934297	0.0201884
645	0.998108	0.0242963
655	0.998292	0.0257662
665	0.981495	0.0265302
675	0.94143	0.0261001
685	1.01769	0.0328977
695	0.961187	0.0317981
705	0.950732	0.0338595
715	0.934788	0.036017
725	0.99749	0.0453234
735	0.928593	0.044022
745	1.01519	0.0593655
755	0.997891	0.0654173
765	0.928055	0.0653679
775	1.00819	0.0905329
785	0.996149	0.104856
795	0.877228	0.0973452
805	1.19025	0.218025
815	1.07668	0.219779
825	0.636744	0.0962419
835	0.920664	0.259313
845	0.541724	0.115579
855	0.829706	0.358094
865	0.544457	0.223044
875	0.446299	0.185821
885	8.34996	96.204
895	0.251907	0.12325
905	1	1
915	1	1
925	1	1
935	1	1
945	1	1
955	1	1
965	1	1
975	1	1
985	1	1
995	1	1
1005	1	1
1015	1	1
1025	1	1
1035	1	1
1045	1	1
1055	1	1
1065	1	1
1075	1	1
1085	1	1
1095	1	1
1105	1	1
1115	1	1
1125	1	1
1135	1	1
1145	1	1
1155	1	1
1165	1	1
1175	1	1
1185	1	1
1195	1	1
