5	1	1
15	1	1
25	1	1
35	-0.0620623	0.0133
45	-0.267161	0.0381424
55	-2.51492	0.81142
65	1.45291	0.106893
75	1.05937	0.0342925
85	0.989589	0.024211
95	1.02409	0.0231453
105	1.00132	0.0204212
115	0.998297	0.0190492
125	1.01162	0.0185021
135	1.01189	0.0176357
145	1.07204	0.0189361
155	1.02533	0.0166795
165	1.04654	0.0167962
175	1.0335	0.0158937
185	1.0662	0.0164554
195	1.05534	0.0157429
205	1.0262	0.0145795
215	1.00569	0.0137501
225	1.02046	0.0139207
235	1.03371	0.0140812
245	1.00816	0.0132207
255	1.02677	0.0135676
265	1.05575	0.0142157
275	1.00022	0.0126631
285	1.01486	0.0129457
295	1.01699	0.0129359
305	1.02919	0.0131973
315	1.03577	0.0133319
325	1.01142	0.0126929
335	1.01429	0.0127695
345	1.00836	0.0126287
355	0.996065	0.0123592
365	1.02461	0.013111
375	0.998359	0.0124987
385	0.998171	0.0125715
395	1.00665	0.0128592
405	0.999464	0.0127772
415	0.985471	0.0125385
425	0.983584	0.0126088
435	1.01729	0.0136513
445	0.982602	0.0128924
455	1.0273	0.0142917
465	0.979456	0.0131854
475	0.999838	0.013953
485	0.993746	0.0140343
495	0.987528	0.0141241
505	1.01438	0.0151974
515	0.998099	0.0150432
525	0.986379	0.0150566
535	1.01254	0.0162718
545	0.983163	0.0157576
555	0.981055	0.0161441
565	0.999841	0.0173013
575	0.98278	0.0172699
585	0.966003	0.0173019
595	0.988372	0.018806
605	0.998353	0.0199735
615	0.968222	0.0196315
625	0.977979	0.0209908
635	0.971857	0.0217899
645	1.00351	0.0245332
655	0.984794	0.0250505
665	0.934391	0.0240068
675	0.963921	0.0274226
685	0.985934	0.030927
695	0.982975	0.0333485
705	1.03242	0.040311
715	0.913433	0.034694
725	0.960941	0.0427482
735	0.977	0.0495638
745	0.994544	0.0584608
755	0.925034	0.0580491
765	0.911569	0.0656005
775	0.901968	0.075482
785	0.912658	0.0934419
795	0.770071	0.0799867
805	0.906285	0.137588
815	0.937236	0.182739
825	1.31864	0.464512
835	1.53576	0.825415
845	1.54611	1.16
855	1.07985	0.692826
865	0.310079	0.0816029
875	0.238709	0.0807007
885	-0.730578	0.87405
895	0.470962	0.588994
905	1	1
915	1	1
925	1	1
935	1	1
945	1	1
955	1	1
965	1	1
975	1	1
985	1	1
995	1	1
1005	1	1
1015	1	1
1025	1	1
1035	1	1
1045	1	1
1055	1	1
1065	1	1
1075	1	1
1085	1	1
1095	1	1
1105	1	1
1115	1	1
1125	1	1
1135	1	1
1145	1	1
1155	1	1
1165	1	1
1175	1	1
1185	1	1
1195	1	1
