5	1	1
15	1	1
25	1	1
35	1	1
45	1	1
55	-0.129981	0.0762323
65	-2.0346	8.70993
75	10.5467	128.384
85	2.59834	4.39231
95	16.9634	109.822
105	2.86391	2.0388
115	1.65127	0.480975
125	1.56142	0.327884
135	2.11327	0.490814
145	3.28702	1.02369
155	3.98733	1.38463
165	6.27734	3.23141
175	2.59253	0.530858
185	3.48328	0.937202
195	3.19369	0.774016
205	2.62693	0.521988
215	3.05502	0.710038
225	2.63837	0.531054
235	3.7865	1.10824
245	4.66083	1.69889
255	4.0056	1.27415
265	5.43948	2.38321
275	5.03383	2.08866
285	3.85476	1.24984
295	30.5664	80.4001
305	14.9391	19.5759
315	26.0253	61.0007
325	4.75829	2.07964
335	3.17618	0.948626
345	6.59868	4.22343
355	4.08204	1.65115
365	7.26918	5.38744
375	5.72447	3.41643
385	3.07082	1.01377
395	50.5753	282.177
405	5.71728	3.70025
415	8.7057	8.78359
425	19.7687	46.9045
435	7.80278	7.53176
445	6.95459	6.21131
455	3.07479	1.25189
465	-6.3531	5.43317
475	6.95544	6.74744
485	4.44539	2.8587
495	4.63998	3.24438
505	6.29907	6.19122
515	6.85533	7.60937
525	29.0927	141.083
535	8.25661	11.9239
545	3.62861	2.42143
555	3.32494	2.11342
565	5.57717	6.15672
575	128.597	3396.64
585	9.27274	18.2821
595	6.4588	9.46155
605	-4.41398	4.61245
615	2.97342	2.21757
625	3.34032	2.93797
635	11.1239	34.774
645	2.89257	2.46332
655	-8.22272	21.0449
665	10.0897	34.0132
675	6.01656	13.1271
685	-17.1028	111.101
695	0.911484	0.340277
705	-1.78987	1.41476
715	-16.2722	125.816
725	-2.5812	3.46051
735	5.13773	15.6054
745	10.7364	74.636
755	3.19485	7.26356
765	1.35992	1.38608
775	0.745801	0.465778
785	14.7508	211.128
795	1.38236	1.96888
805	-0.745357	0.724856
815	2.2309	7.09978
825	0.73913	0.911923
835	1.10045	2.64668
845	1	1
855	1	1
865	1	1
875	1	1
885	1	1
895	1	1
905	1	1
915	1	1
925	1	1
935	1	1
945	1	1
955	1	1
965	1	1
975	1	1
985	1	1
995	1	1
1005	1	1
1015	1	1
1025	1	1
1035	1	1
1045	1	1
1055	1	1
1065	1	1
1075	1	1
1085	1	1
1095	1	1
1105	1	1
1115	1	1
1125	1	1
1135	1	1
1145	1	1
1155	1	1
1165	1	1
1175	1	1
1185	1	1
1195	1	1
