5	1	1
15	1	1
25	1	1
35	1	1
45	1	1
55	-0.654561	2.1799
65	0.307325	0.255858
75	8.60775	100.617
85	0.524575	0.222817
95	0.913382	0.429613
105	-10.077	36.112
115	1.07028	0.313396
125	2.22389	1.11037
135	2.01771	0.803473
145	1.91847	0.672413
155	2.32128	0.954939
165	2.49191	1.06958
175	2.00149	0.686335
185	4.11815	2.89903
195	2.24335	0.861575
205	1.06129	0.195507
215	2.40491	1.00742
225	2.03451	0.730535
235	1.1959	0.255869
245	1.90032	0.652524
255	1.71058	0.540524
265	1.90867	0.683346
275	1.50427	0.432408
285	1.42938	0.399662
295	3.24305	2.09674
305	1.87689	0.713586
315	1.25182	0.325978
325	1.90987	0.772065
335	1.37539	0.410374
345	2.18911	1.05379
355	1.45837	0.483353
365	1.31834	0.403852
375	1.19562	0.339418
385	1.19042	0.346564
395	1.20674	0.366555
405	1.04619	0.279317
415	0.921119	0.222181
425	2.54561	1.75187
435	1.24725	0.432113
445	1.03409	0.310175
455	1.21554	0.43909
465	1.82158	1.00835
475	1.52091	0.721644
485	6.51699	13.8776
495	1.76714	1.06953
505	2.38579	2.00876
515	1.73655	1.12585
525	1.63688	1.03842
535	0.938566	0.354753
545	8.66991	31.6793
555	0.790472	0.275087
565	2.65002	3.25829
575	9.84681	46.023
585	1.10151	0.632966
595	1.03498	0.583674
605	21.1069	253.644
615	1.68554	1.69154
625	0.579927	0.216786
635	1.47213	1.50501
645	0.799449	0.481015
655	-2.13788	3.6324
665	0.575668	0.289692
675	0.626704	0.380181
685	3.59592	14.025
695	2.14012	5.69698
705	0.278604	0.10001
715	-0.62156	0.589052
725	-0.506366	0.501978
735	-1.03217	2.08441
745	-0.61361	0.757264
755	-0.256564	0.164501
765	0.967151	2.31975
775	1	1
785	1	1
795	1	1
805	1	1
815	1	1
825	1	1
835	1	1
845	1	1
855	1	1
865	1	1
875	1	1
885	1	1
895	1	1
905	1	1
915	1	1
925	1	1
935	1	1
945	1	1
955	1	1
965	1	1
975	1	1
985	1	1
995	1	1
1005	1	1
1015	1	1
1025	1	1
1035	1	1
1045	1	1
1055	1	1
1065	1	1
1075	1	1
1085	1	1
1095	1	1
1105	1	1
1115	1	1
1125	1	1
1135	1	1
1145	1	1
1155	1	1
1165	1	1
1175	1	1
1185	1	1
1195	1	1
