5	1	1
15	1	1
25	-0.0871744	0.0267022
35	-0.242648	0.0617984
45	-4.83076	6.66591
55	1.276	0.168371
65	1.23424	0.0738536
75	1.15316	0.0411668
85	1.05525	0.0281398
95	1.00095	0.022615
105	0.980263	0.0200473
115	0.965627	0.0182896
125	0.965349	0.0173512
135	0.986689	0.0173396
145	1.00181	0.0171567
155	0.961929	0.0152758
165	0.96592	0.0149284
175	0.99284	0.0153277
185	0.986161	0.0147322
195	0.97513	0.0140802
205	0.970367	0.0136696
215	0.974637	0.0135366
225	0.969352	0.0131819
235	0.966499	0.0129104
245	0.983135	0.0131984
255	0.974266	0.0128239
265	0.981525	0.0128928
275	0.980402	0.0127657
285	0.965811	0.0123034
295	0.972216	0.012396
305	0.989941	0.0128111
315	0.963461	0.0121
325	0.982426	0.0125612
335	0.975265	0.0123737
345	0.982307	0.0125709
355	0.961927	0.0120854
365	0.975603	0.0124749
375	0.984093	0.0127433
385	0.944209	0.0117876
395	0.975368	0.0126648
405	0.966005	0.0125153
415	0.972121	0.0127893
425	0.979788	0.0131282
435	0.977142	0.0132065
445	0.951441	0.0126673
455	0.970968	0.013381
465	0.970152	0.0135524
475	0.971249	0.0138079
485	0.95925	0.0137011
495	0.981557	0.0146066
505	0.946566	0.013877
515	0.954182	0.0144063
525	0.983491	0.0156837
535	0.956568	0.0152054
545	0.971319	0.0160982
555	0.95456	0.0160185
565	0.981266	0.0174543
575	0.937424	0.0164595
585	0.965286	0.0180796
595	0.971992	0.0190395
605	0.97342	0.0199032
615	0.95346	0.0199219
625	0.980929	0.0220937
635	0.989927	0.0236255
645	0.948872	0.0228897
655	0.952397	0.0244555
665	0.952601	0.025981
675	0.948746	0.0275701
685	0.923234	0.0280509
695	0.978799	0.0340278
705	0.961144	0.0356607
715	0.932842	0.03672
725	0.993774	0.0458649
735	0.864435	0.0384693
745	0.865194	0.0433394
755	0.851428	0.0474437
765	0.88128	0.0577463
775	1.0497	0.0943156
785	0.91398	0.0835426
795	1.03097	0.125419
805	1.11684	0.173753
815	1.05823	0.188772
825	1.00625	0.20454
835	0.904738	0.206349
845	0.944983	0.281254
855	0.54425	0.115011
865	1.65072	1.34159
875	2.54134	4.17486
885	0.66281	0.377884
895	1.10599	1.41956
905	0.883073	1.19398
915	0.531463	0.5398
925	1	1
935	1	1
945	1	1
955	1	1
965	1	1
975	1	1
985	1	1
995	1	1
1005	1	1
1015	1	1
1025	1	1
1035	1	1
1045	1	1
1055	1	1
1065	1	1
1075	1	1
1085	1	1
1095	1	1
1105	1	1
1115	1	1
1125	1	1
1135	1	1
1145	1	1
1155	1	1
1165	1	1
1175	1	1
1185	1	1
1195	1	1
