5	1	1
15	1	1
25	1	1
35	1	1
45	1	1
55	1	1
65	1	1
75	1	1
85	1	1
95	1	1
105	0.231543	0.103115
115	4.87565	23.6508
125	0.87418	0.438744
135	0.678064	0.166868
145	0.829904	0.17664
155	1.24381	0.30247
165	1.70885	0.467478
175	1.68927	0.39316
185	1.3212	0.212349
195	1.42415	0.224158
205	1.29357	0.17045
215	1.22983	0.143517
225	1.094	0.107307
235	1.17269	0.118188
245	1.36531	0.153482
255	1.25399	0.124546
265	1.20921	0.112382
275	1.34981	0.136575
285	1.40149	0.143651
295	1.55366	0.17367
305	1.17207	0.0968438
315	1.06111	0.0785084
325	1.24111	0.10605
335	1.51579	0.1568
345	1.42499	0.137367
355	1.19624	0.0964279
365	1.12937	0.0853471
375	1.20949	0.0980427
385	1.27954	0.110169
395	1.13297	0.0863047
405	1.42227	0.136832
415	1.18382	0.0948233
425	1.19077	0.0965733
435	1.25589	0.108462
445	1.31194	0.119622
455	1.42369	0.142221
465	1.25414	0.111991
475	1.29014	0.120243
485	1.55352	0.17733
495	1.30984	0.127846
505	1.59777	0.194561
515	1.22606	0.116792
525	1.32454	0.13964
535	1.08805	0.0965381
545	1.38607	0.15999
555	1.04041	0.0927014
565	1.27934	0.144933
575	1.39733	0.179394
585	1.42481	0.193325
595	1.41499	0.197606
605	1.57136	0.254228
615	1.33809	0.191401
625	1.25926	0.177553
635	1.53459	0.276017
645	1.29501	0.208411
655	0.870049	0.0989921
665	1.35188	0.256429
675	1.06771	0.171215
685	1.72253	0.473375
695	1.05547	0.19244
705	1.85704	0.645989
715	1.09655	0.246167
725	1.21944	0.337165
735	0.8361	0.172851
745	1.23508	0.422703
755	2.04821	1.31234
765	1.14384	0.468931
775	0.903237	0.333691
785	0.562868	0.150917
795	1.79159	1.84032
805	0.591347	0.231967
815	0.47711	0.180647
825	4.13932	15.872
835	0.736501	0.660647
845	0.416435	0.280621
855	0.427204	0.330641
865	1	1
875	1	1
885	1	1
895	1	1
905	1	1
915	1	1
925	1	1
935	1	1
945	1	1
955	1	1
965	1	1
975	1	1
985	1	1
995	1	1
1005	1	1
1015	1	1
1025	1	1
1035	1	1
1045	1	1
1055	1	1
1065	1	1
1075	1	1
1085	1	1
1095	1	1
1105	1	1
1115	1	1
1125	1	1
1135	1	1
1145	1	1
1155	1	1
1165	1	1
1175	1	1
1185	1	1
1195	1	1
