5	1	1
15	1	1
25	1	1
35	1	1
45	1	1
55	1	1
65	1	1
75	-0.626844	0.859001
85	-0.705824	0.569156
95	1.25619	1.01992
105	-3.38953	4.44113
115	10.2697	26.8537
125	-65.6483	784.39
135	2.73889	1.07036
145	4.05387	1.97366
155	2.85711	0.87897
165	3.09517	0.955416
175	3.17394	0.954208
185	2.33944	0.500409
195	4.9221	2.17436
205	6.12607	3.33567
215	5.13603	2.32695
225	3.94162	1.37407
235	4.97679	2.20834
245	-50.1233	226.731
255	9.61942	8.4626
265	5.90101	3.24243
275	25.9661	63.8668
285	13.6504	18.0226
295	21.4296	45.3524
305	23.3405	55.1091
315	5.36852	2.9846
325	-105.23	1173.71
335	4.26885	1.97883
345	-21.4557	51.2051
355	10.6282	13.0261
365	-15.5337	28.3089
375	5.48346	3.62976
385	-29.0637	104.445
395	-27.2751	94.7503
405	-8.59	9.67634
415	-8.26408	9.20226
425	-4.66822	3.0152
435	-5.4885	4.30065
445	-2.2404	0.734255
455	-25.537	98.8378
465	-2.05862	0.662194
475	-2.74061	1.21466
485	-46.5631	362.268
495	-49.0307	413.337
505	-8.00151	11.4685
515	-3.6156	2.40795
525	-3.69885	2.64464
535	-8.79422	15.3838
545	-3.99371	3.31696
555	4.50268	4.36997
565	-4.13222	3.88021
575	-4.68671	5.26168
585	-2.84048	1.94676
595	2.47081	1.57438
605	-50.1096	675.985
615	15.2486	65.6193
625	5.17737	8.00206
635	4.03112	5.12713
645	-4.99844	8.22932
655	-2.75553	2.68416
665	-15.0214	84.6401
675	3.52058	4.88091
685	1.41832	0.853833
695	4.52923	9.51394
705	1.40515	0.985756
715	1.25108	0.863229
725	-1.14639	0.771955
735	-1.12023	0.79105
745	-64.0521	2910.84
755	-1.06026	0.898317
765	-1.7892	2.86994
775	2.24854	4.77753
785	-0.423479	0.20417
795	0.592429	0.475801
805	-0.558002	0.511048
815	-0.411545	0.311311
825	0.628268	0.786347
835	-0.992089	2.71646
845	1	1
855	1	1
865	1	1
875	1	1
885	1	1
895	1	1
905	1	1
915	1	1
925	1	1
935	1	1
945	1	1
955	1	1
965	1	1
975	1	1
985	1	1
995	1	1
1005	1	1
1015	1	1
1025	1	1
1035	1	1
1045	1	1
1055	1	1
1065	1	1
1075	1	1
1085	1	1
1095	1	1
1105	1	1
1115	1	1
1125	1	1
1135	1	1
1145	1	1
1155	1	1
1165	1	1
1175	1	1
1185	1	1
1195	1	1
