5	1	1
15	1	1
25	-0.80801	2.09187
35	0.621145	0.315606
45	1.21386	0.396124
55	1.111	0.124292
65	0.992757	0.0471382
75	0.918731	0.0264351
85	0.906273	0.0209766
95	0.996691	0.0225173
105	0.96816	0.0195148
115	0.965879	0.0181758
125	0.971781	0.0173878
135	1.01104	0.0179058
145	1.00627	0.0169693
155	0.995599	0.015986
165	0.997872	0.0155253
175	1.00766	0.0153589
185	1.03395	0.0157417
195	1.01165	0.0147081
205	1.01786	0.0145823
215	1.01392	0.0142095
225	0.981774	0.0131069
235	1.01293	0.0137599
245	1.01059	0.0135147
255	0.993896	0.0129351
265	1.01049	0.0132452
275	1.02033	0.0134146
285	1.03745	0.0137733
295	1.0077	0.0129288
305	1.03011	0.0134703
315	1.00503	0.0127867
325	1.02626	0.0133135
335	1.00843	0.0128542
345	1.00793	0.0128599
355	1.01947	0.0131892
365	1.0144	0.013099
375	0.984805	0.0124041
385	0.977418	0.0122829
395	1.00184	0.0129873
405	1.00969	0.0133031
415	0.977918	0.0125968
425	1.00016	0.0133036
435	0.980518	0.012934
445	0.997845	0.0135655
455	0.967683	0.0129357
465	0.998563	0.013971
475	0.981351	0.013712
485	0.981374	0.0139694
495	0.979343	0.0141803
505	0.977196	0.0143971
515	0.992943	0.0152043
525	0.98588	0.0153482
535	0.995489	0.0160462
545	1.02993	0.0176423
555	0.982791	0.0165279
565	0.976352	0.0168393
575	0.987103	0.0177808
585	0.96088	0.0174697
595	0.974005	0.0186157
605	0.971968	0.0193087
615	0.986198	0.0207461
625	0.958934	0.0205478
635	1.02437	0.0246278
645	0.95458	0.0225331
655	0.986937	0.0254793
665	1.01888	0.0288569
675	0.991597	0.0291812
685	0.98798	0.0310201
695	0.991302	0.0336223
705	0.975272	0.0352879
715	0.927302	0.0348691
725	0.950607	0.0401166
735	0.902653	0.0400174
745	1.02737	0.0577965
755	0.971963	0.0582411
765	0.863099	0.0519236
775	0.868895	0.059912
785	1.03366	0.0982939
795	0.893859	0.0852539
805	0.934705	0.110069
815	1.2441	0.230145
825	0.991324	0.17569
835	0.976511	0.206552
845	1.14029	0.345508
855	0.774443	0.199567
865	1.57845	1.04873
875	0.968071	0.491696
885	0.585576	0.231382
895	1.5932	2.31019
905	-0.604326	0.493532
915	-1.14008	1.875
925	1	1
935	4.41969	53.447
945	1	1
955	1	1
965	1	1
975	1	1
985	1	1
995	1	1
1005	1	1
1015	1	1
1025	1	1
1035	1	1
1045	1	1
1055	1	1
1065	1	1
1075	1	1
1085	1	1
1095	1	1
1105	1	1
1115	1	1
1125	1	1
1135	1	1
1145	1	1
1155	1	1
1165	1	1
1175	1	1
1185	1	1
1195	1	1
