5	1	1
15	1	1
25	0.225183	0.11815
35	0.423689	0.120257
45	0.674733	0.101845
55	0.844667	0.0617595
65	1.07728	0.0508935
75	0.951079	0.0271768
85	0.959562	0.0230804
95	1.01309	0.0230836
105	0.981483	0.0200133
115	0.946794	0.0175082
125	0.966551	0.0173262
135	0.995633	0.0175591
145	0.984127	0.0164679
155	0.969066	0.0154072
165	0.98752	0.0154671
175	0.970408	0.0144949
185	0.990742	0.0147195
195	0.998213	0.0145885
205	0.97776	0.0136927
215	1.00198	0.0141164
225	1.0074	0.0140267
235	1.01619	0.0140578
245	0.959547	0.0123628
255	0.987374	0.0129441
265	1.02548	0.013834
275	1.00404	0.013143
285	0.989524	0.0126745
295	0.989748	0.0126138
305	0.981846	0.012361
315	0.99776	0.0127321
325	1.01464	0.0131428
335	1.00048	0.0127716
345	0.985719	0.0124097
355	1.00523	0.0129228
365	1.00757	0.0130346
375	1.01404	0.0132499
385	0.980607	0.0124525
395	0.991074	0.0128162
405	0.993385	0.0129665
415	0.96987	0.0124725
425	0.999097	0.0133569
435	0.981067	0.0130285
445	0.961464	0.0126676
455	0.975391	0.0132057
465	1.01213	0.0144424
475	0.982572	0.013844
485	0.984435	0.0141281
495	0.980489	0.0142787
505	0.983899	0.0146787
515	0.98638	0.0150753
525	1.00431	0.0159943
535	0.977137	0.0155162
545	0.9927	0.0164705
555	0.98211	0.0165847
565	0.97397	0.0168252
575	0.980124	0.0176028
585	0.971352	0.0178933
595	1.01381	0.0202462
605	0.944617	0.0182994
615	0.973082	0.0202721
625	0.97067	0.0211451
635	0.968341	0.0220807
645	0.97354	0.0235031
655	0.942753	0.0233264
665	1.01118	0.0285108
675	0.97927	0.0285594
685	0.941974	0.0282773
695	0.969218	0.0322495
705	1.00076	0.0373302
715	0.959256	0.0374154
725	0.934847	0.0390153
735	0.924316	0.0420841
745	1.00606	0.0556961
755	0.881795	0.0478805
765	0.788512	0.0433666
775	1.01123	0.0815037
785	0.935694	0.080531
795	0.980067	0.102321
805	0.915341	0.105417
815	1.10327	0.181293
825	0.890334	0.140052
835	0.932171	0.186827
845	1.03502	0.285028
855	229.649	17296.5
865	1.14191	0.541442
875	0.571133	0.172262
885	5.03326	17.2361
895	1.63303	2.55852
905	1.52716	2.7607
915	4.05998	24.9724
925	0.374315	0.280027
935	1	1
945	1	1
955	1	1
965	1	1
975	1	1
985	1	1
995	1	1
1005	1	1
1015	1	1
1025	1	1
1035	1	1
1045	1	1
1055	1	1
1065	1	1
1075	1	1
1085	1	1
1095	1	1
1105	1	1
1115	1	1
1125	1	1
1135	1	1
1145	1	1
1155	1	1
1165	1	1
1175	1	1
1185	1	1
1195	1	1
