5	1	1
15	1	1
25	1	1
35	1	1
45	1	1
55	1	1
65	1	1
75	1	1
85	1	1
95	2.54031	18.4305
105	0.256482	0.104112
115	0.607469	0.361428
125	0.514686	0.15865
135	1.96133	1.49148
145	1.02618	0.284794
155	1.09029	0.245048
165	1.17256	0.228738
175	1.76569	0.44264
185	1.06181	0.140842
195	1.39283	0.218465
205	1.21102	0.151847
215	1.355	0.177019
225	1.34969	0.165233
235	1.17528	0.119195
245	1.28679	0.137358
255	1.58908	0.201567
265	1.21024	0.113421
275	1.34354	0.135638
285	1.47909	0.160937
295	1.32567	0.126637
305	1.25877	0.112151
315	1.49656	0.156758
325	1.24036	0.106202
335	1.38148	0.130382
345	1.38397	0.130118
355	1.27297	0.109112
365	1.17183	0.0922759
375	1.20361	0.0972009
385	1.23226	0.101515
395	1.15854	0.0898222
405	1.36767	0.126192
415	1.291	0.112749
425	1.43933	0.141406
435	1.31448	0.118681
445	1.31527	0.119991
455	1.34232	0.126506
465	1.29648	0.119986
475	1.16527	0.0981048
485	1.29779	0.123604
495	1.36239	0.138011
505	1.29992	0.128364
515	1.74518	0.235993
525	1.27536	0.129049
535	1.30397	0.138642
545	1.21989	0.124435
555	1.24749	0.134086
565	1.12071	0.111267
575	1.37209	0.17289
585	1.01495	0.097914
595	1.35447	0.181464
605	1.24979	0.160566
615	1.63217	0.286098
625	1.24526	0.173728
635	1.10837	0.144234
645	1.57532	0.307579
655	1.23903	0.201501
665	1.06121	0.156258
675	1.28195	0.24416
685	1.25159	0.249382
695	1.19276	0.24566
705	0.950833	0.167638
715	1.09298	0.239649
725	0.813752	0.146045
735	1.76618	0.76224
745	0.849695	0.194047
755	1.21401	0.446196
765	1.65804	0.954874
775	10.983	47.5441
785	0.774867	0.271891
795	3.78272	7.26069
805	0.896265	0.496325
815	1.40906	1.47823
825	1.25593	1.33933
835	2.79346	7.96899
845	0.386462	0.195578
855	0.316208	0.160616
865	1	1
875	1	1
885	1	1
895	1	1
905	1	1
915	1	1
925	1	1
935	1	1
945	1	1
955	1	1
965	1	1
975	1	1
985	1	1
995	1	1
1005	1	1
1015	1	1
1025	1	1
1035	1	1
1045	1	1
1055	1	1
1065	1	1
1075	1	1
1085	1	1
1095	1	1
1105	1	1
1115	1	1
1125	1	1
1135	1	1
1145	1	1
1155	1	1
1165	1	1
1175	1	1
1185	1	1
1195	1	1
