5	1	1
15	1	1
25	0.206131	0.191765
35	-1.61482	2.05751
45	1.04791	0.252598
55	0.94753	0.0708337
65	0.942962	0.034936
75	0.942424	0.02537
85	0.976964	0.0234093
95	0.964529	0.0206968
105	0.930444	0.0178957
115	0.991507	0.0191485
125	1.00608	0.0187224
135	1.02138	0.0184386
145	0.985078	0.0164678
155	0.972865	0.0154823
165	0.977095	0.015116
175	0.995624	0.0152322
185	0.995476	0.0148272
195	0.986937	0.0142334
205	1.00247	0.0143695
215	0.981526	0.0135149
225	0.995904	0.0136835
235	0.987363	0.0132502
245	0.999608	0.0133991
255	0.993056	0.0130758
265	0.99361	0.0129606
275	1.00951	0.0132707
285	1.00921	0.0131687
295	1.01594	0.0132754
305	1.00309	0.0128839
315	1.01972	0.0132786
325	0.997079	0.0126722
335	0.9921	0.0125407
345	1.00026	0.0127585
355	1.00393	0.0128826
365	0.973663	0.0121511
375	0.988085	0.0125722
385	1.02091	0.0134812
395	0.990952	0.0127831
405	0.996721	0.0130397
415	1.02451	0.0139023
425	0.985769	0.0129911
435	0.996099	0.0134071
445	0.986571	0.013314
455	0.989246	0.0135751
465	1.01267	0.0144409
475	1.00961	0.0145744
485	1.02903	0.0154287
495	0.980341	0.0142636
505	0.998062	0.0150851
515	1.00902	0.0157454
525	0.975561	0.0150773
535	1.01847	0.0168414
545	0.995749	0.0165427
555	0.9747	0.016308
565	0.996409	0.0175786
575	0.996175	0.0181785
585	0.969666	0.017822
595	0.985228	0.0191049
605	1.04021	0.0221682
615	0.980324	0.0205454
625	1.00628	0.0227254
635	0.984006	0.0227733
645	1.00511	0.0250697
655	0.970755	0.0247177
665	1.00717	0.0282715
675	0.988983	0.0291662
685	0.983643	0.0309028
695	0.954391	0.0313866
705	0.960892	0.0345281
715	0.999046	0.0408156
725	0.915035	0.0376458
735	0.881365	0.0385991
745	1.04457	0.0606212
755	0.886317	0.0490188
765	0.989621	0.0694009
775	1.04341	0.0883758
785	1.05973	0.105519
795	0.825737	0.0749878
805	1.05093	0.143375
815	0.895856	0.125473
825	0.990491	0.184317
835	0.780682	0.138888
845	0.785468	0.174579
855	1.34287	0.636605
865	0.991102	0.439402
875	0.769523	0.342981
885	1.06411	0.824199
895	0.627102	0.407575
905	-0.281782	0.101352
915	0.407973	0.272902
925	1	1
935	1	1
945	1	1
955	1	1
965	1	1
975	1	1
985	1	1
995	1	1
1005	1	1
1015	1	1
1025	1	1
1035	1	1
1045	1	1
1055	1	1
1065	1	1
1075	1	1
1085	1	1
1095	1	1
1105	1	1
1115	1	1
1125	1	1
1135	1	1
1145	1	1
1155	1	1
1165	1	1
1175	1	1
1185	1	1
1195	1	1
