5	1	1
15	1	1
25	0.206359	0.116173
35	1.32138	1.26512
45	0.878141	0.183974
55	0.814642	0.059787
65	1.01355	0.0458453
75	1.06027	0.0340155
85	1.01296	0.0257689
95	0.991136	0.0220549
105	0.988994	0.0202517
115	0.967177	0.0181691
125	0.971996	0.0173569
135	1.0004	0.0175168
145	1.00299	0.016844
155	1.02457	0.0169173
165	1.00679	0.0157895
175	1.03795	0.0162875
185	1.0125	0.0150902
195	0.981084	0.0138401
205	0.998887	0.0140508
215	1.02889	0.0146316
225	1.04483	0.0148443
235	0.996676	0.0133165
245	1.02185	0.0138215
255	1.01153	0.013405
265	1.02334	0.0135969
275	1.02344	0.0134912
285	1.01053	0.0130662
295	1.05287	0.0141241
305	1.01439	0.0130543
315	1.00703	0.0128312
325	1.01866	0.0131202
335	1.00152	0.0126817
345	1.00801	0.0128597
355	1.00957	0.0129301
365	1.00923	0.0129746
375	1.00516	0.0129246
385	0.994932	0.01274
395	1.00188	0.012996
405	0.993191	0.0128694
415	1.01286	0.0135112
425	1.02734	0.0140476
435	1.00338	0.013551
445	1.00306	0.0137043
455	0.983116	0.0133564
465	1.0142	0.0144225
475	0.986874	0.013881
485	1.01161	0.014845
495	0.99281	0.0145723
505	0.989779	0.0147891
515	0.958541	0.0141699
525	0.982692	0.0152476
535	0.982083	0.0156254
545	0.997259	0.0165349
555	0.997907	0.017054
565	0.992435	0.0173959
575	0.959776	0.0168144
585	1.01085	0.0193372
595	0.977544	0.018759
605	1.00931	0.0208032
615	0.996873	0.0211937
625	1.00282	0.02246
635	0.968743	0.0220043
645	0.953628	0.0224607
655	0.984871	0.0253643
665	0.983003	0.0268984
675	0.940338	0.0262306
685	0.989834	0.0311515
695	1.00713	0.0348177
705	0.91967	0.0313627
715	0.994889	0.0400221
725	0.981787	0.042796
735	0.923425	0.0418862
745	0.931393	0.047444
755	0.937759	0.0540151
765	0.914228	0.0583424
775	0.937637	0.0697178
785	0.980067	0.0882693
795	1.07359	0.12271
805	1.18538	0.175079
815	0.878392	0.114729
825	1.2697	0.288376
835	1.12079	0.27348
845	0.860571	0.194965
855	0.953432	0.299185
865	-16.1002	110.926
875	1.18786	0.747631
885	1.26033	1.08834
895	0.350186	0.102511
905	9.70522	111.527
915	-1.6601	4.27123
925	21.5232	1152.83
935	1	1
945	1	1
955	1	1
965	1	1
975	1	1
985	1	1
995	1	1
1005	1	1
1015	1	1
1025	1	1
1035	1	1
1045	1	1
1055	1	1
1065	1	1
1075	1	1
1085	1	1
1095	1	1
1105	1	1
1115	1	1
1125	1	1
1135	1	1
1145	1	1
1155	1	1
1165	1	1
1175	1	1
1185	1	1
1195	1	1
