5	1	1
15	1	1
25	1	1
35	1	1
45	1	1
55	1	1
65	0.0758472	0.0249205
75	1.69087	6.80034
85	-21.0609	534.703
95	1.49968	1.46622
105	5.92737	13.6107
115	25.3113	163.507
125	-38.3832	269.33
135	4.30379	2.6401
145	3.29823	1.30493
155	4.20113	1.90778
165	2.92649	0.859925
175	4.45238	1.89225
185	4.98335	2.29375
195	2.79221	0.705243
205	-66.0872	391.988
215	3.83596	1.31826
225	4.94686	2.20144
235	11.5629	12.0803
245	4.19655	1.61081
255	3.92927	1.4347
265	-40.6757	156.274
275	9.48538	8.67907
285	-22.8446	51.3271
295	-12.5003	15.6593
305	5.12364	2.70167
315	-9.02232	8.57346
325	4.77371	2.47355
335	-18.6952	38.6219
345	-4.22196	2.02181
355	-6.73813	5.26084
365	213.553	5459.14
375	-44.1294	238.864
385	-13.4523	22.8351
395	-5.79239	4.34977
405	-27.7358	102.791
415	-96.5284	1280.39
425	-13.1679	24.5928
435	-3.0308	1.33318
445	26.8982	108.712
455	-19.7669	60.751
465	-8.88456	12.6147
475	20.2175	67.6673
485	49.6051	423.05
495	-4.50019	3.6246
505	-1.69506	0.530563
515	-37.411	266.101
525	-9.52035	17.8548
535	13.6	38.285
545	3.21817	2.20151
555	-1.99851	0.875689
565	-3.34978	2.60132
575	-3.03161	2.19716
585	-2.53285	1.60607
595	-21.5044	121.647
605	-8.39111	19.5495
615	-6.49136	12.2335
625	7.02605	15.087
635	-2.27769	1.67379
645	7.37555	18.4205
655	3.50516	4.38114
665	3.00198	3.42805
675	-3.85977	6.13453
685	14.1723	86.3209
695	8.57604	34.6159
705	-3.81075	7.21454
715	1.20222	0.760955
725	2.77982	4.60529
735	-1.92392	2.34869
745	-0.647022	0.290787
755	5.33206	22.1773
765	-8.25483	57.0993
775	1.26955	1.54167
785	0.693777	0.51198
795	0.745084	0.667905
805	-1.25683	2.17577
815	1.63214	4.08625
825	0.304554	0.167673
835	1.37361	4.55933
845	-0.251778	0.157455
855	84.9426	21333.4
865	1	1
875	1	1
885	1	1
895	1	1
905	1	1
915	1	1
925	1	1
935	1	1
945	1	1
955	1	1
965	1	1
975	1	1
985	1	1
995	1	1
1005	1	1
1015	1	1
1025	1	1
1035	1	1
1045	1	1
1055	1	1
1065	1	1
1075	1	1
1085	1	1
1095	1	1
1105	1	1
1115	1	1
1125	1	1
1135	1	1
1145	1	1
1155	1	1
1165	1	1
1175	1	1
1185	1	1
1195	1	1
