5	1	1
15	1	1
25	0.15424	0.101007
35	2.4285	5.81334
45	0.73962	0.161239
55	0.879542	0.0810536
65	0.936034	0.042538
75	0.996341	0.03104
85	0.996245	0.0252456
95	0.928632	0.0195016
105	0.985417	0.0202301
115	0.945935	0.0175119
125	0.967925	0.0173901
135	0.998261	0.0176933
145	0.977738	0.0163115
155	0.985402	0.0159898
165	0.974396	0.0151475
175	0.995425	0.0153634
185	0.981176	0.0145513
195	0.991488	0.0145315
205	0.988345	0.0141428
215	0.969867	0.0133802
225	0.979353	0.0134226
235	0.980669	0.0132682
245	0.975779	0.0129718
255	0.989821	0.0132042
265	0.988156	0.0130383
275	0.987156	0.0129151
285	0.988726	0.0128675
295	0.977204	0.0125052
305	0.990604	0.0128077
315	0.99183	0.0128063
325	0.988728	0.0127123
335	0.980954	0.0125123
345	1.00166	0.0130513
355	0.986263	0.0126868
365	0.978191	0.0125183
375	0.98965	0.0128709
385	0.977107	0.0126144
395	0.96573	0.0123989
405	0.967282	0.0125352
415	0.98575	0.0131349
425	0.960891	0.0126036
435	0.980245	0.0132708
445	0.969954	0.0131567
455	0.937696	0.0124683
465	0.967958	0.0134813
475	0.984219	0.014168
485	0.960274	0.013719
495	0.976574	0.0144657
505	0.963139	0.0143533
515	0.98646	0.0153898
525	0.956232	0.0148131
535	1.00667	0.0168476
545	0.935749	0.0149327
555	0.956501	0.0160696
565	0.961399	0.0167376
575	0.987295	0.018232
585	0.989442	0.0189827
595	0.95311	0.018293
605	0.959419	0.0192692
615	0.963892	0.0202929
625	0.959966	0.0211108
635	0.977187	0.0229626
645	0.973579	0.0240023
655	0.967367	0.0250991
665	0.964017	0.0264922
675	0.9507	0.0274616
685	0.921496	0.0276916
695	0.991768	0.0346194
705	0.975676	0.0362267
715	0.968193	0.038974
725	0.994097	0.0451608
735	0.873117	0.0384947
745	0.985698	0.0547602
755	0.971769	0.0597599
765	0.961237	0.0665551
775	0.867994	0.0618677
785	0.977535	0.0913039
795	0.936811	0.0975938
805	1.00524	0.133354
815	0.8368	0.110231
825	1.11126	0.23193
835	1.07358	0.268192
845	0.92184	0.248681
855	0.69121	0.177284
865	1.27249	0.745333
875	1.42336	1.16733
885	1.48257	1.67703
895	0.398434	0.17654
905	0.712148	0.733948
915	1	1
925	1	1
935	1	1
945	1	1
955	1	1
965	1	1
975	1	1
985	1	1
995	1	1
1005	1	1
1015	1	1
1025	1	1
1035	1	1
1045	1	1
1055	1	1
1065	1	1
1075	1	1
1085	1	1
1095	1	1
1105	1	1
1115	1	1
1125	1	1
1135	1	1
1145	1	1
1155	1	1
1165	1	1
1175	1	1
1185	1	1
1195	1	1
