5	1	1
15	1	1
25	1	1
35	1	1
45	1	1
55	1	1
65	1	1
75	0.607217	1.08768
85	0.658243	0.682174
95	-1.28514	1.29988
105	-2.7603	3.53933
115	1.50012	0.651926
125	3.3255	2.20804
135	2.08392	0.646869
145	2.14842	0.563342
155	6.50015	4.5807
165	3.87883	1.50021
175	7.34738	5.09494
185	4.74246	2.05496
195	4.01812	1.44037
205	5.59039	2.75758
215	4.33218	1.65424
225	3.71565	1.21939
235	2.14545	0.408595
245	-73.7751	489.083
255	9.80285	8.7453
265	20.411	38.6431
275	10.8661	11.1899
285	8.89132	7.63784
295	-30.9225	94.8486
305	12.4907	15.7217
315	-5.01535	2.60874
325	27.2356	78.5413
335	-4.1083	1.82625
345	-6.93981	5.37361
355	-5.83743	3.91113
365	-29.3476	101.04
375	-5.18571	3.24223
385	-18.8637	43.8601
395	7.95963	8.06052
405	23.9866	75.8238
415	-19.973	53.8504
425	-14.0489	27.3825
435	-5.3002	4.02654
445	13.1553	25.6676
455	11.4266	20.0701
465	-10.5351	17.4689
475	-18.7858	57.7281
485	-2.82663	1.34541
495	-3.91792	2.6825
505	-4.76838	4.10245
515	-31.9649	190.914
525	-1.75142	0.603192
535	-20.1309	82.0876
545	-8.38499	14.781
555	-2.30698	1.16928
565	-195.143	8688.09
575	-3.74984	3.3332
585	-7.80433	15.0386
595	5.85109	8.79089
605	6.75	12.4435
615	-4.32435	5.35996
625	-6.25778	11.8015
635	-2.61842	2.19509
645	8.47231	23.734
655	-28.2124	282.534
665	23.1964	203.785
675	2.98042	3.51483
685	1.75619	1.31048
695	1.8353	1.53525
705	-1.09514	0.599401
715	-2.82527	4.36831
725	5.09526	15.2068
735	-17.0971	184.175
745	4.74941	15.3657
755	-0.583887	0.257083
765	2.28139	4.4447
775	0.702214	0.451795
785	2.86531	8.62882
795	7.88357	69.1882
805	-1.34224	2.46001
815	0.443124	0.272926
825	6.68328	97.4994
835	0.712473	1.13803
845	-1.64401	7.33855
855	1	1
865	1	1
875	1	1
885	1	1
895	1	1
905	1	1
915	1	1
925	1	1
935	1	1
945	1	1
955	1	1
965	1	1
975	1	1
985	1	1
995	1	1
1005	1	1
1015	1	1
1025	1	1
1035	1	1
1045	1	1
1055	1	1
1065	1	1
1075	1	1
1085	1	1
1095	1	1
1105	1	1
1115	1	1
1125	1	1
1135	1	1
1145	1	1
1155	1	1
1165	1	1
1175	1	1
1185	1	1
1195	1	1
