5	1	1
15	1	1
25	1	1
35	1	1
45	1	1
55	1	1
65	1	1
75	1	1
85	0.353666	0.246684
95	0.855994	0.706812
105	0.899912	0.407089
115	1.16637	0.43744
125	2.67949	1.65751
135	3.06378	1.75427
145	3.38113	1.87558
155	1.68053	0.436614
165	2.23758	0.749441
175	1.8903	0.530082
185	2.38083	0.834452
195	2.27423	0.758298
205	3.03601	1.36759
215	1.56126	0.364379
225	3.14637	1.50603
235	1.75576	0.475502
245	1.35878	0.290036
255	1.58095	0.397393
265	2.10532	0.720858
275	2.44027	0.99149
285	2.60964	1.15752
295	1.67728	0.487983
305	1.39324	0.343067
315	1.42384	0.364793
325	2.85761	1.51624
335	1.06054	0.212343
345	1.47288	0.425514
355	1.56499	0.485232
365	1.05535	0.225641
375	1.41743	0.421849
385	2.17451	1.00527
395	1.10246	0.267562
405	1.09041	0.269527
415	1.84806	0.790913
425	1.888	0.855556
435	3.68301	3.34648
445	2.46743	1.54881
455	1.06665	0.297923
465	1.38848	0.522728
475	5.05957	7.20088
485	0.960482	0.269801
495	1.61362	0.780614
505	1.26318	0.491734
515	1.62436	0.873062
525	1.47211	0.748525
535	1.6221	0.9278
545	0.892977	0.298771
555	1.44479	0.806919
565	0.853371	0.29737
575	1.59582	1.10129
585	1.97535	1.74107
595	1.09363	0.566814
605	6.55439	21.5061
615	0.959262	0.484116
625	0.570238	0.187987
635	3.28128	6.75438
645	0.949762	0.607224
655	0.863453	0.5144
665	3.80566	11.2509
675	-3.99962	13.9185
685	2.12494	4.28484
695	-1.04253	1.15293
705	2.26187	6.10197
715	0.724166	0.658682
725	0.42301	0.262782
735	0.262943	0.113525
745	0.290838	0.180241
755	0.337438	0.23397
765	0.165396	0.0705398
775	1	1
785	1	1
795	1	1
805	1	1
815	1	1
825	1	1
835	1	1
845	1	1
855	1	1
865	1	1
875	1	1
885	1	1
895	1	1
905	1	1
915	1	1
925	1	1
935	1	1
945	1	1
955	1	1
965	1	1
975	1	1
985	1	1
995	1	1
1005	1	1
1015	1	1
1025	1	1
1035	1	1
1045	1	1
1055	1	1
1065	1	1
1075	1	1
1085	1	1
1095	1	1
1105	1	1
1115	1	1
1125	1	1
1135	1	1
1145	1	1
1155	1	1
1165	1	1
1175	1	1
1185	1	1
1195	1	1
