5	1	1
15	1	1
25	1	1
35	1	1
45	1	1
55	1	1
65	1	1
75	1	1
85	1.79627	5.74106
95	0.561281	0.270163
105	0.829941	0.309511
115	-12.4681	42.4926
125	3.66099	2.54957
135	3.2989	1.57306
145	3.99829	1.9219
155	1.96267	0.410983
165	1.96513	0.381067
175	2.86827	0.770416
185	2.81146	0.71625
195	2.59509	0.597373
205	4.40973	1.70313
215	3.63229	1.15313
225	6.42297	3.61238
235	-50.9417	228.643
245	48.9832	214.214
255	4.44826	1.79106
265	14.5363	19.4738
275	4.90689	2.25997
285	7.36961	5.21681
295	26.6035	69.5214
305	-8.81592	7.77447
315	12.1515	15.1021
325	8.58596	7.72771
335	9.82675	10.3708
345	9.47686	9.88936
355	-10.1019	11.5508
365	9.61949	10.7443
375	15.6286	29.2231
385	10.0707	12.4684
395	-10.591	14.128
405	-21.708	60.8621
415	14.9227	29.6111
425	-45.0482	276.994
435	-4.28371	2.59163
445	-6.14557	5.48673
455	-3.21293	1.55299
465	10.4974	17.058
475	-7.03272	7.90822
485	-2.22829	0.821158
495	-17.4987	52.726
505	-4.82267	4.09519
515	33.8658	209.843
525	-6.88965	9.05229
535	13.2419	34.5386
545	-49.374	498.982
555	-3.6922	2.90661
565	-383.231	32707.9
575	-3.86216	3.44596
585	-14.775	53.4443
595	2.51814	1.60043
605	6.23652	10.3702
615	-5.39419	8.16724
625	-1.82362	0.974201
635	-17.3816	95.0026
645	1.77763	1.05545
655	-2.68392	2.49166
665	9.37258	33.1178
675	2.05371	1.66972
685	-15.63	103.854
695	-5.6054	14.6034
705	-1.40772	0.996548
715	1.90023	1.87549
725	7.20998	30.8537
735	-1.06509	0.743103
745	-0.690184	0.333498
755	1.712	2.24883
765	-0.978875	0.797945
775	-3.71202	13.6948
785	0.306507	0.111934
795	-1.94266	5.1608
805	-14.0974	309.324
815	0.736431	0.983499
825	-1.63272	6.61283
835	0.246622	0.162067
845	1.03821	3.4765
855	1	1
865	1	1
875	1	1
885	1	1
895	1	1
905	1	1
915	1	1
925	1	1
935	1	1
945	1	1
955	1	1
965	1	1
975	1	1
985	1	1
995	1	1
1005	1	1
1015	1	1
1025	1	1
1035	1	1
1045	1	1
1055	1	1
1065	1	1
1075	1	1
1085	1	1
1095	1	1
1105	1	1
1115	1	1
1125	1	1
1135	1	1
1145	1	1
1155	1	1
1165	1	1
1175	1	1
1185	1	1
1195	1	1
