5	1	1
15	1	1
25	1	1
35	1	1
45	1	1
55	1	1
65	1	1
75	1	1
85	1	1
95	-0.112929	0.0430113
105	0.372194	0.215046
115	0.922318	0.859604
125	-2.21128	3.08602
135	0.885763	0.324231
145	1.72588	0.86416
155	1.98988	0.855249
165	0.860809	0.128302
175	1.06421	0.166964
185	1.05372	0.142457
195	1.42153	0.233897
205	1.4337	0.21642
215	1.11975	0.12259
225	1.31278	0.158376
235	1.13436	0.11266
245	1.62415	0.221012
255	1.26335	0.128843
265	1.42517	0.158732
275	1.19919	0.109065
285	1.56452	0.181588
295	1.37394	0.137165
305	1.25896	0.113209
315	1.42046	0.141216
325	1.19423	0.0988068
335	1.46936	0.148415
345	1.13917	0.088437
355	1.29516	0.113682
365	1.61061	0.174628
375	1.18087	0.094203
385	1.17823	0.0934381
395	1.54231	0.160003
405	1.28914	0.112342
415	1.29508	0.113908
425	1.38864	0.131991
435	1.29003	0.11476
445	1.43668	0.143773
455	1.40904	0.13976
465	1.48082	0.156094
475	1.13252	0.0925242
485	1.23588	0.112
495	1.12229	0.0942447
505	1.18048	0.106243
515	1.67162	0.216762
525	1.40232	0.156514
535	1.20136	0.117922
545	1.39972	0.164259
555	1.15283	0.114543
565	1.39895	0.173555
575	1.34843	0.166841
585	1.24579	0.148289
595	1.10765	0.120884
605	1.34183	0.185509
615	1.29819	0.180582
625	1.36475	0.208624
635	1.23895	0.180966
645	1.2577	0.197703
655	1.07053	0.150338
665	1.03351	0.149248
675	0.882064	0.115509
685	1.74138	0.484463
695	1.29078	0.287029
705	2.033	0.765122
715	1.20085	0.288186
725	1.37726	0.423771
735	1.27935	0.396249
745	1.11503	0.339373
755	0.736447	0.164127
765	1.29372	0.573193
775	1.24609	0.607578
785	-3.99393	7.02076
795	2.81441	4.08566
805	2.00359	2.4075
815	1.10287	0.881077
825	2.87528	7.30769
835	0.765125	0.62901
845	0.271729	0.0934145
855	0.622069	0.669963
865	0.473446	0.414794
875	1	1
885	1	1
895	1	1
905	1	1
915	1	1
925	1	1
935	1	1
945	1	1
955	1	1
965	1	1
975	1	1
985	1	1
995	1	1
1005	1	1
1015	1	1
1025	1	1
1035	1	1
1045	1	1
1055	1	1
1065	1	1
1075	1	1
1085	1	1
1095	1	1
1105	1	1
1115	1	1
1125	1	1
1135	1	1
1145	1	1
1155	1	1
1165	1	1
1175	1	1
1185	1	1
1195	1	1
