5	1	1
15	1	1
25	1	1
35	-0.154216	0.0221995
45	-0.663961	0.106885
55	1.19568	0.129112
65	0.969081	0.0423722
75	0.944335	0.0268398
85	0.98359	0.0241972
95	0.977809	0.0214505
105	0.978709	0.0198472
115	0.969844	0.0183105
125	1.00119	0.0184573
135	1.00034	0.0175498
145	0.995931	0.0166517
155	1.05329	0.0179361
165	0.99993	0.0156235
175	1.05687	0.016949
185	0.990329	0.0144815
195	1.0331	0.0153915
205	1.00579	0.0142791
215	1.0388	0.0149583
225	1.02025	0.0141929
235	1.02061	0.0140003
245	1.00573	0.0134294
255	1.03779	0.0141422
265	1.0144	0.0133842
275	1.0247	0.0135565
285	1.03737	0.0138008
295	1.00409	0.0128698
305	0.998668	0.012682
315	1.01296	0.0130218
325	1.02223	0.0132358
335	1.01254	0.0129917
345	1.04617	0.0138746
355	0.999941	0.0127092
365	1.01052	0.0130194
375	0.991451	0.0125948
385	0.98779	0.0125628
395	0.982994	0.0125377
405	1.00867	0.0132979
415	1.00178	0.0132391
425	1.00637	0.0134974
435	1.00907	0.013719
445	1.01473	0.0140466
455	1.01855	0.0143427
465	1.00406	0.0141468
475	0.997964	0.0142062
485	0.990409	0.0142453
495	0.982646	0.0142928
505	1.00743	0.0153214
515	0.980532	0.0148476
525	0.999485	0.0157845
535	1.01231	0.01662
545	0.987471	0.0162421
555	0.992637	0.0168959
565	1.01362	0.0181682
575	0.990649	0.0179395
585	0.991299	0.0186229
595	1.03704	0.0211495
605	0.947533	0.0183988
615	1.02644	0.0225561
625	0.976208	0.021356
635	0.946049	0.0210766
645	0.975298	0.0236071
655	1.0536	0.0292261
665	0.983884	0.0270354
675	0.970531	0.028155
685	1.01562	0.033063
695	0.993178	0.0341993
705	0.991094	0.0369555
715	0.935022	0.0360697
725	0.948654	0.0409261
735	0.960551	0.0465027
745	0.935896	0.04941
755	0.861868	0.0472461
765	1.14073	0.0942956
775	1.11432	0.103805
785	1.02266	0.10153
795	1.05317	0.127071
805	0.726966	0.071393
815	1.04401	0.177703
825	0.932414	0.172888
835	0.747635	0.136056
845	0.939632	0.266303
855	1.5346	0.910036
865	0.800148	0.304653
875	0.890421	0.481898
885	0.582859	0.278628
895	1.3971	2.16501
905	-1.19566	1.97406
915	0.562756	0.650268
925	1	1
935	1	1
945	1	1
955	1	1
965	1	1
975	1	1
985	1	1
995	1	1
1005	1	1
1015	1	1
1025	1	1
1035	1	1
1045	1	1
1055	1	1
1065	1	1
1075	1	1
1085	1	1
1095	1	1
1105	1	1
1115	1	1
1125	1	1
1135	1	1
1145	1	1
1155	1	1
1165	1	1
1175	1	1
1185	1	1
1195	1	1
