5	1.03691	7.2751
15	1	1
25	0.31037	0.116198
35	0.596609	0.124557
45	0.531342	0.03731
55	0.697062	0.0311206
65	0.87152	0.0291494
75	0.971866	0.0267482
85	0.92789	0.021085
95	1.00357	0.0224398
105	0.980493	0.0199394
115	0.986182	0.0190017
125	1.00076	0.0186178
135	0.992491	0.0175164
145	1.00375	0.0172218
155	0.999647	0.0164908
165	0.985987	0.0155481
175	0.98935	0.0152076
185	1.00042	0.0151707
195	0.97727	0.0141499
205	1.00006	0.0145133
215	0.982947	0.0137674
225	0.972044	0.013247
235	0.989684	0.0135406
245	1.0071	0.0138496
255	0.97773	0.012911
265	0.988395	0.013072
275	0.987976	0.0129607
285	0.986114	0.0128259
295	1.0152	0.0135187
305	0.983917	0.0126577
315	0.99126	0.0128099
325	0.982366	0.0125635
335	0.99858	0.0129713
345	0.994637	0.012885
355	0.971375	0.0123167
365	0.998092	0.0130442
375	0.975106	0.0125081
385	0.981141	0.0127315
395	0.976046	0.012681
405	0.93989	0.0118514
415	0.986647	0.0131729
425	0.988189	0.0133579
435	0.956507	0.0126474
445	0.974802	0.0133009
455	0.970057	0.0133419
465	0.988229	0.014063
475	0.967501	0.0136981
485	0.981489	0.0143386
495	0.970448	0.0142933
505	0.984405	0.0150034
515	0.953846	0.0144017
525	0.986906	0.0157862
535	1.01432	0.0170974
545	0.980713	0.0164042
555	0.968221	0.016465
565	0.975349	0.0172397
575	0.992792	0.0184745
585	0.974733	0.0184274
595	0.985586	0.0195792
605	0.992239	0.0206577
615	0.955137	0.0199939
625	0.958175	0.0210746
635	0.974035	0.0228855
645	0.991052	0.0249549
655	0.972587	0.025494
665	0.947966	0.0257529
675	0.92119	0.0259542
685	0.947352	0.0295869
695	0.969955	0.0334838
705	0.932091	0.033652
715	1.03047	0.0450907
725	0.899857	0.0378291
735	0.888752	0.0410121
745	0.919943	0.0494984
755	0.959044	0.060728
765	1.0555	0.0841267
775	1.0112	0.0892683
785	0.96946	0.0961796
795	0.943966	0.108488
805	1.22617	0.218281
815	1.14093	0.232713
825	1.00271	0.224394
835	0.895784	0.223064
845	1.89678	1.26798
855	0.557742	0.137331
865	0.504528	0.158014
875	1.09442	1.03515
885	0.544068	0.354426
895	0.668975	0.714041
905	0.295932	0.194053
915	1	1
925	1	1
935	1	1
945	1	1
955	1	1
965	1	1
975	1	1
985	1	1
995	1	1
1005	1	1
1015	1	1
1025	1	1
1035	1	1
1045	1	1
1055	1	1
1065	1	1
1075	1	1
1085	1	1
1095	1	1
1105	1	1
1115	1	1
1125	1	1
1135	1	1
1145	1	1
1155	1	1
1165	1	1
1175	1	1
1185	1	1
1195	1	1
