5	1	1
15	1	1
25	1	1
35	-0.269404	0.245611
45	0.734971	0.302314
55	0.833522	0.093181
65	0.919735	0.0437302
75	0.956112	0.0281718
85	0.964477	0.0230863
95	1.02672	0.0233165
105	0.977971	0.0195529
115	1.00081	0.0192501
125	0.971597	0.017244
135	0.985124	0.0169402
145	1.00899	0.0170793
155	0.983686	0.0156612
165	0.981736	0.015108
175	0.997318	0.0151651
185	1.00848	0.0151067
195	1.00873	0.0147765
205	0.95654	0.0130157
215	0.991868	0.0137423
225	1.01128	0.0140604
235	0.995442	0.0134166
245	0.989719	0.0131008
255	1.01331	0.0135907
265	0.983617	0.0126857
275	0.974662	0.0123476
285	0.99612	0.01282
295	0.980376	0.0123507
305	0.980403	0.0123002
315	0.981322	0.0122892
325	1.00596	0.0129015
335	0.979666	0.012228
345	0.994394	0.0126167
355	0.996966	0.0127018
365	0.982813	0.0123802
375	0.979309	0.012342
385	0.983654	0.0125268
395	0.969902	0.0122569
405	0.982704	0.0126767
415	0.976366	0.0126219
425	0.991023	0.0131436
435	0.972178	0.0127854
445	0.984477	0.0132736
455	0.980292	0.013343
465	0.977396	0.0134552
475	0.969854	0.0134639
485	0.972711	0.0137831
495	0.982279	0.0143228
505	0.983844	0.0146736
515	0.979939	0.0148593
525	0.987004	0.0154399
535	0.999064	0.0162248
545	0.966745	0.0156023
555	0.949678	0.0154978
565	0.98253	0.0171164
575	0.969906	0.0172483
585	0.992943	0.0187226
595	0.98589	0.0191642
605	0.950219	0.0185508
615	0.987212	0.0209128
625	0.966748	0.0210126
635	0.957624	0.0216657
645	0.985922	0.0242563
655	0.941046	0.023398
665	0.956563	0.0258025
675	0.89068	0.0239654
685	0.964375	0.0302743
695	0.942979	0.0314464
705	0.995422	0.0382752
715	0.952422	0.0386699
725	0.948701	0.0426624
735	1.01824	0.0554387
745	0.890615	0.0479412
755	0.981594	0.0673317
765	0.981963	0.0785055
775	0.914049	0.0800255
785	0.971241	0.107884
795	1.00895	0.141945
805	0.993976	0.171742
815	1.15902	0.294763
825	0.629453	0.109828
835	1.5486	0.870029
845	0.745158	0.27302
855	0.699639	0.341919
865	15.6457	211.121
875	0.526267	0.33189
885	-1.7549	6.08376
895	1	1
905	1	1
915	1	1
925	1	1
935	1	1
945	1	1
955	1	1
965	1	1
975	1	1
985	1	1
995	1	1
1005	1	1
1015	1	1
1025	1	1
1035	1	1
1045	1	1
1055	1	1
1065	1	1
1075	1	1
1085	1	1
1095	1	1
1105	1	1
1115	1	1
1125	1	1
1135	1	1
1145	1	1
1155	1	1
1165	1	1
1175	1	1
1185	1	1
1195	1	1
