5	1	1
15	1	1
25	1	1
35	0.32499	0.225361
45	0.673374	0.272164
55	0.890198	0.136801
65	0.963032	0.0597404
75	0.925297	0.0316399
85	0.955407	0.0253746
95	1.00369	0.0238253
105	0.958241	0.0195249
115	0.977682	0.0188105
125	0.994297	0.0183026
135	1.00833	0.017864
145	0.989831	0.0164518
155	1.00662	0.016352
165	1.03832	0.0167981
175	1.0238	0.0158411
185	1.0313	0.0156506
195	1.02041	0.0149658
205	1.00849	0.0143059
215	1.01817	0.0143155
225	1.01365	0.0139555
235	1.00995	0.0136626
245	1.02496	0.0138919
255	1.02923	0.0138584
265	1.00966	0.0132139
275	1.03437	0.0137628
285	0.988915	0.0125028
295	1.03454	0.0136124
305	1.04001	0.0137106
315	1.02552	0.0132975
325	0.991225	0.0124137
335	1.00548	0.0127666
345	1.00684	0.0128168
355	1.02393	0.0132947
365	1.0319	0.0135444
375	1.01723	0.0132125
385	0.999837	0.0128417
395	0.999686	0.0129241
405	0.996513	0.0129518
415	1.00791	0.013359
425	1.00491	0.0134208
435	1.02571	0.0141394
445	0.996322	0.0134998
455	1.0199	0.0143534
465	0.980035	0.0134448
475	1.02381	0.0149257
485	1.00708	0.0146856
495	0.973003	0.0139788
505	0.986111	0.0146546
515	1.0087	0.0156639
525	1.0021	0.0158397
535	1.00519	0.0163357
545	0.991518	0.016324
555	0.994913	0.0169345
565	0.987574	0.0172021
575	0.987452	0.0177823
585	1.00692	0.0191055
595	1.00433	0.0197884
605	0.99139	0.0200561
615	0.986056	0.020719
625	1.00184	0.0223974
635	1.00649	0.0237312
645	0.984646	0.0239867
655	1.03007	0.0277483
665	0.949195	0.0250624
675	0.9279	0.0254964
685	1.00261	0.0319874
695	0.949791	0.0309363
705	0.917356	0.0312661
715	0.967708	0.0380474
725	0.972216	0.0421366
735	0.949939	0.0445862
745	0.964362	0.0510699
755	0.9479	0.0555605
765	0.946697	0.0625204
775	0.92675	0.0689798
785	0.979888	0.0889284
795	0.93322	0.0947369
805	1.01546	0.130962
815	0.925097	0.129177
825	1.11393	0.226842
835	0.906067	0.183502
845	1.47786	0.610079
855	1.08275	0.398263
865	0.685624	0.204793
875	0.568141	0.182206
885	1.30325	1.20083
895	0.673531	0.405138
905	0.541884	0.394037
915	0.222348	0.0843071
925	-3.6027	33.3062
935	0.823104	1.99848
945	1	1
955	1	1
965	1	1
975	1	1
985	1	1
995	1	1
1005	1	1
1015	1	1
1025	1	1
1035	1	1
1045	1	1
1055	1	1
1065	1	1
1075	1	1
1085	1	1
1095	1	1
1105	1	1
1115	1	1
1125	1	1
1135	1	1
1145	1	1
1155	1	1
1165	1	1
1175	1	1
1185	1	1
1195	1	1
