5	1	1
15	1	1
25	1	1
35	0.233331	0.295674
45	1.17487	0.585794
55	0.707921	0.0480015
65	0.705634	0.0204039
75	0.860083	0.0212447
85	0.917529	0.0206128
95	0.982051	0.0213634
105	1.01337	0.0210826
115	0.969365	0.0181361
125	0.990446	0.0179338
135	1.01569	0.0179621
145	0.974657	0.0158495
155	1.02097	0.0167457
165	1.0128	0.0159324
175	1.01136	0.0154318
185	1.02538	0.0154414
195	1.03566	0.0153907
205	1.00651	0.014235
215	1.03454	0.0147653
225	1.0068	0.0137557
235	1.02968	0.0141854
245	1.0201	0.0137462
255	1.0022	0.0131235
265	1.02126	0.0135112
275	1.02644	0.0135551
285	1.00867	0.012993
295	1.03096	0.0135017
305	1.0075	0.0128479
315	0.989954	0.0123732
325	1.05003	0.0139102
335	1.0164	0.0130368
345	1.00862	0.0128492
355	0.999324	0.0126398
365	1.01351	0.0130366
375	0.998383	0.0127109
385	1.01252	0.013156
395	1.00702	0.0130966
405	0.987067	0.0126751
415	1.01751	0.0135988
425	0.990217	0.0130141
435	1.00376	0.0135093
445	0.994095	0.0134148
455	1.01419	0.0141661
465	0.993169	0.013786
475	0.995392	0.0140766
485	1.00767	0.0146808
495	1.04005	0.0159398
505	0.987876	0.0146759
515	1.00988	0.0156734
525	0.978964	0.0150931
535	0.97405	0.0153103
545	1.00775	0.0168382
555	0.993484	0.0168622
565	1.00578	0.0178052
575	1.01218	0.0186582
585	0.976411	0.0179626
595	0.981989	0.0189072
605	0.999028	0.0203719
615	1.00836	0.0216901
625	0.997922	0.0222449
635	0.973471	0.0222356
645	1.00104	0.0248282
655	0.998294	0.0261614
665	0.983454	0.0269739
675	0.934998	0.0261165
685	1.01071	0.032803
695	0.934978	0.0303899
705	0.95632	0.0345698
715	1.02855	0.0439222
725	0.932023	0.0397962
735	1.00518	0.0516934
745	0.921016	0.0487288
755	1.02026	0.0678751
765	0.937662	0.065875
775	1.00104	0.0867029
785	0.818506	0.0680506
795	1.18177	0.168298
805	0.833536	0.100831
815	0.737171	0.0947797
825	0.889167	0.172031
835	0.879544	0.209946
845	0.81931	0.233371
855	0.807867	0.288974
865	0.894474	0.446968
875	0.97298	0.754671
885	1.16586	1.40355
895	0.434098	0.245118
905	-0.567786	0.674144
915	1	1
925	1	1
935	1	1
945	1	1
955	1	1
965	1	1
975	1	1
985	1	1
995	1	1
1005	1	1
1015	1	1
1025	1	1
1035	1	1
1045	1	1
1055	1	1
1065	1	1
1075	1	1
1085	1	1
1095	1	1
1105	1	1
1115	1	1
1125	1	1
1135	1	1
1145	1	1
1155	1	1
1165	1	1
1175	1	1
1185	1	1
1195	1	1
