5	1	1
15	1	1
25	0.0967658	0.0228188
35	0.298265	0.060697
45	0.575299	0.0748195
55	0.669141	0.0407933
65	0.834511	0.0319004
75	0.924198	0.0259858
85	0.951258	0.022735
95	1.00932	0.0229
105	0.982682	0.020064
115	0.986293	0.0189607
125	1.01969	0.0191684
135	1.00771	0.0178311
145	1.03561	0.0180258
155	1.026	0.0170374
165	1.03137	0.0166422
175	1.05671	0.0169404
185	1.04526	0.0161488
195	1.04359	0.015714
205	1.01817	0.0146486
215	1.00685	0.0140619
225	1.02882	0.0144431
235	1.01375	0.0138265
245	1.04541	0.0145134
255	1.01669	0.013581
265	1.00443	0.0131397
275	1.0024	0.0129813
285	1.03412	0.0137346
295	1.01789	0.0132327
305	1.03976	0.0137546
315	1.04165	0.0137673
325	1.00864	0.0129008
335	1.01767	0.013123
345	1.01574	0.0130993
355	0.99552	0.0126082
365	0.975305	0.0121328
375	1.0094	0.0130631
385	0.999479	0.0128845
395	1.01394	0.0133479
405	0.98533	0.0126947
415	0.996921	0.0131114
425	0.995763	0.0132178
435	1.0156	0.0139091
445	1.0048	0.0137827
455	0.992997	0.0136434
465	1.01173	0.0143712
475	0.996095	0.0141651
485	1.00265	0.014611
495	0.978752	0.0141791
505	0.983895	0.014635
515	1.00882	0.0157306
525	1.01414	0.0162724
535	1.00224	0.0162876
545	1.00696	0.0168851
555	0.971526	0.0161879
565	0.99158	0.017398
575	0.986429	0.0178078
585	0.969576	0.0178148
595	0.987614	0.0192075
605	1.01077	0.0209219
615	1.00735	0.0217075
625	0.979653	0.021501
635	0.966458	0.0220206
645	0.960495	0.0229005
655	0.990155	0.0257761
665	1.01296	0.0287119
675	0.973012	0.0282682
685	0.949937	0.0289601
695	0.941703	0.0307958
705	0.946139	0.0337044
715	0.971008	0.0388366
725	1.00074	0.045408
735	0.932591	0.0438164
745	0.973192	0.0534099
755	0.940552	0.0558585
765	0.899635	0.0584899
775	0.919302	0.0701346
785	0.962911	0.089652
795	0.948085	0.102005
805	1.05653	0.150373
815	0.803648	0.104065
825	0.801822	0.125677
835	0.859417	0.177257
845	1.40392	0.58617
855	1.81759	1.24857
865	0.895178	0.385603
875	-2.78638	4.9396
885	1.65439	2.18357
895	-2.09062	4.82583
905	0.437418	0.283538
915	0.422213	0.385521
925	-0.247814	0.145944
935	1	1
945	1	1
955	1	1
965	1	1
975	1	1
985	1	1
995	1	1
1005	1	1
1015	1	1
1025	1	1
1035	1	1
1045	1	1
1055	1	1
1065	1	1
1075	1	1
1085	1	1
1095	1	1
1105	1	1
1115	1	1
1125	1	1
1135	1	1
1145	1	1
1155	1	1
1165	1	1
1175	1	1
1185	1	1
1195	1	1
