5	1	1
15	1	1
25	1	1
35	1	1
45	1	1
55	1	1
65	1	1
75	1	1
85	-1.20795	3.17502
95	9.6817	102.558
105	3.27816	7.33082
115	1.37919	0.799097
125	2.50181	1.77231
135	3.50247	2.58516
145	1.72062	0.516454
155	2.36569	0.884023
165	2.07103	0.640532
175	1.96882	0.563238
185	3.1111	1.39382
195	1.69138	0.41359
205	2.05691	0.6134
215	1.4003	0.286552
225	2.54668	0.958145
235	2.07642	0.650301
245	1.46367	0.326161
255	1.64761	0.421004
265	2.65184	1.1131
275	1.27127	0.258181
285	2.22799	0.826889
295	1.47496	0.366666
305	1.66052	0.478419
315	2.9729	1.55601
325	3.29322	1.95538
335	1.28641	0.306829
345	1.13884	0.244022
355	1.50311	0.436962
365	1.09784	0.238253
375	1.22601	0.305819
385	1.19772	0.300986
395	1.44867	0.449338
405	1.65271	0.597351
415	1.46246	0.482234
425	1.9089	0.856949
435	1.00843	0.245297
445	-10.2522	25.9742
455	1.74221	0.771612
465	0.979212	0.25404
475	1.86397	0.952274
485	1.23431	0.436013
495	0.949455	0.267619
505	0.831018	0.209058
515	2.70118	2.3148
525	1.27597	0.534074
535	1.26449	0.548666
545	1.7299	1.08583
555	1.30805	0.645867
565	0.929061	0.34282
575	0.752666	0.238549
585	0.763153	0.255242
595	0.898958	0.373155
605	0.841541	0.352395
615	0.711603	0.258942
625	-6.04944	20.617
635	1.17624	0.814612
645	2.05303	2.73464
655	3.66838	9.23633
665	0.68756	0.351755
675	13.5749	157.316
685	1.06072	1.05151
695	0.884675	0.788914
705	5.11692	29.1223
715	0.49183	0.29808
725	0.267726	0.0974349
735	0.195643	0.0651963
745	0.431907	0.430155
755	0.794725	1.47559
765	1	1
775	1	1
785	1	1
795	1	1
805	1	1
815	1	1
825	1	1
835	1	1
845	1	1
855	1	1
865	1	1
875	1	1
885	1	1
895	1	1
905	1	1
915	1	1
925	1	1
935	1	1
945	1	1
955	1	1
965	1	1
975	1	1
985	1	1
995	1	1
1005	1	1
1015	1	1
1025	1	1
1035	1	1
1045	1	1
1055	1	1
1065	1	1
1075	1	1
1085	1	1
1095	1	1
1105	1	1
1115	1	1
1125	1	1
1135	1	1
1145	1	1
1155	1	1
1165	1	1
1175	1	1
1185	1	1
1195	1	1
