5	1	1
15	1	1
25	1	1
35	1	1
45	1	1
55	1	1
65	1	1
75	-0.204469	0.131307
85	0.614741	0.548488
95	2.19012	3.35513
105	-1.82227	1.311
115	1.52434	0.582266
125	2.42608	1.05358
135	2.05294	0.592741
145	3.0384	1.08527
155	3.30898	1.15621
165	2.68552	0.706721
175	2.69661	0.679014
185	2.39168	0.515373
195	2.60573	0.599976
205	5.7766	2.91442
215	5.40157	2.53504
225	6.3783	3.53798
235	5.15158	2.33422
245	8.5936	6.58065
255	4.9153	2.18238
265	127.405	1493.11
275	2.75006	0.708642
285	19.528	36.4449
295	-6.3387	3.93449
305	243.113	5905.62
315	14.4709	21.2825
325	-5.47502	3.1348
335	20.3764	44.7615
345	4.35631	2.09285
355	5.28523	3.15164
365	26.7502	82.6699
375	-152.081	2757.71
385	13.1609	21.028
395	9.99899	12.5795
405	-3.32506	1.42389
415	-39.8522	211.536
425	-13.1852	23.7654
435	-7.09488	7.08081
445	-15.2888	33.7779
455	-3.49692	1.82943
465	-4.1611	2.67215
475	-2.78685	1.23783
485	-5.62737	5.23188
495	-2.73634	1.27158
505	1462.41	377993
515	-2.77769	1.40435
525	-5.85176	6.54291
535	6.68527	8.76832
545	11.1548	25.4059
555	-4.68808	4.63167
565	-11.173	27.6247
575	97.9863	2233.98
585	43.0468	459.546
595	-8.7386	19.2863
605	-273.206	19775.4
615	-11.443	36.4403
625	3.38179	3.37132
635	-3.18903	3.15709
645	-5.23247	9.09851
655	34.8355	425.209
665	6.25859	14.4225
675	3.66459	5.32332
685	25.9281	288.362
695	43.7264	880.706
705	6.67657	22.0347
715	0.72974	0.281953
725	-2.54568	3.88753
735	-1.37832	1.22092
745	-0.514084	0.189347
755	-0.841637	0.558256
765	8.22551	60.3938
775	1.77855	3.25596
785	-2.87857	9.47688
795	-0.400865	0.205983
805	-0.750344	0.896916
815	-0.375443	0.280703
825	1	1
835	-4.46495	50.0039
845	1	1
855	1	1
865	1	1
875	1	1
885	1	1
895	1	1
905	1	1
915	1	1
925	1	1
935	1	1
945	1	1
955	1	1
965	1	1
975	1	1
985	1	1
995	1	1
1005	1	1
1015	1	1
1025	1	1
1035	1	1
1045	1	1
1055	1	1
1065	1	1
1075	1	1
1085	1	1
1095	1	1
1105	1	1
1115	1	1
1125	1	1
1135	1	1
1145	1	1
1155	1	1
1165	1	1
1175	1	1
1185	1	1
1195	1	1
