5	1	1
15	1	1
25	1	1
35	1	1
45	1	1
55	1	1
65	1	1
75	1	1
85	1	1
95	1.22451	4.53534
105	0.671736	0.696672
115	0.435875	0.171036
125	0.70206	0.271009
135	1.16779	0.494187
145	1.09205	0.304012
155	1.37275	0.371905
165	1.10776	0.197088
175	1.32957	0.243476
185	1.19809	0.175339
195	1.21097	0.162684
205	1.43811	0.210423
215	1.179	0.132173
225	1.23792	0.137264
235	1.34404	0.154608
245	1.31504	0.1419
255	1.52772	0.184957
265	1.20309	0.111123
275	1.32803	0.132287
285	1.21924	0.108751
295	1.62087	0.188064
305	1.27877	0.114946
315	1.30156	0.117665
325	1.31432	0.11864
335	1.37843	0.129414
345	1.33883	0.121549
355	1.23264	0.101873
365	1.33148	0.118877
375	1.28929	0.111131
385	1.63881	0.179862
395	1.22676	0.100786
405	1.26443	0.107808
415	1.35011	0.123443
425	1.32485	0.119366
435	1.04935	0.0753326
445	1.12285	0.087456
455	1.27138	0.113158
465	1.22532	0.106662
475	1.48435	0.15874
485	1.37331	0.138232
495	1.09053	0.0883794
505	1.32827	0.133752
515	1.3527	0.141866
525	1.31975	0.137986
535	1.55763	0.196925
545	1.2548	0.131318
555	1.20207	0.12432
565	1.17016	0.121644
575	1.2966	0.154409
585	1.1252	0.119872
595	0.957707	0.0902124
605	1.51042	0.234281
615	1.16154	0.143258
625	1.45514	0.237457
635	1.35853	0.216396
645	1.32548	0.218455
655	1.09118	0.155388
665	1.59537	0.354496
675	1.21875	0.222725
685	1.06953	0.182912
695	1.13373	0.218042
705	1.27161	0.300178
715	1.96356	0.775354
725	1.21331	0.330201
735	1.60533	0.630553
745	1.08551	0.318571
755	0.877109	0.228782
765	0.941907	0.301797
775	3.13505	3.83234
785	1.29792	0.760214
795	0.631392	0.205243
805	-3.82947	8.6522
815	0.973058	0.683241
825	1.25299	1.37127
835	0.577617	0.342866
845	0.362834	0.170849
855	0.458141	0.308016
865	0.617119	0.757041
875	1	1
885	0.205418	0.127784
895	1	1
905	1	1
915	1	1
925	1	1
935	1	1
945	1	1
955	1	1
965	1	1
975	1	1
985	1	1
995	1	1
1005	1	1
1015	1	1
1025	1	1
1035	1	1
1045	1	1
1055	1	1
1065	1	1
1075	1	1
1085	1	1
1095	1	1
1105	1	1
1115	1	1
1125	1	1
1135	1	1
1145	1	1
1155	1	1
1165	1	1
1175	1	1
1185	1	1
1195	1	1
