5	1	1
15	1	1
25	1	1
35	1	1
45	1	1
55	1	1
65	1	1
75	1	1
85	-0.204697	0.123315
95	-6.9674	40.8872
105	-29.7509	333.167
115	4.03314	3.57621
125	-7.34634	8.23914
135	-7.99719	7.61828
145	-57.4685	333.368
155	-5.15745	2.40577
165	19.4341	31.9946
175	-4.74802	1.82304
185	-8.86084	6.18345
195	-20.9305	34.0817
205	-11.3667	9.98002
215	10.0781	7.83459
225	-191.298	2836.43
235	-14.5511	16.5665
245	8.74145	6.05098
255	11.037	9.82274
265	20.0376	32.8268
275	26.3305	57.8424
285	12.0219	12.2749
295	8.82575	6.76742
305	12.6626	14.2269
315	-290.036	7663.35
325	-23.9434	53.3452
335	15.3653	22.5604
345	6.0764	3.60413
355	6.74037	4.55139
365	9.66084	9.57333
375	8.13594	7.0014
385	2.65846	0.763554
395	22.7292	57.2251
405	6.61665	5.03975
415	3.98096	1.86928
425	4.70447	2.6663
435	5.23682	3.42617
445	5.53603	3.93246
455	1.8673	0.461884
465	20.0299	54.9629
475	2.31868	0.760155
485	2.44652	0.868237
495	1.58396	0.381888
505	2.32412	0.847687
515	2.96706	1.42782
525	12.1621	24.8219
535	5.04054	4.46393
545	7.29455	9.72409
555	3.9137	2.88017
565	2.98604	1.76996
575	-2.19342	1.00037
585	2.35292	1.19542
595	6.85422	10.5894
605	6.14643	9.07484
615	-5.38573	7.24018
625	1.65849	0.732824
635	6.24026	10.8341
645	4.83828	7.03809
655	5.91306	11.1192
665	3.02773	3.10178
675	8.91581	28.1321
685	1.84965	1.32146
695	-3.46403	5.00279
705	-11.8488	63.5783
715	-1.70269	1.45393
725	0.760923	0.307129
735	1.27787	0.95618
745	0.921089	0.557973
755	2.6412	4.91318
765	1.05551	0.905198
775	1.53596	2.12819
785	1.38695	2.06431
795	2.20855	5.94221
805	0.729175	0.767088
815	-0.566306	0.578425
825	-0.400698	0.269397
835	-0.36143	0.316677
845	1.20679	4.20135
855	-5.403	91.3849
865	1	1
875	1	1
885	1	1
895	1	1
905	1	1
915	1	1
925	1	1
935	1	1
945	1	1
955	1	1
965	1	1
975	1	1
985	1	1
995	1	1
1005	1	1
1015	1	1
1025	1	1
1035	1	1
1045	1	1
1055	1	1
1065	1	1
1075	1	1
1085	1	1
1095	1	1
1105	1	1
1115	1	1
1125	1	1
1135	1	1
1145	1	1
1155	1	1
1165	1	1
1175	1	1
1185	1	1
1195	1	1
