5	0.0802009	0.0286065
15	1	1
25	0.186615	0.0400743
35	0.434687	0.0656664
45	0.795268	0.0837843
55	0.991241	0.0629447
65	1.03388	0.0406912
75	0.969762	0.0263221
85	0.964729	0.0224258
95	1.02343	0.0229256
105	1.00185	0.0203767
115	0.987667	0.0186225
125	1.00564	0.0182816
135	1.0297	0.0182819
145	1.0556	0.0184076
155	1.0148	0.0163774
165	1.03832	0.0165861
175	1.02436	0.0156731
185	1.03541	0.0155856
195	1.02366	0.0148808
205	1.00953	0.014173
215	1.02658	0.0143902
225	1.03802	0.0144684
235	1.01913	0.0137617
245	1.01267	0.0134152
255	1.03335	0.0138118
265	1.00109	0.012845
275	1.04683	0.0139348
285	1.0197	0.0131405
295	1.01029	0.0128402
305	1.00612	0.0126754
315	0.998715	0.0124617
325	1.01241	0.0127866
335	1.00068	0.0124966
345	1.00423	0.0125993
355	1.02119	0.013057
365	0.998214	0.0125242
375	1.00035	0.0126326
385	0.990203	0.0124409
395	0.987149	0.0124451
405	0.997577	0.0128082
415	0.988605	0.0126913
425	1.03022	0.0139291
435	0.984508	0.0128589
445	0.997685	0.0133824
455	0.984928	0.0132037
465	0.99719	0.0137471
475	0.992013	0.0138222
485	0.990686	0.0140223
495	0.975888	0.013876
505	1.00104	0.0149122
515	0.984985	0.01476
525	1.00564	0.0157501
535	0.994024	0.0157716
545	0.981392	0.0157952
555	0.988017	0.0164776
565	0.980988	0.0167596
575	0.975715	0.0171425
585	1.00585	0.0188724
595	0.990848	0.0190175
605	0.991302	0.0198273
615	1.00083	0.0211146
625	0.94584	0.0197369
635	1.00452	0.023411
645	0.967371	0.022882
655	0.971323	0.0244339
665	0.987945	0.0268804
675	0.989668	0.0288069
685	0.945312	0.028284
695	0.952207	0.0310096
705	0.981713	0.0358351
715	0.929548	0.0351205
725	1.00714	0.045633
735	0.955011	0.0455369
745	0.943128	0.0497926
755	0.89375	0.0506296
765	0.929635	0.0628003
775	1.04057	0.0910115
785	0.964051	0.0910958
795	0.863978	0.0865513
805	0.954598	0.127598
815	1.00433	0.17065
825	0.930082	0.178944
835	0.792178	0.163569
845	0.996064	0.33185
855	3.15032	4.29033
865	2.1562	2.64847
875	0.991206	0.748986
885	2.2435	5.18558
895	-1.09116	1.89755
905	1	1
915	1	1
925	1	1
935	1	1
945	1	1
955	1	1
965	1	1
975	1	1
985	1	1
995	1	1
1005	1	1
1015	1	1
1025	1	1
1035	1	1
1045	1	1
1055	1	1
1065	1	1
1075	1	1
1085	1	1
1095	1	1
1105	1	1
1115	1	1
1125	1	1
1135	1	1
1145	1	1
1155	1	1
1165	1	1
1175	1	1
1185	1	1
1195	1	1
