5	1	1
15	1	1
25	1	1
35	1	1
45	1	1
55	0.159862	0.135287
65	0.341192	0.309109
75	-1.45025	2.92626
85	-2.03332	3.27046
95	1.37364	0.958889
105	-6.17165	13.5173
115	6.43106	11.113
125	6.03489	8.12693
135	2.02058	0.808483
145	1.97752	0.710673
155	1.77194	0.555764
165	3.27038	1.85464
175	4.77778	3.90561
185	2.46707	1.03898
195	2.02776	0.702454
205	2.08733	0.752223
215	2.013	0.706271
225	1.83899	0.600129
235	1.6866	0.510774
245	2.31105	0.969895
255	11.9512	26.4254
265	1.20173	0.273564
275	1.15942	0.25783
285	1.61533	0.510524
295	0.940269	0.174935
305	1.24951	0.316665
315	2.52159	1.3211
325	1.22503	0.316626
335	1.45371	0.463077
345	1.35037	0.409949
355	1.92366	0.836504
365	1.66549	0.63942
375	1.54303	0.567567
385	2.03081	1.01317
395	2.13162	1.13718
405	1.49814	0.577108
415	1.04882	0.289371
425	1.57788	0.673906
435	1.33822	0.501749
445	1.10754	0.355752
455	0.893381	0.237338
465	1.06304	0.343126
475	0.858041	0.235278
485	4.91358	7.94104
495	1.57672	0.843475
505	1.06498	0.400471
515	0.649971	0.153871
525	-3.87965	5.82347
535	4.33973	7.63042
545	2.31605	2.28876
555	1.095	0.534731
565	1.72497	1.37211
575	1.96453	1.88096
585	-29.7922	451.668
595	3.97755	8.48949
605	1.03554	0.620097
615	1.99293	2.41329
625	1.12321	0.817009
635	0.666851	0.306972
645	-2.24929	3.82777
655	1.50064	1.80947
665	-159.485	23118.8
675	0.873792	0.757798
685	1.4765	2.33683
695	1.9126	4.4227
705	2.59615	9.19065
715	0.949326	1.33818
725	-1.2149	2.37726
735	2.1731	8.31313
745	-0.741646	1.1379
755	0.31075	0.235731
765	1.74139	10.3477
775	1	1
785	1	1
795	1	1
805	1	1
815	1	1
825	1	1
835	1	1
845	1	1
855	1	1
865	1	1
875	1	1
885	1	1
895	1	1
905	1	1
915	1	1
925	1	1
935	1	1
945	1	1
955	1	1
965	1	1
975	1	1
985	1	1
995	1	1
1005	1	1
1015	1	1
1025	1	1
1035	1	1
1045	1	1
1055	1	1
1065	1	1
1075	1	1
1085	1	1
1095	1	1
1105	1	1
1115	1	1
1125	1	1
1135	1	1
1145	1	1
1155	1	1
1165	1	1
1175	1	1
1185	1	1
1195	1	1
