5	1	1
15	1	1
25	1	1
35	0.289318	0.0878474
45	0.588513	0.0766459
55	0.615784	0.0309587
65	0.83018	0.0288303
75	0.955165	0.0261132
85	0.947774	0.0215998
95	0.986147	0.021067
105	0.994947	0.0198557
115	1.00884	0.0191357
125	1.01248	0.0182581
135	1.02526	0.0178391
145	1.03778	0.0174972
155	1.05933	0.0175603
165	1.01795	0.0156744
175	1.02411	0.0153965
185	1.03189	0.0152231
195	1.03952	0.0150911
205	1.03965	0.0147836
215	1.04207	0.0145853
225	1.01618	0.0136368
235	1.02217	0.0136067
245	1.01019	0.0131216
255	0.995345	0.0126036
265	1.03317	0.0134613
275	1.02867	0.0132373
285	1.03925	0.0134315
295	1.0468	0.0135485
305	1.01182	0.0126153
315	1.02006	0.0127894
325	1.00665	0.0124364
335	0.993708	0.0121199
345	0.993365	0.0121268
355	1.01741	0.0127462
365	0.997866	0.0123098
375	1.02173	0.0129603
385	0.98221	0.0120442
395	1.00262	0.0126298
405	0.994776	0.0125345
415	0.990844	0.0125493
425	0.987278	0.0125917
435	1.04237	0.0141864
445	0.99383	0.0130593
455	1.00264	0.0134743
465	0.997416	0.0135413
475	0.966428	0.0129157
485	1.00378	0.0141841
495	1.01368	0.0147404
505	1.00639	0.0148323
515	1.01693	0.0154719
525	0.982865	0.0147942
535	0.98356	0.015207
545	0.990677	0.0158474
555	0.953448	0.0150939
565	0.979729	0.0164336
575	1.01836	0.0183595
585	0.991128	0.0180367
595	1.00068	0.0190885
605	1.01089	0.0202625
615	0.96384	0.0192412
625	0.995573	0.0214959
635	0.967088	0.0212908
645	1.01203	0.0246217
655	1.01119	0.0260097
665	0.975577	0.0256918
675	0.996389	0.0286568
685	0.979222	0.0296485
695	0.937028	0.0292846
705	0.981911	0.0349446
715	0.96143	0.0365968
725	0.976915	0.0415702
735	0.989703	0.0472185
745	0.983129	0.0519519
755	0.942202	0.0537316
765	0.914634	0.0574677
775	1.05108	0.0871467
785	0.976821	0.0869486
795	0.960918	0.0986412
805	0.74666	0.0700199
815	0.920974	0.129067
825	0.847137	0.13256
835	1.0392	0.245863
845	1.23387	0.424516
855	1.10387	0.436314
865	1.21892	0.676049
875	1.50053	1.29195
885	1.12516	0.989595
895	0.295258	0.0929523
905	1.0031	1.70751
915	-2.79314	18.1651
925	1	1
935	1	1
945	1	1
955	1	1
965	1	1
975	1	1
985	1	1
995	1	1
1005	1	1
1015	1	1
1025	1	1
1035	1	1
1045	1	1
1055	1	1
1065	1	1
1075	1	1
1085	1	1
1095	1	1
1105	1	1
1115	1	1
1125	1	1
1135	1	1
1145	1	1
1155	1	1
1165	1	1
1175	1	1
1185	1	1
1195	1	1
