5	1	1
15	1	1
25	0.0950846	0.0533837
35	0.413452	0.170127
45	0.415207	0.0480626
55	0.668211	0.0428882
65	0.792567	0.0285321
75	0.862408	0.0225547
85	0.932055	0.0218306
95	0.952677	0.0203909
105	0.987918	0.0202423
115	0.982778	0.0187572
125	0.980127	0.0176599
135	1.00481	0.0176843
145	0.993807	0.0165506
155	1.01939	0.0167559
165	0.995421	0.0154489
175	1.02342	0.0158467
185	1.01494	0.0151681
195	1.01614	0.0148477
205	1.01404	0.0144815
215	1.04214	0.0150126
225	0.994232	0.0134427
235	1.02962	0.014208
245	1.00353	0.0133332
255	1.03281	0.0139783
265	1.02169	0.0135474
275	1.01191	0.0131804
285	1.03583	0.0137314
295	1.00979	0.0129855
305	1.01379	0.0130441
315	1.02028	0.0131673
325	1.00595	0.0127866
335	0.996453	0.0125472
345	1.03616	0.0135846
355	0.988339	0.0123879
365	0.992631	0.0125341
375	1.00066	0.012792
385	0.984974	0.0124669
395	0.992146	0.0127373
405	0.994967	0.0129006
415	1.01448	0.0135383
425	1.00425	0.0134077
435	1.00493	0.0135745
445	1.03128	0.014476
455	0.976167	0.0131461
465	0.995731	0.0138821
475	0.966744	0.0133063
485	0.987474	0.0141235
495	1.00174	0.0148206
505	0.974807	0.0143118
515	0.97178	0.0145434
525	0.968701	0.0147972
535	1.01965	0.0168185
545	0.974758	0.0157934
555	0.985218	0.0166053
565	0.996145	0.0175225
575	0.98608	0.0177307
585	1.00125	0.0189476
595	0.977659	0.0187513
605	0.985252	0.0198551
615	0.997334	0.0212592
625	0.94803	0.0201046
635	0.95602	0.021474
645	0.980563	0.0238547
655	1.00158	0.0263778
665	1.00917	0.0284633
675	0.967431	0.027966
685	0.990064	0.0315648
695	0.956091	0.0318028
705	0.968444	0.0355519
715	0.880326	0.0321154
725	0.940699	0.0404654
735	0.900185	0.0413321
745	1.0585	0.0641605
755	0.994669	0.0640677
765	0.902358	0.0604942
775	1.06811	0.0982579
785	1.03191	0.107399
795	0.97398	0.112454
805	0.988534	0.139872
815	0.96367	0.160658
825	1.36977	0.400128
835	1.09647	0.311997
845	0.691977	0.159953
855	0.643985	0.178618
865	0.563613	0.178757
875	0.797068	0.479884
885	2.17613	4.73003
895	0.31468	0.131076
905	0.355581	0.266431
915	1	1
925	1	1
935	1	1
945	1	1
955	1	1
965	1	1
975	1	1
985	1	1
995	1	1
1005	1	1
1015	1	1
1025	1	1
1035	1	1
1045	1	1
1055	1	1
1065	1	1
1075	1	1
1085	1	1
1095	1	1
1105	1	1
1115	1	1
1125	1	1
1135	1	1
1145	1	1
1155	1	1
1165	1	1
1175	1	1
1185	1	1
1195	1	1
