5	1	1
15	1	1
25	1	1
35	1	1
45	1	1
55	1	1
65	-0.116275	0.0620026
75	-0.794194	1.48736
85	-1.78892	4.12728
95	0.474143	0.161689
105	-4.11828	7.53774
115	2.98592	2.67757
125	1.87323	0.774915
135	2.04117	0.742352
145	1.94443	0.588948
155	2.098	0.641528
165	1.53665	0.332724
175	1.99907	0.554678
185	1.4496	0.288646
195	3.56134	1.75478
205	2.4113	0.813918
215	1.39547	0.27402
225	1.85456	0.491445
235	1.58768	0.367782
245	1.3936	0.287363
255	2.69359	1.09039
265	1.90403	0.553435
275	1.8382	0.528336
285	1.19961	0.229675
295	2.50196	1.02357
305	1.4027	0.326606
315	1.14563	0.222742
325	1.49974	0.393983
335	1.68142	0.50362
345	1.49336	0.409341
355	1.05877	0.209812
365	1.11185	0.236661
375	1.15857	0.262066
385	1.36602	0.375856
395	1.24258	0.319084
405	1.17736	0.293808
415	1.28709	0.364693
425	1.7633	0.70103
435	1.2692	0.373879
445	3.78581	3.42087
455	1.15006	0.322355
465	1.88428	0.903327
475	1.32937	0.463251
485	1.08414	0.320887
495	1.73833	0.848165
505	1.67002	0.816196
515	1.00985	0.3111
525	0.700447	0.155635
535	4.21376	5.77897
545	0.864192	0.258487
555	1.2913	0.600928
565	1.82742	1.25616
575	1.04785	0.43479
585	2.02177	1.70958
595	1.5977	1.13485
605	3.05501	4.38889
615	1.17124	0.668737
625	0.84496	0.374662
635	0.649625	0.233667
645	1.8514	2.01713
655	0.556455	0.196707
665	220.606	34008.9
675	0.791965	0.45749
685	1.07118	0.913658
695	1.01508	0.941813
705	0.462269	0.209483
715	1.79626	3.61702
725	-23.6859	674.592
735	1.17703	1.93885
745	-2.32748	8.42287
755	1	1
765	0.473518	0.596439
775	-0.477509	0.574869
785	1	1
795	0.274409	0.214859
805	1	1
815	1	1
825	1	1
835	1	1
845	1	1
855	1	1
865	1	1
875	1	1
885	1	1
895	1	1
905	1	1
915	1	1
925	1	1
935	1	1
945	1	1
955	1	1
965	1	1
975	1	1
985	1	1
995	1	1
1005	1	1
1015	1	1
1025	1	1
1035	1	1
1045	1	1
1055	1	1
1065	1	1
1075	1	1
1085	1	1
1095	1	1
1105	1	1
1115	1	1
1125	1	1
1135	1	1
1145	1	1
1155	1	1
1165	1	1
1175	1	1
1185	1	1
1195	1	1
