5	1	1
15	1	1
25	1	1
35	1	1
45	1	1
55	1	1
65	0.109889	0.0454116
75	2.54883	12.2379
85	0.400188	0.156305
95	0.866206	0.393005
105	2.05565	1.314
115	1.75564	0.625696
125	2.32445	0.784164
135	3.15112	1.12892
145	2.8739	0.787169
155	3.23683	0.908684
165	3.17174	0.817642
175	2.89985	0.655432
185	4.48908	1.53191
195	3.26589	0.800996
205	2.89853	0.627576
215	3.88384	1.12879
225	2.62043	0.51611
235	2.64364	0.531226
245	4.01261	1.23255
255	2.85674	0.636354
265	3.55671	1.00409
275	11.8924	11.5062
285	2.79403	0.644931
295	27.3029	63.2892
305	4.28591	1.58714
315	7.18237	4.5824
325	5.62633	2.86741
335	30.0375	84.1648
345	4.59127	2.00045
355	6.79819	4.51304
365	7.28355	5.32214
375	3.14215	1.01917
385	54.4296	312.179
395	10.1585	11.2419
405	12.4732	17.33
415	7.67859	6.78402
425	4.94534	2.90958
435	6.8404	5.73497
445	4.63599	2.69627
455	153.463	3063.78
465	5.79706	4.53038
475	-32.6546	147.732
485	-569.543	46658.8
495	3.33949	1.65118
505	4.68778	3.40414
515	16.8168	45.0937
525	-22.3814	82.8895
535	9.68353	16.1371
545	8.70566	13.7005
555	2.89822	1.55489
565	4.78865	4.47159
575	4.58866	4.29704
585	-5.48197	6.40827
595	5.57538	6.87894
605	-21.2426	105.508
615	-7.7075	14.7394
625	17.9558	83.5462
635	8.03193	17.8338
645	1.6734	0.824216
655	2.32243	1.70554
665	-9.3975	29.5554
675	-4.49264	7.1146
685	3.91982	5.84309
695	1.96063	1.56796
705	2.11195	1.9667
715	-3.47946	5.70291
725	1.46369	1.1257
735	21.1689	250.194
745	-5.71868	19.8183
755	3.18007	7.07487
765	1.19042	1.09183
775	2.52632	5.55305
785	-2.64968	6.98334
795	0.626844	0.454162
805	-0.924924	1.08625
815	1.28393	2.30142
825	0.288223	0.133541
835	-0.281753	0.163903
845	1	1
855	0.521345	0.758683
865	1	1
875	1	1
885	1	1
895	1	1
905	1	1
915	1	1
925	1	1
935	1	1
945	1	1
955	1	1
965	1	1
975	1	1
985	1	1
995	1	1
1005	1	1
1015	1	1
1025	1	1
1035	1	1
1045	1	1
1055	1	1
1065	1	1
1075	1	1
1085	1	1
1095	1	1
1105	1	1
1115	1	1
1125	1	1
1135	1	1
1145	1	1
1155	1	1
1165	1	1
1175	1	1
1185	1	1
1195	1	1
