5	1	1
15	1	1
25	-0.213323	0.160996
35	-0.473281	0.229293
45	7.21854	15.6704
55	0.882366	0.0833274
65	0.901574	0.0395587
75	0.907816	0.025674
85	1.02272	0.0265704
95	0.953839	0.0205775
105	0.986051	0.0203139
115	0.986778	0.0191169
125	0.968125	0.0174644
135	1.00462	0.0179641
145	1.04579	0.0186896
155	0.969932	0.0154949
165	0.999942	0.0159286
175	0.974381	0.0146875
185	1.0044	0.015192
195	1.0006	0.0147172
205	0.982933	0.0139008
215	0.984991	0.0136923
225	0.972672	0.0131155
235	0.98714	0.0133048
245	1.00255	0.0135491
255	0.994595	0.0131707
265	0.992116	0.012983
275	0.990314	0.0128217
285	0.981129	0.0125023
295	1.02574	0.0135804
305	1.00294	0.0129286
315	1.00197	0.0128637
325	0.97872	0.0122522
335	0.998743	0.0127528
345	0.989076	0.0125098
355	0.97903	0.012279
365	0.975374	0.0122264
375	0.9762	0.0122953
385	0.996425	0.0128782
395	0.977554	0.0124766
405	0.99868	0.0131242
415	0.992923	0.0130842
425	0.985662	0.0130117
435	0.964063	0.0125802
445	0.96801	0.0128364
455	0.983147	0.0134268
465	0.988831	0.0137921
475	0.970873	0.01351
485	0.992157	0.01435
495	0.97676	0.0141834
505	1.0105	0.015477
515	0.965449	0.0144348
525	0.981848	0.0152907
535	0.997896	0.0162006
545	0.998139	0.0166501
555	0.956421	0.0157382
565	0.952121	0.0160881
575	1.02543	0.0192946
585	0.995701	0.0188328
595	0.954989	0.0179928
605	0.980544	0.0197779
615	0.98897	0.0209675
625	0.992481	0.0221473
635	0.995702	0.0234221
645	0.97985	0.0239374
655	0.980954	0.0254311
665	0.928808	0.0242418
675	0.926326	0.0258287
685	0.965479	0.0301376
695	0.953432	0.0317731
705	0.913606	0.0317779
715	1.02463	0.0438416
725	0.944226	0.0411647
735	1.08015	0.0600094
745	0.916553	0.0485893
755	0.90438	0.0536738
765	0.976181	0.0716767
775	0.964363	0.0813705
785	0.881779	0.0799721
795	0.995819	0.12216
805	0.913853	0.122617
815	0.918497	0.153628
825	0.757214	0.128318
835	0.881344	0.221895
845	0.994465	0.356508
855	0.683907	0.222901
865	13.9799	120.946
875	1.91029	2.94537
885	0.407969	0.229969
895	1.11938	2.77272
905	1	1
915	1	1
925	1	1
935	1	1
945	1	1
955	1	1
965	1	1
975	1	1
985	1	1
995	1	1
1005	1	1
1015	1	1
1025	1	1
1035	1	1
1045	1	1
1055	1	1
1065	1	1
1075	1	1
1085	1	1
1095	1	1
1105	1	1
1115	1	1
1125	1	1
1135	1	1
1145	1	1
1155	1	1
1165	1	1
1175	1	1
1185	1	1
1195	1	1
