5	1	1
15	1	1
25	1	1
35	-0.200861	0.0778448
45	-0.342144	0.0626787
55	-0.829264	0.108777
65	-12.9435	9.99248
75	1.70956	0.0994633
85	1.21465	0.0388433
95	1.0706	0.0262953
105	1.03102	0.022297
115	0.993439	0.0193473
125	0.98276	0.0178861
135	1.0242	0.0184843
145	1.03096	0.0179164
155	1.01197	0.016597
165	1.03446	0.016748
175	1.02391	0.0159131
185	1.03923	0.0159643
195	1.01072	0.0147405
205	1.01671	0.0145926
215	1.00664	0.0140412
225	0.994969	0.0135017
235	1.02356	0.0140803
245	1.04159	0.0144029
255	1.00565	0.0132748
265	1.01733	0.0134585
275	1.03874	0.0139196
285	1.01812	0.0132862
295	1.01374	0.0131071
305	1.02999	0.0134838
315	1.02543	0.0133339
325	1.00373	0.0127519
335	1.00779	0.0128585
345	1.00115	0.0127071
355	1.02403	0.0133158
365	1.01127	0.0130353
375	0.98534	0.012427
385	0.996133	0.0127726
395	1.02474	0.0136062
405	1.00176	0.0131072
415	1.00275	0.0132441
425	0.992405	0.0131068
435	0.970707	0.0126749
445	1.02366	0.0142814
455	0.993313	0.0136295
465	0.998138	0.0139619
475	1.03011	0.0151188
485	1.00006	0.014509
495	0.992834	0.0145777
505	0.974554	0.014323
515	1.00503	0.015583
525	0.992594	0.015557
535	0.990666	0.0158921
545	1.02232	0.0173918
555	1.00105	0.0171654
565	0.974281	0.0167555
575	0.98631	0.017771
585	0.964961	0.0176217
595	1.00074	0.0196911
605	0.994618	0.0202467
615	1.00974	0.0218072
625	0.974583	0.0212786
635	1.01917	0.0244771
645	0.97985	0.0238759
655	0.969183	0.0247331
665	0.974204	0.0266494
675	0.996463	0.0298239
685	0.98244	0.0310945
695	0.947068	0.0312739
705	0.928631	0.0328567
715	1.00555	0.0421847
725	0.904791	0.0378076
735	0.929106	0.0444646
745	0.956778	0.0530006
755	0.972549	0.0622821
765	0.888756	0.0599122
775	0.966476	0.0825419
785	1.08916	0.122907
795	0.895716	0.0988415
805	0.84432	0.106578
815	0.839712	0.129247
825	0.956363	0.208505
835	0.844437	0.202328
845	0.909999	0.302836
855	0.528464	0.137
865	8.94786	52.7376
875	0.452656	0.169395
885	0.730524	0.659766
895	-2.84237	14.8835
905	1	1
915	-0.770794	1.80924
925	1	1
935	1	1
945	1	1
955	1	1
965	1	1
975	1	1
985	1	1
995	1	1
1005	1	1
1015	1	1
1025	1	1
1035	1	1
1045	1	1
1055	1	1
1065	1	1
1075	1	1
1085	1	1
1095	1	1
1105	1	1
1115	1	1
1125	1	1
1135	1	1
1145	1	1
1155	1	1
1165	1	1
1175	1	1
1185	1	1
1195	1	1
