5	1	1
15	1	1
25	1	1
35	1	1
45	1	1
55	1	1
65	1	1
75	1	1
85	-0.217591	0.0776363
95	-3.68335	8.79854
105	-1.52252	0.781238
115	-2.69446	1.47938
125	-19.6871	56.2568
135	-27.9199	89.1936
145	-3.61021	1.26624
155	-7.3614	4.82376
165	-115.547	1113.67
175	-4.11108	1.35052
185	-5.49965	2.36617
195	-16.4852	20.9584
205	942.089	68201
215	29.7896	67.9661
225	51.1711	202.124
235	-28.7313	64.3462
245	-11.6136	10.6415
255	9.1398	6.67517
265	6.36823	3.29927
275	-11.2056	10.4099
285	4.42203	1.65502
295	9.69456	8.13115
305	-14.3147	18.1485
315	9.22081	7.69694
325	44.9462	187.728
335	-59.8151	339.323
345	4.06142	1.61344
355	-6.23848	3.89153
365	3.99289	1.63102
375	8.02532	6.75609
385	3.25593	1.14378
395	5.90404	3.86906
405	6.61168	4.98148
415	3.34874	1.31998
425	4.58132	2.53786
435	4.00271	1.9895
445	2.03749	0.533196
455	3.63352	1.75259
465	5.325	3.8834
475	1.79675	0.458042
485	4.28971	2.68603
495	4.98756	3.7641
505	6.58435	6.78152
515	5.28543	4.5424
525	2.10789	0.753332
535	5.44907	5.16498
545	5.31651	5.14994
555	2.8259	1.50694
565	8.35402	13.75
575	1.84508	0.70538
585	33.2523	239.077
595	-3.69029	3.12818
605	6.3397	9.65431
615	-10.1037	25.8414
625	1.85902	0.930383
635	-667.46	127202
645	-4.37224	5.67191
655	24.9237	198.102
665	1.59603	0.869122
675	-1.66795	1.01141
685	1.74596	1.19999
695	-30.8812	407.784
705	-11.9402	65.2891
715	0.813323	0.338735
725	13.7368	103.262
735	-2.03164	2.4959
745	-9.24515	57.9808
755	0.573647	0.251386
765	2.21906	4.27182
775	-1.98045	3.83012
785	1.23397	1.79063
795	-0.312527	0.123792
805	0.307607	0.136446
815	-1.02516	2.07858
825	-7.84656	140.579
835	0.636164	1.13978
845	1	1
855	1	1
865	1	1
875	1	1
885	1	1
895	1	1
905	1	1
915	1	1
925	1	1
935	1	1
945	1	1
955	1	1
965	1	1
975	1	1
985	1	1
995	1	1
1005	1	1
1015	1	1
1025	1	1
1035	1	1
1045	1	1
1055	1	1
1065	1	1
1075	1	1
1085	1	1
1095	1	1
1105	1	1
1115	1	1
1125	1	1
1135	1	1
1145	1	1
1155	1	1
1165	1	1
1175	1	1
1185	1	1
1195	1	1
