5	1	1
15	1	1
25	1	1
35	1	1
45	1	1
55	1	1
65	-0.15996	0.0897143
75	-0.719193	0.883114
85	-0.85942	0.694762
95	-3.59129	6.9748
105	-28.3526	276.968
115	5.62984	7.56544
125	13.0253	30.0538
135	3.45085	1.68656
145	3.90997	1.83047
155	3.97834	1.71295
165	4.04287	1.63915
175	2.35851	0.52924
185	2.84688	0.74746
195	3.00485	0.813129
205	13.7837	16.9856
215	4.53805	1.82943
225	4.24678	1.60814
235	8.43282	6.3671
245	7.67462	5.33759
255	20.0115	36.7893
265	-14.5163	19.7765
275	4.936	2.31368
285	16.423	26.3189
295	6.73868	4.52325
305	5.13448	2.67671
315	-17.7547	32.8624
325	9.87124	10.4351
335	14.9544	24.3738
345	19.2108	41.3602
355	-5.59513	3.58524
365	11.0348	14.2789
375	-6.76708	5.54575
385	-6.983	6.08631
395	-51.1101	335.372
405	-35.5272	166.339
415	5.15729	3.60338
425	-9.51781	12.5259
435	-5.35521	4.12393
445	-72.7609	779.59
455	-2.90129	1.2819
465	-3.29204	1.70986
475	-4.45391	3.2242
485	-3.17063	1.69391
495	16.3381	46.1745
505	-2.34277	0.987551
515	-1.65647	0.510117
525	146.666	4141.86
535	-5.49953	6.05826
545	6.46137	8.73349
555	-18.7086	75.0227
565	-3.0495	2.10773
575	3.32336	2.59819
585	51.9981	662.859
595	-14.7705	56.1619
605	3.36116	3.06647
615	5.53338	8.7167
625	4.29864	5.54404
635	-1.04277	0.343982
645	-4.76079	7.68311
655	7.69951	20.9976
665	-3.74281	5.25074
675	-2.69133	2.91147
685	2.51914	2.71836
695	-37.4893	641.274
705	1.08091	0.573571
715	-2.04701	2.27042
725	1.86964	2.01992
735	9.49015	55.8247
745	-5.49632	22.3026
755	1.16601	1.07137
765	-3.08655	8.17888
775	-1.63754	2.60435
785	-1.02217	1.12315
795	-1.14381	1.61886
805	-0.389648	0.216663
815	2.99286	14.5451
825	-6.9758	105.092
835	-1.17692	2.99206
845	-1.06217	3.02611
855	1	1
865	1	1
875	1	1
885	1	1
895	1	1
905	1	1
915	1	1
925	1	1
935	1	1
945	1	1
955	1	1
965	1	1
975	1	1
985	1	1
995	1	1
1005	1	1
1015	1	1
1025	1	1
1035	1	1
1045	1	1
1055	1	1
1065	1	1
1075	1	1
1085	1	1
1095	1	1
1105	1	1
1115	1	1
1125	1	1
1135	1	1
1145	1	1
1155	1	1
1165	1	1
1175	1	1
1185	1	1
1195	1	1
