5	1	1
15	1	1
25	1	1
35	1	1
45	1	1
55	1	1
65	-0.517424	1.26645
75	-1.7722	7.28998
85	195.277	43605.6
95	1.50469	1.4676
105	6.58039	16.6618
115	6.82601	11.8301
125	3.80896	2.64426
135	4.17292	2.47383
145	2.50918	0.752857
155	6.51446	4.56601
165	4.37939	1.93323
175	3.93329	1.48211
185	3.64487	1.22614
195	2.88192	0.752935
205	5.76099	2.99263
215	5.65347	2.86449
225	6.97242	4.37073
235	9.79259	8.68867
245	4.15512	1.584
255	8.0834	6.08365
265	4.13857	1.61493
275	8.26587	6.55785
285	-7.05963	4.89984
295	-45.5511	208.696
305	826.409	70179.2
315	-12.064	15.336
325	-3.78851	1.54549
335	-6.58692	4.81623
345	12.9564	19.1218
355	10.6918	13.3236
365	-8.71525	9.08108
375	-5.59218	3.82728
385	9.32559	11.0106
395	-5.86044	4.44449
405	-49.4259	327.435
415	44.8132	274.988
425	29.1009	120.372
435	-13.3957	26.1941
445	-9.75081	14.3452
455	364.427	20648.3
465	-4.27259	2.94132
475	-5.57451	5.13959
485	-13.736	32.2835
495	-2.32923	0.962132
505	15.5267	44.4864
515	-11.5843	25.3938
525	-3.66878	2.67616
535	-8.01239	13.2139
545	2.68627	1.55484
555	-5.7674	7.33573
565	83.9592	1621.59
575	-11.2329	30.5845
585	-2.27987	1.29942
595	-125.737	4217.51
605	16.2595	73.0459
615	-3.17012	2.90277
625	-1.31587	0.526363
635	1.49887	0.731013
645	-1.67905	0.958625
655	-7.07022	17.9421
665	-3.99761	6.05021
675	3.65937	5.45464
685	48.6326	1015.94
695	-4.76365	10.7292
705	88.2212	3930.49
715	-627.245	216129
725	-0.896685	0.469351
735	1.62097	1.66327
745	6.37963	27.8634
755	32.7245	824.856
765	3.04718	8.18504
775	-2.00304	3.89271
785	-1.7392	3.23473
795	0.546867	0.361962
805	-3.48219	16.9303
815	0.716361	0.840033
825	-0.358708	0.232518
835	-0.211954	0.0929454
845	0.924855	2.05849
855	1	1
865	1	1
875	1	1
885	1	1
895	1	1
905	1	1
915	1	1
925	1	1
935	1	1
945	1	1
955	1	1
965	1	1
975	1	1
985	1	1
995	1	1
1005	1	1
1015	1	1
1025	1	1
1035	1	1
1045	1	1
1055	1	1
1065	1	1
1075	1	1
1085	1	1
1095	1	1
1105	1	1
1115	1	1
1125	1	1
1135	1	1
1145	1	1
1155	1	1
1165	1	1
1175	1	1
1185	1	1
1195	1	1
