5	1	1
15	1	1
25	1	1
35	1	1
45	1	1
55	1	1
65	1	1
75	1	1
85	0.295149	0.255438
95	-2.79811	7.20097
105	-7.84543	30.1235
115	-11.6661	41.7335
125	2.41427	1.32757
135	1.75408	0.569349
145	2.2343	0.817548
155	1.82108	0.51486
165	3.23319	1.5629
175	3.6738	1.98725
185	8.27202	10.1052
195	1.42716	0.301839
205	1.47095	0.322117
215	2.49393	0.93316
225	1.8669	0.529837
235	3.10534	1.49317
245	1.91168	0.577861
255	1.43658	0.328475
265	1.3831	0.312056
275	3.00542	1.50506
285	1.31076	0.291515
295	1.77404	0.543993
305	2.16289	0.82796
315	1.72621	0.540381
325	4.84092	4.35921
335	1.44138	0.397067
345	0.873694	0.148742
355	1.80914	0.652471
365	1.76651	0.637542
375	2.12751	0.940724
385	0.870659	0.162385
395	1.54885	0.528065
405	1.57684	0.560414
415	1.22442	0.349283
425	1.42964	0.490115
435	5.21255	6.70261
445	1.18323	0.36012
455	1.09429	0.317819
465	1.78783	0.86451
475	0.931301	0.243669
485	1.16558	0.402402
495	2.70679	2.21565
505	1.8259	1.03503
515	1.74374	0.999475
525	0.585107	0.118006
535	2.09151	1.55009
545	0.731101	0.198313
555	6.45591	16.2015
565	9.98473	40.235
575	1.14058	0.555066
585	1.50633	1.01546
595	-3.24417	5.1043
605	0.740051	0.274304
615	1.03794	0.576198
625	1.87753	2.02269
635	-20.3302	255.966
645	0.875763	0.501446
655	2.81287	5.66429
665	1.21381	1.14986
675	3.19695	8.45662
685	0.895908	0.725839
695	1.1544	1.3794
705	0.464521	0.249158
715	0.24796	0.0766425
725	1.23283	2.24542
735	0.418347	0.294311
745	-9.22173	188.583
755	-0.831468	1.80605
765	1	1
775	1	1
785	1	1
795	1	1
805	1	1
815	1	1
825	1	1
835	1	1
845	1	1
855	1	1
865	1	1
875	1	1
885	1	1
895	1	1
905	1	1
915	1	1
925	1	1
935	1	1
945	1	1
955	1	1
965	1	1
975	1	1
985	1	1
995	1	1
1005	1	1
1015	1	1
1025	1	1
1035	1	1
1045	1	1
1055	1	1
1065	1	1
1075	1	1
1085	1	1
1095	1	1
1105	1	1
1115	1	1
1125	1	1
1135	1	1
1145	1	1
1155	1	1
1165	1	1
1175	1	1
1185	1	1
1195	1	1
