5	1	1
15	1	1
25	1	1
35	0.229821	0.039476
45	0.461141	0.0456092
55	0.674088	0.0385881
65	0.905609	0.0354025
75	0.928649	0.0249874
85	0.987727	0.0235842
95	0.987734	0.021214
105	0.98811	0.0196677
115	0.995251	0.0187838
125	0.995653	0.01785
135	0.998021	0.0171556
145	1.02699	0.0174673
155	0.98344	0.015458
165	0.971648	0.0146105
175	0.985795	0.014626
185	0.994651	0.0145066
195	1.00015	0.0143404
205	0.970142	0.0132261
215	0.996386	0.0136895
225	0.974838	0.012897
235	0.996315	0.0132817
245	0.99061	0.0129706
255	0.972551	0.0123607
265	0.992559	0.0127606
275	0.984427	0.0124554
285	1.02585	0.0134395
295	1.00852	0.0129183
305	0.986275	0.0123053
315	0.976467	0.0120282
325	0.986855	0.0122734
335	1.00341	0.0126852
345	0.999039	0.0125895
355	0.96613	0.0117954
365	0.981203	0.012203
375	0.973184	0.0120663
385	0.980095	0.0122971
395	0.982073	0.0124329
405	0.993462	0.0128158
415	0.975148	0.0124562
425	0.981047	0.0127332
435	0.970895	0.0126109
445	0.998448	0.0135029
455	0.969098	0.0128957
465	0.946382	0.0124802
475	0.972352	0.0133891
485	0.991043	0.0141577
495	0.990019	0.0143978
505	0.969702	0.0141038
515	0.968205	0.0143538
525	1.00607	0.0158855
535	0.983808	0.0155738
545	0.978314	0.0158272
555	0.977604	0.0162545
565	0.97414	0.0166483
575	0.987393	0.0176747
585	0.977931	0.0179765
595	0.9753	0.0185391
605	0.977728	0.019424
615	0.961393	0.0195849
625	0.961415	0.0205412
635	0.961879	0.0216054
645	0.953285	0.0223746
655	0.975351	0.0247864
665	0.913924	0.023114
675	0.980716	0.0284983
685	1.01401	0.0326631
695	0.94072	0.0303989
705	0.973823	0.0352848
715	0.956584	0.037376
725	0.919794	0.0379598
735	1.01698	0.0514855
745	0.925685	0.0476487
755	0.82907	0.0432431
765	0.924355	0.0610452
775	0.941589	0.0731817
785	0.937502	0.0839883
795	0.930261	0.0974612
805	0.905051	0.109676
815	0.793881	0.0998965
825	0.923894	0.164041
835	0.770476	0.139907
845	0.755977	0.167295
855	1.08545	0.44162
865	0.70009	0.229269
875	0.44463	0.119664
885	2.37569	4.50631
895	1.50584	2.53304
905	0.361283	0.19392
915	0.614786	0.714955
925	0.471634	0.629882
935	1	1
945	1	1
955	1	1
965	1	1
975	1	1
985	1	1
995	1	1
1005	1	1
1015	1	1
1025	1	1
1035	1	1
1045	1	1
1055	1	1
1065	1	1
1075	1	1
1085	1	1
1095	1	1
1105	1	1
1115	1	1
1125	1	1
1135	1	1
1145	1	1
1155	1	1
1165	1	1
1175	1	1
1185	1	1
1195	1	1
