5	1	1
15	1	1
25	0.160682	0.114873
35	0.646957	0.331347
45	0.58029	0.0772635
55	0.667064	0.0353762
65	0.728656	0.0210237
75	0.870786	0.0217155
85	0.908546	0.0202301
95	0.94633	0.019861
105	0.936108	0.0180243
115	0.960395	0.0178034
125	1.00439	0.0184424
135	0.990553	0.0170913
145	1.02562	0.0175522
155	1.04621	0.0175909
165	1.03674	0.01671
175	1.03152	0.0160614
185	1.02946	0.0155739
195	1.02719	0.0151412
205	0.993767	0.0138844
215	1.01621	0.0142593
225	1.01023	0.0138602
235	1.02983	0.0141982
245	1.03024	0.0140396
255	1.02682	0.0137938
265	1.01766	0.0134261
275	1.0116	0.0131642
285	1.02386	0.0134003
295	1.01093	0.0129949
305	1.03154	0.0134833
315	1.02475	0.0132796
325	1.01291	0.012962
335	0.999648	0.0126266
345	1.01109	0.0129277
355	1.0093	0.0129107
365	1.02958	0.0134872
375	0.985544	0.0124116
385	1.01682	0.0132822
395	0.97618	0.0123226
405	1.01136	0.0133403
415	1.00013	0.0131566
425	0.997201	0.0132274
435	0.984544	0.0130287
445	0.984589	0.0131879
455	1.00776	0.0140091
465	1.00991	0.014273
475	0.998965	0.0142031
485	1.01218	0.0148454
495	0.998103	0.014711
505	0.991182	0.0147992
515	0.992022	0.0151703
525	1.03335	0.0168469
535	0.991043	0.0158993
545	0.989517	0.0162712
555	0.963837	0.0158873
565	1.02654	0.0185746
575	0.993546	0.0179899
585	1.0229	0.019768
595	0.966818	0.0183384
605	0.969219	0.0191821
615	0.999927	0.0213212
625	1.01937	0.0231925
635	0.976957	0.0223996
645	0.962864	0.0229177
655	0.947121	0.0234616
665	1.00367	0.0280157
675	0.987347	0.0289591
685	0.953672	0.0289637
695	0.937623	0.0302368
705	0.972987	0.0352579
715	0.94138	0.0359609
725	1.01527	0.0460957
735	1.06295	0.0559248
745	0.905107	0.0453014
755	0.952585	0.0564492
765	1.05825	0.078966
775	1.05313	0.0898715
785	0.836686	0.0655738
795	1.08138	0.127818
805	1.07412	0.148478
815	0.955138	0.138888
825	0.884671	0.148526
835	1.29203	0.385084
845	0.875974	0.215772
855	0.736152	0.192616
865	0.70281	0.224355
875	1.36375	1.07395
885	25.1879	487.797
895	0.782404	0.62018
905	0.919312	1.1496
915	-3.24356	23.9637
925	1	1
935	1	1
945	1	1
955	1	1
965	1	1
975	1	1
985	1	1
995	1	1
1005	1	1
1015	1	1
1025	1	1
1035	1	1
1045	1	1
1055	1	1
1065	1	1
1075	1	1
1085	1	1
1095	1	1
1105	1	1
1115	1	1
1125	1	1
1135	1	1
1145	1	1
1155	1	1
1165	1	1
1175	1	1
1185	1	1
1195	1	1
