5	1	1
15	1	1
25	1	1
35	1	1
45	1	1
55	-0.14779	0.160263
65	0.360456	0.52067
75	-2.26198	9.46173
85	0.972855	0.918745
95	0.905218	0.430053
105	15.0999	72.1711
115	-15.2231	47.2286
125	3.01894	1.32682
135	3.69168	1.54351
145	8.21905	6.45481
155	-45.7574	181.134
165	-85.1216	590.219
175	91.0003	646.499
185	-31.3538	74.7488
195	-11.3951	9.76668
205	10.7169	8.58286
215	-69.3589	359.738
225	-28.6722	61.8708
235	11.1674	9.45898
245	7.63671	4.4957
255	8.62459	5.815
265	24.3085	47.1455
275	4.74607	1.82437
285	10.7187	9.51061
295	9.86538	8.24716
305	6.03608	3.14794
315	2.84563	0.717201
325	13.2324	15.9109
335	5.44002	2.74646
345	3.49148	1.15748
355	2.00425	0.391856
365	2.73423	0.751777
375	9.62176	9.52071
385	4.8164	2.45351
395	11.6414	14.7261
405	3.58523	1.44513
415	3.14506	1.13621
425	2.48601	0.736933
435	3.26895	1.30217
445	3.01986	1.15108
455	6.18588	4.98433
465	3.48213	1.63423
475	2.5831	0.925932
485	4.16404	2.48342
495	3.86998	2.2268
505	3.9769	2.4373
515	2.50883	1.00325
525	1.84883	0.56278
535	8.36984	12.0218
545	3.1486	1.76984
555	1.39225	0.362208
565	3.43315	2.30671
575	3.33695	2.27528
585	3.07365	2.03757
595	2.17857	1.06259
605	4.20556	4.15175
615	2.36083	1.37623
625	3.38154	2.981
635	1.7553	0.847728
645	-13.0379	49.8855
655	2.8043	2.43233
665	-2.86604	2.6909
675	4.59344	7.35858
685	1.08594	0.447819
695	2.18355	1.92609
705	1.4666	0.951746
715	7.26727	25.3932
725	-1.35762	0.94954
735	4.28585	10.7182
745	1.29469	1.06694
755	-2.64637	4.79083
765	3.85827	11.1345
775	-4.81287	20.8421
785	5.86757	32.106
795	-1.96213	3.92973
805	0.452098	0.253508
815	-0.356319	0.198171
825	0.391443	0.260599
835	1	1
845	1	1
855	1	1
865	-0.373501	0.431828
875	1	1
885	1	1
895	1	1
905	1	1
915	1	1
925	1	1
935	1	1
945	1	1
955	1	1
965	1	1
975	1	1
985	1	1
995	1	1
1005	1	1
1015	1	1
1025	1	1
1035	1	1
1045	1	1
1055	1	1
1065	1	1
1075	1	1
1085	1	1
1095	1	1
1105	1	1
1115	1	1
1125	1	1
1135	1	1
1145	1	1
1155	1	1
1165	1	1
1175	1	1
1185	1	1
1195	1	1
