5	1	1
15	1	1
25	1	1
35	1	1
45	1	1
55	0.115706	0.0572164
65	0.413808	0.445972
75	0.371998	0.188604
85	7.70609	44.8803
95	-1.61445	1.15422
105	-3.20441	2.83111
115	157.199	4620.77
125	9.47745	12.4067
135	-5.71176	3.60935
145	12.2644	14.268
155	19.2517	32.2988
165	-135.257	1501.29
175	121.803	1172.15
185	27.8677	60.0071
195	-23.519	41.9953
205	-15.2522	17.6037
215	-5.95253	2.69682
225	-11.1643	9.5132
235	7.22415	4.03535
245	308.912	7465.46
255	11.4969	10.5001
265	7.84584	4.95961
275	55.7354	256.097
285	8.24531	5.71973
295	4.20823	1.52437
305	4.87714	2.08682
315	3.13164	0.883451
325	3.5305	1.14496
335	19.3752	35.3082
345	3.69834	1.32727
355	3.19598	1.01245
365	3.26628	1.0878
375	3.66628	1.40177
385	5.85696	3.68852
395	3.49628	1.34834
405	5.50994	3.43672
415	5.49686	3.50326
425	5.90663	4.18882
435	5.29551	3.47117
445	2.94638	1.11536
455	4.7417	2.97693
465	2.06454	0.573691
475	4.55375	2.89383
485	2.48602	0.893907
495	2.9518	1.31323
505	4.79132	3.58404
515	3.53525	2.02331
525	2.44518	0.996507
535	2.64349	1.22208
545	1.93783	0.690738
555	7.03629	9.46884
565	3.83122	2.90514
575	5.7913	6.88815
585	2.92566	1.81883
595	-7.11889	11.4972
605	1.86747	0.825186
615	2.06524	1.0699
625	4.29721	4.87174
635	16.3144	74.7739
645	2.59397	1.98329
655	6.05517	11.4214
665	1.58078	0.834088
675	1.52143	0.839148
685	-9.07884	31.3616
695	-1.3795	0.779674
705	0.806768	0.287092
715	1.73497	1.43298
725	-4.69868	11.4591
735	1.49852	1.32965
745	-3.44548	7.69213
755	9.78857	68.6919
765	-1.67357	2.09835
775	-0.68686	0.395746
785	-3.16426	9.72384
795	2.47313	6.27115
805	-14.223	268.61
815	1.1143	1.88254
825	-1.30877	2.96525
835	-0.459512	0.476189
845	1	1
855	1	1
865	1	1
875	1	1
885	1	1
895	1	1
905	1	1
915	1	1
925	1	1
935	1	1
945	1	1
955	1	1
965	1	1
975	1	1
985	1	1
995	1	1
1005	1	1
1015	1	1
1025	1	1
1035	1	1
1045	1	1
1055	1	1
1065	1	1
1075	1	1
1085	1	1
1095	1	1
1105	1	1
1115	1	1
1125	1	1
1135	1	1
1145	1	1
1155	1	1
1165	1	1
1175	1	1
1185	1	1
1195	1	1
