5	1	1
15	1	1
25	1	1
35	1	1
45	1	1
55	1	1
65	0.148381	0.0909902
75	1.20698	2.88708
85	3.98495	17.7368
95	0.855878	0.499909
105	2.72001	3.13993
115	2.31759	1.56823
125	1.12985	0.28046
135	0.998945	0.177324
145	1.56611	0.379884
155	3.54296	1.8455
165	2.695	1.02508
175	2.07627	0.592974
185	1.50374	0.311746
195	2.37617	0.777312
205	1.81245	0.46059
215	1.80529	0.45931
225	1.64823	0.387755
235	2.57316	0.961301
245	1.89549	0.531573
255	1.41424	0.298872
265	1.58544	0.384963
275	1.61234	0.407245
285	1.44236	0.333622
295	1.05394	0.180559
305	1.1338	0.215434
315	2.76297	1.30173
325	2.14119	0.800274
335	1.47726	0.38846
345	0.970425	0.171334
355	1.44668	0.390972
365	1.43027	0.390004
375	1.11835	0.244874
385	1.19819	0.287781
395	1.11993	0.258338
405	1.27519	0.34418
415	2.25309	1.12164
425	1.83858	0.753671
435	0.931037	0.200656
445	1.53741	0.56212
455	1.30348	0.420326
465	1.42416	0.508428
475	2.271	1.35796
485	1.4082	0.538601
495	1.17428	0.38661
505	1.03092	0.310492
515	0.873665	0.231475
525	1.97125	1.22145
535	0.626284	0.128141
545	0.719568	0.17745
555	2.18839	1.74793
565	1.05489	0.41828
575	1.32611	0.698086
585	0.924859	0.354393
595	2.17092	2.07258
605	1.3206	0.795843
615	5.1829	13.2702
625	0.66931	0.225656
635	1.02221	0.58212
645	0.765348	0.35447
655	0.955316	0.596666
665	-6.1104	25.903
675	1.09362	0.889243
685	17.5968	253.709
695	0.860506	0.671922
705	0.621993	0.377359
715	1.42731	2.33283
725	0.322128	0.123715
735	0.641163	0.573111
745	0.312383	0.159106
755	1.31244	2.88246
765	1.30523	3.33619
775	-1.74657	7.9139
785	0.618514	1.12171
795	1	1
805	1	1
815	1	1
825	1	1
835	1	1
845	1	1
855	1	1
865	1	1
875	1	1
885	1	1
895	1	1
905	1	1
915	1	1
925	1	1
935	1	1
945	1	1
955	1	1
965	1	1
975	1	1
985	1	1
995	1	1
1005	1	1
1015	1	1
1025	1	1
1035	1	1
1045	1	1
1055	1	1
1065	1	1
1075	1	1
1085	1	1
1095	1	1
1105	1	1
1115	1	1
1125	1	1
1135	1	1
1145	1	1
1155	1	1
1165	1	1
1175	1	1
1185	1	1
1195	1	1
