5	1	1
15	1	1
25	1	1
35	1	1
45	1	1
55	1	1
65	1	1
75	1	1
85	1	1
95	1	1
105	0.251643	0.145428
115	23.7112	702.464
125	2.71013	4.86051
135	1.19932	0.582574
145	1.42984	0.559815
155	1.1128	0.25789
165	1.04684	0.182644
175	1.56111	0.345893
185	1.49611	0.279834
195	1.17625	0.156001
205	1.37353	0.195154
215	1.1833	0.134945
225	1.29363	0.152049
235	1.44043	0.179736
245	1.19691	0.118564
255	1.24087	0.122981
265	1.18461	0.108557
275	1.73959	0.22842
285	1.04886	0.0807931
295	1.43207	0.148056
305	1.50584	0.160629
315	1.49772	0.157003
325	1.26887	0.111256
335	1.03375	0.0730606
345	1.0778	0.0788959
355	1.15841	0.0905221
365	1.27318	0.108905
375	1.37475	0.126633
385	1.22435	0.100474
395	1.098	0.081072
405	1.21523	0.0996127
415	1.36235	0.126286
425	1.50203	0.153919
435	1.22438	0.103389
445	1.34131	0.125469
455	1.46971	0.152063
465	1.29608	0.119545
475	1.28754	0.119348
485	1.406	0.145167
495	1.42513	0.151346
505	1.15754	0.102121
515	1.23401	0.118003
525	1.4232	0.160984
535	1.53137	0.190656
545	1.25635	0.131625
555	1.12801	0.1095
565	1.34562	0.160278
575	1.62195	0.241969
585	1.32785	0.167832
595	1.48586	0.217682
605	1.1721	0.141182
615	1.10432	0.130683
625	1.23417	0.171138
635	1.62447	0.309809
645	1.27555	0.202109
655	0.990595	0.129744
665	1.2607	0.221552
675	1.55437	0.362431
685	0.925058	0.138148
695	1.00007	0.174655
705	1.86727	0.660081
715	1.28681	0.343344
725	1.34502	0.410085
735	1.22788	0.383496
745	1.09126	0.341874
755	1.28213	0.527431
765	0.756909	0.211385
775	2.35787	2.34173
785	1.98193	1.99896
795	0.839495	0.412139
805	0.616079	0.264563
815	0.846122	0.587038
825	-4.41436	22.2515
835	0.53235	0.372106
845	-2.22929	8.94118
855	-0.342258	0.283139
865	-0.395146	0.478618
875	1	1
885	1	1
895	1	1
905	1	1
915	1	1
925	1	1
935	1	1
945	1	1
955	1	1
965	1	1
975	1	1
985	1	1
995	1	1
1005	1	1
1015	1	1
1025	1	1
1035	1	1
1045	1	1
1055	1	1
1065	1	1
1075	1	1
1085	1	1
1095	1	1
1105	1	1
1115	1	1
1125	1	1
1135	1	1
1145	1	1
1155	1	1
1165	1	1
1175	1	1
1185	1	1
1195	1	1
