5	1	1
15	1	1
25	1	1
35	1	1
45	1	1
55	1	1
65	1	1
75	1	1
85	1	1
95	-0.243468	0.262339
105	-2.2958	10.035
115	7.95052	68.2269
125	0.826355	0.408218
135	1.58494	0.916207
145	2.18297	1.21194
155	1.98989	0.763879
165	1.35975	0.29066
175	1.24449	0.208346
185	1.76797	0.371636
195	1.3688	0.200833
205	1.15498	0.131947
215	1.14175	0.1205
225	1.28241	0.143393
235	1.21844	0.123121
245	1.13956	0.103628
255	1.51988	0.178216
265	1.23738	0.114842
275	1.36119	0.134803
285	1.28526	0.118151
295	1.22441	0.104593
305	1.21478	0.101293
315	1.38582	0.130263
325	1.2887	0.111165
335	1.11971	0.0833241
345	1.276	0.107218
355	1.55717	0.159194
365	1.23311	0.0995622
375	1.38661	0.125575
385	1.07956	0.0761654
395	1.14284	0.0855789
405	1.25335	0.103549
415	1.41622	0.13259
425	1.35922	0.122931
435	1.19747	0.0964779
445	1.28283	0.11153
455	1.20627	0.099565
465	1.47894	0.15187
475	1.15473	0.093707
485	1.48025	0.156655
495	1.14271	0.0952653
505	1.21392	0.109534
515	1.48868	0.168288
525	1.27713	0.126076
535	1.40287	0.155991
545	1.57078	0.201495
555	1.1208	0.105865
565	1.11096	0.106614
575	1.5076	0.203641
585	1.3443	0.167963
595	1.43296	0.197149
605	1.26601	0.160876
615	1.23095	0.158512
625	1.16669	0.148754
635	1.63616	0.307136
645	1.31314	0.208739
655	1.00293	0.12845
665	1.28	0.223553
675	0.948988	0.13074
685	1.31731	0.271954
695	0.980487	0.160767
705	1.3517	0.331145
715	1.24647	0.310355
725	0.999353	0.21816
735	1.23676	0.370335
745	1.42466	0.545001
755	1.11038	0.364893
765	1.62292	0.892603
775	2.18867	1.87409
785	1.03066	0.477964
795	0.792629	0.334629
805	-1.73434	1.92066
815	0.539292	0.22732
825	0.62575	0.343295
835	1.43757	2.29495
845	-0.64219	0.565008
855	0.849753	1.33305
865	0.206104	0.0897628
875	0.629342	1.11702
885	1	1
895	1	1
905	1	1
915	1	1
925	1	1
935	1	1
945	1	1
955	1	1
965	1	1
975	1	1
985	1	1
995	1	1
1005	1	1
1015	1	1
1025	1	1
1035	1	1
1045	1	1
1055	1	1
1065	1	1
1075	1	1
1085	1	1
1095	1	1
1105	1	1
1115	1	1
1125	1	1
1135	1	1
1145	1	1
1155	1	1
1165	1	1
1175	1	1
1185	1	1
1195	1	1
