5	1	1
15	1	1
25	1	1
35	1	1
45	1	1
55	1	1
65	1	1
75	1	1
85	0.351869	0.146636
95	0.999897	0.523051
105	1.22882	0.44198
115	2.13677	0.857744
125	29.2276	117.305
135	55.4823	341.845
145	-4.75331	2.16135
155	663.93	38580.4
165	-162.902	2203.87
175	-9.98222	7.9517
185	15.4243	18.5725
195	-8.71319	5.83809
205	-7.48156	4.30756
215	-24.3316	45.5461
225	61.9185	296.119
235	-28.8546	64.7342
245	16.4062	21.3136
255	9.26692	6.88597
265	99.6312	808.101
275	34.3042	97.8279
285	5.01409	2.14472
295	-317.618	8780.47
305	3.0301	0.814813
315	5.90738	3.1754
325	3.71558	1.28597
335	-16.5935	26.1238
345	10.2182	10.1939
355	6.81409	4.6397
365	5.99077	3.69456
375	3.26389	1.12237
385	2.5225	0.691208
395	3.08139	1.05714
405	9.18529	9.65455
415	5.21773	3.20383
425	3.7147	1.67432
435	4.26783	2.27081
445	2.98228	1.14653
455	49.7997	328.312
465	7.17175	7.02499
475	1.76066	0.438763
485	5.62503	4.61462
495	2.6475	1.05951
505	2.60509	1.07392
515	3.0308	1.48875
525	-114.632	2219.73
535	2.16695	0.824646
545	2.48509	1.12986
555	2.64174	1.33661
565	4.22518	3.54283
575	2.24444	1.04609
585	2.05574	0.921726
595	1.81944	0.756287
605	4.0076	3.86971
615	-15.9801	64.0475
625	42.0851	473.619
635	-12.1894	42.2851
645	-10.7444	35.0057
655	12.8141	53.1739
665	4.74922	7.81643
675	1.81481	1.19111
685	-5.84674	13.7206
695	-6.2935	16.7142
705	3.50362	5.68022
715	0.885213	0.39023
725	1.37595	1.03286
735	-2.15494	2.7445
745	0.689993	0.337092
755	1.063	0.848426
765	-1.1486	1.11281
775	0.639321	0.384017
785	0.417744	0.18798
795	-1.25751	2.02339
805	-5.32099	42.4311
815	0.434372	0.347969
825	-1.07218	2.51057
835	-0.241699	0.144162
845	1	1
855	1	1
865	1	1
875	1	1
885	1	1
895	1	1
905	1	1
915	1	1
925	1	1
935	1	1
945	1	1
955	1	1
965	1	1
975	1	1
985	1	1
995	1	1
1005	1	1
1015	1	1
1025	1	1
1035	1	1
1045	1	1
1055	1	1
1065	1	1
1075	1	1
1085	1	1
1095	1	1
1105	1	1
1115	1	1
1125	1	1
1135	1	1
1145	1	1
1155	1	1
1165	1	1
1175	1	1
1185	1	1
1195	1	1
