5	1	1
15	1	1
25	1	1
35	1	1
45	1	1
55	1	1
65	-0.213231	0.165444
75	-0.4799	0.276267
85	0.877637	0.504057
95	-1.68203	1.05952
105	14.833	54.1901
115	4.74614	3.96887
125	-46.1521	291.886
135	9.68809	10.6323
145	-5.26494	2.73103
155	-6.576	3.90029
165	-4.62019	1.81035
175	-11.6683	11.1242
185	-12.5576	12.5142
195	-8.08922	5.12154
205	-8.79409	6.01821
215	14.1162	15.4772
225	15.1975	17.9861
235	-9.36738	6.89859
245	6.28002	3.13362
255	-8.26688	5.53971
265	5.32697	2.32654
275	-18.3271	28.1884
285	-41.7403	149.038
295	15.2127	20.2397
305	6.88328	4.25244
315	-60.2114	331.324
325	45.9829	197.523
335	57.3362	314.698
345	7.15801	5.01992
355	4.98136	2.49225
365	4.48016	2.08078
375	2.84663	0.854808
385	5.38316	3.16053
395	7.59451	6.47696
405	6.66542	5.10615
415	2.55327	0.769363
425	7.09322	6.09079
435	5.56138	3.89252
445	3.33614	1.44283
455	2.22458	0.659968
465	4.94109	3.36793
475	2.1811	0.674838
485	4.6513	3.18258
495	3.12314	1.4902
505	1.91561	0.573462
515	5.40281	4.76928
525	3.84048	2.49681
535	2.1656	0.820902
545	4.37631	3.50496
555	-10.8559	22.5245
565	1.70839	0.582691
575	4.54984	4.30424
585	5.95514	7.69422
595	8.12663	15.1221
605	3.64706	3.2143
615	30.0728	228.476
625	4.09046	4.51319
635	-14.3814	58.0749
645	1.66796	0.833646
655	6.88225	15.0309
665	-11.5507	45.1538
675	-3.92904	5.61425
685	-1.877	1.39008
695	-24.0923	245.226
705	23.082	239.842
715	1.5926	1.26396
725	-4.88664	12.4949
735	-221.931	28968.9
745	2.1357	2.97229
755	-17.1486	219.1
765	0.56639	0.262814
775	-0.57386	0.290479
785	0.6289	0.397772
795	2.49147	7.33844
805	0.321805	0.14767
815	1	1
825	0.371616	0.278307
835	0.328514	0.256521
845	1	1
855	1	1
865	1	1
875	1	1
885	1	1
895	1	1
905	1	1
915	1	1
925	1	1
935	1	1
945	1	1
955	1	1
965	1	1
975	1	1
985	1	1
995	1	1
1005	1	1
1015	1	1
1025	1	1
1035	1	1
1045	1	1
1055	1	1
1065	1	1
1075	1	1
1085	1	1
1095	1	1
1105	1	1
1115	1	1
1125	1	1
1135	1	1
1145	1	1
1155	1	1
1165	1	1
1175	1	1
1185	1	1
1195	1	1
