5	1	1
15	1	1
25	1	1
35	1	1
45	1	1
55	1	1
65	1	1
75	1	1
85	1	1
95	-0.114288	0.0669427
105	0.130272	0.0425572
115	-0.359534	0.188321
125	0.511907	0.211887
135	57.7752	1563.85
145	0.952805	0.280032
155	1.12382	0.288916
165	1.348	0.326506
175	1.24971	0.232534
185	1.12991	0.167293
195	1.4771	0.254564
205	1.32785	0.188139
215	1.07722	0.114849
225	1.48937	0.205792
235	1.22778	0.132371
245	1.43654	0.173413
255	1.39693	0.158306
265	1.39683	0.153005
275	1.23839	0.116624
285	1.33684	0.132858
295	1.10166	0.0882985
305	1.43594	0.147542
315	1.14251	0.0917992
325	1.39438	0.135592
335	1.49791	0.154432
345	1.40609	0.134606
355	1.2432	0.104695
365	1.4423	0.14057
375	1.22834	0.101636
385	1.15457	0.0899165
395	1.4135	0.13471
405	1.31917	0.117838
415	1.34866	0.123363
425	1.32829	0.120903
435	1.50929	0.157565
445	1.11589	0.0866744
455	1.09605	0.0845138
465	1.31874	0.123989
475	1.29214	0.121331
485	1.35416	0.134549
495	1.24619	0.115624
505	1.2426	0.117716
515	1.52839	0.181731
525	1.55428	0.192269
535	1.33011	0.14483
545	1.47147	0.181768
555	1.26792	0.139182
565	1.46182	0.189805
575	1.34103	0.164643
585	1.04133	0.103319
595	1.09204	0.118128
605	1.10586	0.125763
615	1.22843	0.162229
625	1.37985	0.214838
635	1.16377	0.160137
645	1.24322	0.191859
655	1.09932	0.15961
665	1.48109	0.306658
675	1.04302	0.161886
685	1.19628	0.227464
695	1.3008	0.289677
705	1.24443	0.288907
715	1.31402	0.350532
725	1.29756	0.373714
735	2.03818	1.02185
745	1.01025	0.276537
755	1.62061	0.799921
765	0.736695	0.188581
775	0.934595	0.336188
785	0.674723	0.207027
795	2.24133	2.65072
805	-1.87555	2.14949
815	0.687122	0.345158
825	0.492422	0.210848
835	0.31743	0.104004
845	0.791532	0.84081
855	0.83675	1.13049
865	0.566216	0.650196
875	-0.157171	0.0626521
885	1	1
895	1	1
905	1	1
915	1	1
925	1	1
935	1	1
945	1	1
955	1	1
965	1	1
975	1	1
985	1	1
995	1	1
1005	1	1
1015	1	1
1025	1	1
1035	1	1
1045	1	1
1055	1	1
1065	1	1
1075	1	1
1085	1	1
1095	1	1
1105	1	1
1115	1	1
1125	1	1
1135	1	1
1145	1	1
1155	1	1
1165	1	1
1175	1	1
1185	1	1
1195	1	1
