5	1	1
15	1	1
25	0.153772	0.0828177
35	0.95639	0.889692
45	0.703192	0.144275
55	0.728723	0.0550851
65	0.734162	0.0257627
75	0.864819	0.0231069
85	0.949423	0.0228047
95	0.962713	0.020931
105	1.00564	0.0210517
115	1.01832	0.0202393
125	0.986238	0.0179657
135	1.01502	0.018125
145	1.02747	0.017772
155	1.0146	0.0166663
165	1.03268	0.0166918
175	1.00753	0.0154192
185	1.02971	0.0156805
195	1.01206	0.014781
205	1.01652	0.0145985
215	1.01497	0.0142899
225	1.00951	0.013901
235	1.0434	0.0146445
245	0.986998	0.012932
255	1.02798	0.0138929
265	1.02645	0.013712
275	1.02636	0.0136024
285	1.01633	0.0132515
295	1.04259	0.0138813
305	1.00746	0.0129088
315	1.0243	0.0133118
325	1.02675	0.0133518
335	0.981965	0.0122145
345	1.00886	0.012907
355	1.02256	0.0132862
365	1.03498	0.0136687
375	0.995358	0.0126824
385	0.998532	0.012842
395	1.01247	0.0132904
405	0.991147	0.0128354
415	1.01449	0.0135639
425	0.994358	0.0131672
435	0.988911	0.0131584
445	0.990597	0.0133807
455	0.996999	0.0137379
465	1.01436	0.0144385
475	0.998711	0.0142187
485	0.995624	0.0143833
495	0.996708	0.0146931
505	0.979857	0.0144989
515	1.00438	0.0155712
525	1.00117	0.01583
535	0.997897	0.0161293
545	0.991902	0.0163727
555	0.998077	0.0170734
565	1.02873	0.0187117
575	0.989013	0.0178663
585	1.03544	0.0202983
595	0.984179	0.0190387
605	0.999536	0.0204495
615	0.982052	0.0206246
625	0.998251	0.0223271
635	0.935738	0.0206234
645	0.975725	0.0236631
655	0.961334	0.0243437
665	0.96637	0.0261838
675	0.960373	0.0276289
685	0.990892	0.0317019
695	1.04517	0.038078
705	0.986775	0.0368838
715	0.962039	0.0385548
725	0.939039	0.0405198
735	0.958009	0.0471157
745	1.00306	0.0579497
755	0.957911	0.0600886
765	0.995332	0.0744145
775	0.891624	0.0692746
785	1.06332	0.11564
795	0.969986	0.114628
805	1.39171	0.284057
815	1.15322	0.238562
825	0.964227	0.207342
835	0.85118	0.204439
845	0.606443	0.131714
855	1.1041	0.552386
865	0.53029	0.175265
875	0.671753	0.369822
885	0.919883	1.01244
895	1.05703	1.78114
905	1	1
915	1	1
925	1	1
935	1	1
945	1	1
955	1	1
965	1	1
975	1	1
985	1	1
995	1	1
1005	1	1
1015	1	1
1025	1	1
1035	1	1
1045	1	1
1055	1	1
1065	1	1
1075	1	1
1085	1	1
1095	1	1
1105	1	1
1115	1	1
1125	1	1
1135	1	1
1145	1	1
1155	1	1
1165	1	1
1175	1	1
1185	1	1
1195	1	1
