5	1	1
15	1	1
25	1	1
35	1	1
45	1	1
55	1	1
65	1	1
75	-0.0994783	0.0289825
85	-0.253371	0.0818105
95	-1.30039	1.13602
105	-4.18349	7.23569
115	1.35647	0.522499
125	11.9366	31.5934
135	5.47895	5.53501
145	2.41051	0.965502
155	1.60383	0.404254
165	3.12302	1.46845
175	2.98686	1.32599
185	2.37827	0.838336
195	1.77671	0.465718
205	2.27987	0.78231
215	1.46747	0.326329
225	1.95656	0.584729
235	2.41423	0.900013
245	1.87658	0.555777
255	3.16982	1.60616
265	2.63516	1.1421
275	1.35929	0.30845
285	2.03167	0.707601
295	1.46995	0.376101
305	2.4137	1.03974
315	1.15245	0.242018
325	1.57781	0.4622
335	3.52871	2.37949
345	1.65467	0.531485
355	1.48731	0.441224
365	1.66214	0.563978
375	1.01658	0.216953
385	1.9107	0.792633
395	1.23549	0.338728
405	1.0189	0.235112
415	2.46438	1.4023
425	3.50573	2.95543
435	2.74854	1.86322
445	1.54527	0.611623
455	1.6298	0.700894
465	1.32438	0.481249
475	1.49869	0.627962
485	1.24763	0.453906
495	1.39651	0.592557
505	9.62045	29.2923
515	0.923652	0.275786
525	2.36525	1.90369
535	1.12692	0.449799
545	0.790305	0.231921
555	1.26215	0.62834
565	0.608486	0.152407
575	-23.2352	235.474
585	1.07932	0.518574
595	0.925577	0.410859
605	1.92372	1.88177
615	1.17314	0.734562
625	0.874428	0.438149
635	1.26555	0.982413
645	-1.14509	0.862123
655	1.29473	1.19291
665	-5.49048	24.4761
675	0.844447	0.610022
685	1.14109	1.18263
695	0.480487	0.219432
705	17.1448	316.635
715	2.65721	8.94991
725	-2.3033	7.66788
735	-5.21495	40.1108
745	-0.519865	0.518524
755	1.01774	2.0152
765	1	1
775	1	1
785	1	1
795	1	1
805	1	1
815	1	1
825	1	1
835	1	1
845	1	1
855	1	1
865	1	1
875	1	1
885	1	1
895	1	1
905	1	1
915	1	1
925	1	1
935	1	1
945	1	1
955	1	1
965	1	1
975	1	1
985	1	1
995	1	1
1005	1	1
1015	1	1
1025	1	1
1035	1	1
1045	1	1
1055	1	1
1065	1	1
1075	1	1
1085	1	1
1095	1	1
1105	1	1
1115	1	1
1125	1	1
1135	1	1
1145	1	1
1155	1	1
1165	1	1
1175	1	1
1185	1	1
1195	1	1
