5	0.770016	3.45906
15	1	1
25	1	1
35	1	1
45	-56.0514	8131.75
55	-1.10635	1.71449
65	-0.8483	0.670944
75	1.35048	1.09785
85	5.92577	14.1598
95	1.51766	0.643603
105	5.55056	6.26871
115	10.4607	16.9562
125	2.84844	1.01828
135	1.83599	0.359426
145	3.27407	1.01817
155	3.11194	0.859036
165	1.80104	0.274156
175	3.13954	0.808644
185	2.76585	0.610975
195	3.92175	1.22161
205	4.18899	1.3805
215	2.84545	0.637402
225	4.78887	1.82382
235	4.24017	1.44044
245	3.29519	0.878216
255	2.45852	0.496719
265	3.8877	1.2644
275	3.61893	1.1174
285	14.1565	17.4611
295	7.99227	5.69681
305	5.00139	2.27644
315	3.13807	0.913375
325	6.32868	3.8263
335	2.81814	0.777307
345	4.35971	1.90124
355	3.01665	0.934572
365	5.89605	3.65569
375	5.70792	3.51375
385	9.08125	9.17018
395	4.35457	2.17197
405	37.8798	168.448
415	9.6697	11.2437
425	12.1579	18.3016
435	-53.5501	364.839
445	18.3793	44.3266
455	-36.6202	183.184
465	15.823	35.1135
475	8.59059	10.5787
485	-7.30815	8.01378
495	-9.86053	15.0139
505	10.4408	17.4901
515	5.18627	4.48027
525	6.54233	7.41174
535	3.67429	2.42779
545	9.81226	17.8759
555	13.7995	36.9357
565	2.82557	1.61726
575	-4.94601	5.14125
585	-5.24753	6.1512
595	4.09314	3.87012
605	2.2981	1.29444
615	1.76652	0.802761
625	3.52564	3.35533
635	-13.7939	54.5079
645	7.68308	17.9742
655	-6.07372	12.2103
665	9.36069	30.6783
675	-6.29416	14.6557
685	3.15019	3.93109
695	2.38631	2.44587
705	-6.71132	21.0266
715	0.81963	0.33603
725	2.03101	2.32779
735	4.51717	12.2132
745	-0.691358	0.323856
755	1.49955	1.64952
765	-0.795442	0.530658
775	-0.839682	0.660235
785	0.73582	0.594642
795	-1.23089	1.74635
805	1.89683	4.86661
815	0.98152	1.63838
825	6.26308	80.5431
835	0.228129	0.125367
845	1	1
855	1	1
865	1	1
875	1	1
885	1	1
895	1	1
905	1	1
915	1	1
925	1	1
935	1	1
945	1	1
955	1	1
965	1	1
975	1	1
985	1	1
995	1	1
1005	1	1
1015	1	1
1025	1	1
1035	1	1
1045	1	1
1055	1	1
1065	1	1
1075	1	1
1085	1	1
1095	1	1
1105	1	1
1115	1	1
1125	1	1
1135	1	1
1145	1	1
1155	1	1
1165	1	1
1175	1	1
1185	1	1
1195	1	1
