5	1	1
15	1	1
25	0.0793751	0.0180263
35	0.546238	0.263466
45	1.09518	0.335375
55	1.06282	0.115028
65	1.05238	0.0529273
75	0.975782	0.0294771
85	1.01572	0.0261123
95	0.963721	0.0209595
105	1.02964	0.0220801
115	0.95752	0.0178869
125	1.00833	0.0187668
135	0.981111	0.0169191
145	1.0547	0.0187151
155	1.04173	0.0175743
165	1.02729	0.0165022
175	1.03073	0.0161282
185	1.04865	0.0162518
195	1.03149	0.0153519
205	1.03487	0.0151292
215	1.03005	0.0147172
225	1.01998	0.0141846
235	1.03635	0.0144431
245	1.01544	0.0136859
255	1.03378	0.0140349
265	1.00723	0.0132004
275	1.04061	0.013979
285	1.01841	0.0132995
295	1.02481	0.0134038
305	1.00875	0.0129369
315	1.02035	0.013204
325	1.02104	0.0131995
335	1.01555	0.0130588
345	1.01191	0.0129765
355	0.985736	0.0123416
365	0.997855	0.0126917
375	0.992803	0.0126228
385	1.00615	0.0130334
395	0.996347	0.0128605
405	0.989612	0.0127835
415	1.01341	0.0135345
425	0.985047	0.0129196
435	1.00727	0.0136525
445	0.987979	0.0133004
455	0.968489	0.0129506
465	1.00541	0.0141724
475	1.00423	0.0143654
485	0.992268	0.0142753
495	0.987353	0.0144128
505	0.982852	0.0145738
515	1.0057	0.0155931
525	1.00821	0.0160431
535	0.976655	0.0154472
545	0.984706	0.0161251
555	0.97536	0.0162837
565	1.02851	0.0186902
575	1.01209	0.0186967
585	0.979942	0.0181597
595	0.986712	0.0191318
605	0.948287	0.0184014
615	0.99006	0.020957
625	1.00997	0.0228435
635	1.00418	0.0237517
645	0.993847	0.0245412
655	0.982713	0.0254277
665	0.97727	0.0267765
675	0.949852	0.0270426
685	0.970345	0.0303322
695	0.983234	0.03367
705	0.963833	0.0352418
715	0.940256	0.0367259
725	0.986231	0.0447672
735	0.993219	0.0504208
745	0.929887	0.0497865
755	0.916275	0.0548169
765	1.02897	0.0793111
775	0.949437	0.0787686
785	1.07195	0.117571
795	1.01745	0.126847
805	1.04588	0.16056
815	0.766818	0.105942
825	1.37061	0.416378
835	0.81031	0.184641
845	0.944138	0.312013
855	0.854013	0.32449
865	0.735704	0.329202
875	0.949958	0.738424
885	0.324748	0.124204
895	3.44959	21.2978
905	1	1
915	1	1
925	1	1
935	1	1
945	1	1
955	1	1
965	1	1
975	1	1
985	1	1
995	1	1
1005	1	1
1015	1	1
1025	1	1
1035	1	1
1045	1	1
1055	1	1
1065	1	1
1075	1	1
1085	1	1
1095	1	1
1105	1	1
1115	1	1
1125	1	1
1135	1	1
1145	1	1
1155	1	1
1165	1	1
1175	1	1
1185	1	1
1195	1	1
