5	1	1
15	1	1
25	1	1
35	1	1
45	1	1
55	1	1
65	1	1
75	-0.263862	0.142945
85	-1.15116	1.3174
95	1.16196	0.752734
105	1.4858	0.818783
115	73.4645	1449.4
125	2.03753	0.878148
135	1.53988	0.429647
145	2.17769	0.777528
155	2.58221	1.03422
165	1.84702	0.512865
175	3.5962	1.91625
185	2.5565	0.969928
195	2.6015	1.00095
205	1.769	0.46833
215	1.82375	0.503481
225	1.77217	0.481736
235	4.49375	3.13254
245	1.4574	0.332187
255	1.58982	0.404751
265	2.24426	0.826306
275	2.64608	1.1631
285	1.32593	0.2994
295	2.56656	1.15292
305	1.76428	0.552769
315	1.14642	0.237941
325	1.76422	0.578522
335	1.2004	0.274567
345	1.51346	0.449586
355	1.30412	0.338847
365	1.14413	0.270334
375	0.971972	0.198177
385	2.39823	1.24491
395	1.30092	0.371249
405	2.01162	0.912798
415	1.78631	0.745695
425	1.18326	0.337709
435	2.62278	1.69875
445	1.69752	0.741327
455	1.18139	0.368546
465	1.29092	0.454134
475	1.21879	0.419243
485	0.766806	0.17008
495	2.27652	1.5706
505	1.5937	0.798601
515	1.18146	0.461489
525	2.93733	2.9315
535	1.5993	0.919613
545	3.25771	3.98604
555	0.926961	0.338268
565	-12.7594	66.722
575	1.2577	0.686779
585	2.60621	3.10834
595	0.994461	0.462365
605	0.487199	0.117842
615	4.08837	9.0913
625	2.22635	2.8709
635	0.723985	0.320304
645	-155.947	15978.5
655	-1.43914	1.4627
665	1.32294	1.36919
675	0.809761	0.558454
685	15.4007	211.681
695	-9.15343	81.7764
705	0.795577	0.681421
715	0.935306	1.08538
725	0.293804	0.122908
735	0.346668	0.196741
745	0.24726	0.118043
755	0.170526	0.0598608
765	0.63712	1.14245
775	-0.780673	1.8492
785	1	1
795	1	1
805	1	1
815	1	1
825	1	1
835	1	1
845	1	1
855	1	1
865	1	1
875	1	1
885	1	1
895	1	1
905	1	1
915	1	1
925	1	1
935	1	1
945	1	1
955	1	1
965	1	1
975	1	1
985	1	1
995	1	1
1005	1	1
1015	1	1
1025	1	1
1035	1	1
1045	1	1
1055	1	1
1065	1	1
1075	1	1
1085	1	1
1095	1	1
1105	1	1
1115	1	1
1125	1	1
1135	1	1
1145	1	1
1155	1	1
1165	1	1
1175	1	1
1185	1	1
1195	1	1
