5	1	1
15	1	1
25	1	1
35	1	1
45	1	1
55	1	1
65	1	1
75	1	1
85	1	1
95	1	1
105	-0.14547	0.0502101
115	-1.21439	1.87829
125	1.05435	0.764467
135	1.54956	0.982863
145	1.03186	0.291936
155	0.934628	0.176584
165	2.42745	0.969533
175	1.13614	0.179933
185	1.40447	0.241123
195	1.13834	0.1427
205	1.45457	0.214117
215	1.10997	0.115949
225	1.81451	0.293004
235	1.23536	0.129071
245	1.2376	0.123761
255	1.24151	0.119919
265	1.30677	0.129372
275	1.34718	0.133738
285	1.14551	0.0943842
295	1.3709	0.132429
305	1.30579	0.118151
315	1.39976	0.134002
325	1.21234	0.0992258
335	1.34994	0.121592
345	1.25828	0.105048
355	1.27257	0.106866
365	1.17929	0.0914317
375	1.41321	0.131166
385	1.1491	0.0866353
395	1.08051	0.0765759
405	1.30503	0.112508
415	1.32259	0.11648
425	1.57194	0.164971
435	1.25568	0.106345
445	1.35002	0.123733
455	1.31839	0.119234
465	1.17844	0.0968679
475	1.33999	0.12628
485	1.51687	0.165274
495	1.60286	0.187825
505	1.56343	0.181478
515	1.21908	0.113498
525	1.36494	0.144935
535	1.16243	0.107332
545	1.23029	0.12378
555	1.44264	0.175345
565	1.20022	0.124874
575	1.50663	0.204417
585	1.15168	0.12334
595	1.21064	0.140989
605	1.02896	0.106643
615	1.57163	0.260201
625	1.19345	0.156342
635	1.65563	0.317048
645	1.28921	0.202015
655	0.963861	0.120437
665	1.17864	0.190871
675	1.4723	0.317476
685	1.15157	0.209758
695	1.14707	0.224563
705	1.43444	0.385349
715	1.1542	0.271943
725	1.04726	0.2468
735	1.47199	0.54828
745	1.25998	0.453436
755	0.791378	0.202578
765	0.857032	0.270842
775	0.94121	0.379353
785	0.661689	0.218828
795	0.468581	0.131503
805	0.879822	0.568162
815	0.52269	0.249196
825	0.501964	0.301493
835	-1.10951	1.97466
845	1.16238	2.68174
855	0.304192	0.25886
865	1	1
875	1	1
885	1	1
895	1	1
905	1	1
915	1	1
925	1	1
935	1	1
945	1	1
955	1	1
965	1	1
975	1	1
985	1	1
995	1	1
1005	1	1
1015	1	1
1025	1	1
1035	1	1
1045	1	1
1055	1	1
1065	1	1
1075	1	1
1085	1	1
1095	1	1
1105	1	1
1115	1	1
1125	1	1
1135	1	1
1145	1	1
1155	1	1
1165	1	1
1175	1	1
1185	1	1
1195	1	1
