totalTime	591880.393
totalTimeE	591721.247
totalTimeW	592926.884
5		0		0		0		0
15		2		1.41421356		0		0
25		0		0		0		0
35		4		2		0		0
45		5		2.23606798		1		1
55		21		4.58257569		4		2
65		51		7.14142843		9		3
75		111		10.5356538		34		5.83095189
85		252		15.8745079		94		9.69535971
95		561		23.6854386		272		16.4924225
105		1021		31.9530906		695		26.3628527
115		1655		40.6816912		1401		37.4299345
125		2379		48.7749936		2340		48.3735465
135		3012		54.8816909		3299		57.4369219
145		3495		59.118525		4042		63.5767253
155		3731		61.0819122		4422		66.4981203
165		4129		64.2572953		4388		66.2419806
175		4208		64.869099		4444		66.6633332
185		4087		63.9296488		4357		66.0075753
195		3922		62.6258732		4266		65.3146232
205		3948		62.8331123		4065		63.7573525
215		3854		62.0805928		3996		63.2139225
225		3626		60.2162769		3800		61.64414
235		3395		58.2666285		3617		60.1414998
245		3247		56.9824534		3450		58.7367006
255		3101		55.6866232		3247		56.9824534
265		2940		54.2217668		3037		55.1089829
275		2777		52.6972485		2904		53.8887743
285		2510		50.0999002		2680		51.7687164
295		2449		49.4873721		2484		49.8397432
305		2344		48.4148737		2386		48.846699
315		2215		47.0637865		2248		47.4130784
325		2132		46.1735855		2083		45.6398948
335		2011		44.8441746		2009		44.8218697
345		1873		43.27817		1807		42.5088226
355		1706		41.3037529		1698		41.2067956
365		1664		40.7921561		1699		41.2189277
375		1597		39.9624824		1553		39.408121
385		1440		37.9473319		1397		37.3764632
395		1331		36.4828727		1345		36.6742416
405		1226		35.0142828		1240		35.2136337
415		1165		34.1320963		1240		35.2136337
425		1156		34		1135		33.6897611
435		1072		32.7414111		1042		32.2800248
445		994		31.5277655		950		30.82207
455		923		30.3809151		900		30
465		886		29.7657521		832		28.8444102
475		826		28.7402157		809		28.4429253
485		761		27.5862284		707		26.5894716
495		677		26.0192237		685		26.1725047
505		615		24.7991935		657		25.6320112
515		609		24.6779254		609		24.6779254
525		592		24.3310501		547		23.3880311
535		501		22.3830293		526		22.9346899
545		488		22.090722		508		22.5388553
555		436		20.880613		459		21.4242853
565		431		20.7605395		419		20.4694895
575		345		18.5741756		347		18.627936
585		324		18		334		18.2756669
595		327		18.0831413		341		18.4661853
605		329		18.1383571		329		18.1383571
615		308		17.5499288		290		17.0293864
625		256		16		245		15.6524758
635		220		14.832397		245		15.6524758
645		248		15.7480157		212		14.5602198
655		193		13.892444		191		13.820275
665		179		13.3790882		162		12.7279221
675		185		13.6014705		172		13.114877
685		166		12.8840987		149		12.2065556
695		151		12.2882057		135		11.61895
705		114		10.6770783		156		12.489996
715		146		12.083046		110		10.4880885
725		134		11.5758369		124		11.1355287
735		120		10.9544512		104		10.198039
745		112		10.5830052		87		9.32737905
755		117		10.8166538		89		9.43398113
765		100		10		103		10.1488916
775		89		9.43398113		95		9.74679434
785		89		9.43398113		73		8.54400375
795		94		9.69535971		67		8.18535277
805		108		10.3923048		74		8.60232527
815		83		9.11043358		77		8.77496439
825		82		9.05538514		78		8.83176087
835		83		9.11043358		68		8.24621125
845		94		9.69535971		84		9.16515139
855		74		8.60232527		77		8.77496439
865		79		8.88819442		79		8.88819442
875		83		9.11043358		77		8.77496439
885		81		9		68		8.24621125
895		69		8.30662386		65		8.06225775
905		68		8.24621125		59		7.68114575
915		74		8.60232527		56		7.48331477
925		54		7.34846923		59		7.68114575
935		78		8.83176087		59		7.68114575
945		73		8.54400375		53		7.28010989
955		79		8.88819442		63		7.93725393
965		60		7.74596669		52		7.21110255
975		54		7.34846923		51		7.14142843
985		73		8.54400375		52		7.21110255
995		53		7.28010989		56		7.48331477
1005		51		7.14142843		50		7.07106781
1015		64		8		52		7.21110255
1025		58		7.61577311		44		6.63324958
1035		60		7.74596669		43		6.55743852
1045		51		7.14142843		46		6.78232998
1055		61		7.81024968		43		6.55743852
1065		61		7.81024968		45		6.70820393
1075		49		7		53		7.28010989
1085		53		7.28010989		51		7.14142843
1095		51		7.14142843		49		7
1105		50		7.07106781		36		6
1115		48		6.92820323		31		5.56776436
1125		49		7		28		5.29150262
1135		54		7.34846923		26		5.09901951
1145		36		6		41		6.40312424
1155		38		6.164414		39		6.244998
1165		44		6.63324958		33		5.74456265
1175		39		6.244998		32		5.65685425
1185		35		5.91607978		35		5.91607978
1195		42		6.4807407		27		5.19615242
