totalTime	591880.393
totalTimeE	591721.247
totalTimeW	592926.884
5		0		0		0		0
15		0		0		0		0
25		0		0		0		0
35		0		0		0		0
45		0		0		0		0
55		1		1		0		0
65		5		2.23606798		0		0
75		7		2.64575131		0		0
85		19		4.35889894		1		1
95		38		6.164414		4		2
105		68		8.24621125		24		4.89897949
115		122		11.045361		78		8.83176087
125		215		14.6628783		187		13.6747943
135		415		20.3715488		372		19.2873015
145		734		27.0924344		657		25.6320112
155		1074		32.7719392		1049		32.3882695
165		1363		36.9188299		1251		35.3694784
175		1693		41.1460812		1596		39.9499687
185		2004		44.7660586		1903		43.6233882
195		2327		48.2389884		2130		46.151923
205		2522		50.2195181		2385		48.8364618
215		2746		52.40229		2553		50.5272204
225		2845		53.3385414		2729		52.2398315
235		2939		54.2125447		2779		52.7162214
245		3189		56.4712316		2996		54.7357287
255		3318		57.6020833		3119		55.848008
265		3317		57.5934024		3093		55.6147462
275		3479		58.9830484		3277		57.2450871
285		3576		59.7996656		3233		56.8594759
295		3476		58.9576119		3300		57.4456265
305		3609		60.0749532		3238		56.903427
315		3532		59.4306318		3219		56.7362318
325		3523		59.354865		3244		56.9561235
335		3546		59.5482997		3188		56.4623769
345		3560		59.6657356		3197		56.5420198
355		3487		59.0508256		3229		56.8242906
365		3373		58.0775344		3181		56.4003546
375		3374		58.0861429		3101		55.6866232
385		3422		58.4978632		3102		55.6956013
395		3262		57.1139212		2994		54.7174561
405		3186		56.4446632		2876		53.6283507
415		3074		55.4436651		2832		53.2165388
425		3014		54.8999089		2796		52.8772163
435		2970		54.4977064		2770		52.6307895
445		2900		53.8516481		2648		51.4587213
455		2788		52.8015151		2615		51.1370707
465		2629		51.273775		2501		50.009999
475		2616		51.1468474		2425		49.244289
485		2537		50.368641		2235		47.2757866
495		2302		47.9791621		2269		47.6340215
505		2243		47.3603209		2125		46.0977223
515		2096		45.7820926		2053		45.310043
525		1999		44.7101778		1908		43.6806593
535		1956		44.2266888		1830		42.7784993
545		1837		42.860238		1756		41.9046537
555		1753		41.8688428		1694		41.1582313
565		1678		40.9633983		1617		40.2119385
575		1550		39.3700394		1489		38.5875628
585		1437		37.9077828		1419		37.6696164
595		1372		37.0405184		1338		36.5786823
605		1226		35.0142828		1332		36.4965752
615		1214		34.8425028		1191		34.5108679
625		1144		33.8230691		1114		33.3766385
635		1108		33.286634		1062		32.5883415
645		971		31.1608729		1086		32.9545141
655		848		29.1204396		891		29.8496231
665		809		28.4429253		867		29.4448637
675		734		27.0924344		802		28.3196045
685		658		25.6515107		759		27.5499546
695		591		24.3104916		707		26.5894716
705		617		24.8394847		664		25.7681975
715		585		24.1867732		627		25.0399681
725		539		23.2163735		652		25.5342907
735		465		21.5638587		621		24.9198716
745		430		20.7364414		568		23.8327506
755		452		21.2602916		576		24
765		452		21.2602916		565		23.7697286
775		413		20.3224014		526		22.9346899
785		460		21.4476106		534		23.10844
795		417		20.4205779		538		23.194827
805		396		19.8997487		495		22.2485955
815		383		19.5703858		510		22.5831796
825		408		20.1990099		487		22.0680765
835		381		19.5192213		526		22.9346899
845		405		20.1246118		476		21.8174242
855		403		20.0748599		486		22.0454077
865		418		20.4450483		500		22.3606798
875		426		20.6397674		490		22.1359436
885		385		19.6214169		529		23
895		464		21.5406592		554		23.5372046
905		416		20.3960781		552		23.4946802
915		414		20.3469899		522		22.8473193
925		406		20.1494417		506		22.4944438
935		438		20.9284495		523		22.8691933
945		377		19.4164878		498		22.3159136
955		382		19.5448203		524		22.8910463
965		444		21.0713075		527		22.9564806
975		456		21.3541565		489		22.1133444
985		452		21.2602916		483		21.977261
995		434		20.8326667		499		22.3383079
1005		439		20.9523268		503		22.4276615
1015		455		21.330729		482		21.9544984
1025		444		21.0713075		500		22.3606798
1035		480		21.9089023		509		22.5610283
1045		478		21.8632111		478		21.8632111
1055		435		20.8566536		484		22
1065		464		21.5406592		500		22.3606798
1075		474		21.7715411		486		22.0454077
1085		490		22.1359436		480		21.9089023
1095		490		22.1359436		514		22.6715681
1105		474		21.7715411		400		20
1115		459		21.4242853		442		21.023796
1125		532		23.0651252		483		21.977261
1135		422		20.5426386		454		21.3072758
1145		460		21.4476106		483		21.977261
1155		480		21.9089023		464		21.5406592
1165		473		21.7485632		491		22.1585198
1175		494		22.2261108		494		22.2261108
1185		493		22.2036033		472		21.725561
1195		488		22.090722		474		21.7715411
