totalTime	113964.785
5		0		0		0		0
15		0		0		0		0
25		0		0		0		0
35		0		0		0		0
45		0		0		0		0
55		0		0		0		0
65		0		0		0		0
75		0		0		0		0
85		1		1		0		0
95		2		1.41421356		0		0
105		4		2		2		1.41421356
115		3		1.73205081		2		1.41421356
125		4		2		5		2.23606798
135		4		2		7		2.64575131
145		9		3		17		4.12310563
155		14		3.74165739		14		3.74165739
165		20		4.47213595		23		4.79583152
175		30		5.47722558		17		4.12310563
185		27		5.19615242		37		6.08276253
195		41		6.40312424		31		5.56776436
205		45		6.70820393		38		6.164414
215		42		6.4807407		35		5.91607978
225		44		6.63324958		48		6.92820323
235		52		7.21110255		40		6.32455532
245		45		6.70820393		51		7.14142843
255		50		7.07106781		48		6.92820323
265		52		7.21110255		54		7.34846923
275		63		7.93725393		63		7.93725393
285		59		7.68114575		57		7.54983444
295		66		8.1240384		73		8.54400375
305		55		7.41619849		55		7.41619849
315		66		8.1240384		43		6.55743852
325		72		8.48528137		54		7.34846923
335		54		7.34846923		65		8.06225775
345		75		8.66025404		61		7.81024968
355		61		7.81024968		67		8.18535277
365		63		7.93725393		74		8.60232527
375		69		8.30662386		70		8.36660027
385		72		8.48528137		54		7.34846923
395		81		9		54		7.34846923
405		64		8		76		8.71779789
415		70		8.36660027		61		7.81024968
425		73		8.54400375		71		8.42614977
435		60		7.74596669		53		7.28010989
445		56		7.48331477		79		8.88819442
455		59		7.68114575		65		8.06225775
465		65		8.06225775		72		8.48528137
475		68		8.24621125		73		8.54400375
485		63		7.93725393		75		8.66025404
495		64		8		51		7.14142843
505		62		7.87400787		52		7.21110255
515		71		8.42614977		81		9
525		61		7.81024968		70		8.36660027
535		68		8.24621125		74		8.60232527
545		81		9		69		8.30662386
555		82		9.05538514		60		7.74596669
565		83		9.11043358		75		8.66025404
575		50		7.07106781		70		8.36660027
585		66		8.1240384		75		8.66025404
595		65		8.06225775		65		8.06225775
605		78		8.83176087		50		7.07106781
615		80		8.94427191		69		8.30662386
625		74		8.60232527		64		8
635		65		8.06225775		81		9
645		69		8.30662386		66		8.1240384
655		53		7.28010989		68		8.24621125
665		61		7.81024968		74		8.60232527
675		76		8.71779789		85		9.21954446
685		68		8.24621125		69		8.30662386
695		76		8.71779789		72		8.48528137
705		75		8.66025404		73		8.54400375
715		79		8.88819442		67		8.18535277
725		73		8.54400375		73		8.54400375
735		60		7.74596669		69		8.30662386
745		71		8.42614977		85		9.21954446
755		70		8.36660027		74		8.60232527
765		70		8.36660027		91		9.53939201
775		88		9.38083152		73		8.54400375
785		74		8.60232527		75		8.66025404
795		67		8.18535277		87		9.32737905
805		66		8.1240384		66		8.1240384
815		69		8.30662386		74		8.60232527
825		78		8.83176087		71		8.42614977
835		86		9.2736185		73		8.54400375
845		77		8.77496439		86		9.2736185
855		81		9		74		8.60232527
865		71		8.42614977		80		8.94427191
875		81		9		85		9.21954446
885		74		8.60232527		66		8.1240384
895		70		8.36660027		90		9.48683298
905		77		8.77496439		84		9.16515139
915		78		8.83176087		77		8.77496439
925		79		8.88819442		80		8.94427191
935		86		9.2736185		65		8.06225775
945		85		9.21954446		71		8.42614977
955		65		8.06225775		75		8.66025404
965		84		9.16515139		69		8.30662386
975		78		8.83176087		84		9.16515139
985		83		9.11043358		88		9.38083152
995		76		8.71779789		83		9.11043358
1005		90		9.48683298		83		9.11043358
1015		76		8.71779789		89		9.43398113
1025		77		8.77496439		70		8.36660027
1035		72		8.48528137		82		9.05538514
1045		73		8.54400375		87		9.32737905
1055		77		8.77496439		63		7.93725393
1065		74		8.60232527		85		9.21954446
1075		89		9.43398113		86		9.2736185
1085		77		8.77496439		83		9.11043358
1095		82		9.05538514		82		9.05538514
1105		74		8.60232527		96		9.79795897
1115		74		8.60232527		68		8.24621125
1125		78		8.83176087		79		8.88819442
1135		92		9.59166305		81		9
1145		87		9.32737905		90		9.48683298
1155		81		9		83		9.11043358
1165		84		9.16515139		108		10.3923048
1175		83		9.11043358		82		9.05538514
1185		90		9.48683298		82		9.05538514
1195		82		9.05538514		88		9.38083152
