FG time = 3012.76	BG time = 493.418
5	0	0
15	0	0
25	0	0
35	0	0
45	0.00165961	0
55	0.0152684	0
65	0.0404945	0
75	0.0730228	0
85	0.10887	0
95	0.116505	0
105	0.128786	0
115	0.146046	0
125	0.163969	0
135	0.163637	0
145	0.185544	0
155	0.171272	0
165	0.191187	0
175	0.202472	0
185	0.204796	0
195	0.197825	0
205	0.204464	0
215	0.221724	0
225	0.2194	0
235	0.202472	0
245	0.223051	0
255	0.214422	0
265	0.207451	0
275	0.2038	0
285	0.214753	0
295	0.217077	0
305	0.21243	0
315	0.191519	0
325	0.212762	0
335	0.210107	0
345	0.212762	0
355	0.203468	0
365	0.188864	0
375	0.179902	0
385	0.189859	0
395	0.19351	0
405	0.182889	0
415	0.163969	0
425	0.169612	0
435	0.153016	0
445	0.158659	0
455	0.148701	0
465	0.153016	0
475	0.131441	0
485	0.139407	0
495	0.12779	0
505	0.129118	0
515	0.121483	0
525	0.123143	0
535	0.10356	0
545	0.10024	0
555	0.0942658	0
565	0.0902827	0
575	0.0766739	0
585	0.0829805	0
595	0.0716951	0
605	0.0653886	0
615	0.0700355	0
625	0.0580863	0
635	0.050784	0
645	0.0454733	0
655	0.0394987	0
665	0.0268857	0
675	0.0312007	0
685	0.0278814	0
695	0.0202472	0
705	0.0202472	0
715	0.0199153	0
725	0.0116173	0
735	0.0102896	0
745	0.00730228	0
755	0.00431498	0
765	0.00663844	0
775	0.00398306	0
785	0.00265537	0
795	0.00232345	0
805	0.00132769	0
815	0.00165961	0
825	0.000995765	0
835	0	0
845	0.000331922	0
855	0	0
865	0	0
875	0	0
885	0	0
895	0	0
905	0	0
915	0	0
925	0	0
935	0	0
945	0	0
955	0	0
965	0	0
975	0	0
985	0	0
995	0	0
1005	0	0
1015	0	0
1025	0	0
1035	0	0
1045	0	0
1055	0	0
1065	0	0
1075	0	0
1085	0	0
1095	0	0
1105	0	0
1115	0	0
1125	0	0
1135	0	0
1145	0	0
1155	0	0
1165	0	0
1175	0	0
1185	0	0
1195	0	0
