FG time = 3004.23	BG time = 479.293
5	0	0
15	0	0
25	0	0
35	0	0
45	0.000332864	0
55	0.00299578	0
65	0.0262963	0
75	0.0452696	0
85	0.0625785	0
95	0.0775574	0
105	0.0872105	0
115	0.0971964	0
125	0.115171	0
135	0.11151	0
145	0.115171	0
155	0.138139	0
165	0.140469	0
175	0.143797	0
185	0.136474	0
195	0.141467	0
205	0.160441	0
215	0.163104	0
225	0.17309	0
235	0.171425	0
245	0.160774	0
255	0.160774	0
265	0.165766	0
275	0.163769	0
285	0.153118	0
295	0.152452	0
305	0.155115	0
315	0.157445	0
325	0.158443	0
335	0.156779	0
345	0.165434	0
355	0.152119	0
365	0.161106	0
375	0.150122	0
385	0.157445	0
395	0.157112	0
405	0.138804	0
415	0.135809	0
425	0.134144	0
435	0.128819	0
445	0.12083	0
455	0.1185	0
465	0.127487	0
475	0.12549	0
485	0.115171	0
495	0.104187	0
505	0.0991936	0
515	0.0918706	0
525	0.0942006	0
535	0.0978621	0
545	0.083549	0
555	0.0742288	0
565	0.0705673	0
575	0.073563	0
585	0.0619128	0
595	0.0549226	0
605	0.056587	0
615	0.0492639	0
625	0.0439381	0
635	0.0382794	0
645	0.0399437	0
655	0.0359494	0
665	0.031955	0
675	0.0256306	0
685	0.0233005	0
695	0.0176418	0
705	0.0133146	0
715	0.0149789	0
725	0.0126488	0
735	0.00599156	0
745	0.00765588	0
755	0.0046601	0
765	0.00366151	0
775	0.00299578	0
785	0.00166432	0
795	0.00199719	0
805	0.00199719	0
815	0.00199719	0
825	0.000332864	0
835	0.00133146	0
845	0.000332864	0
855	0.000665729	0
865	0	0
875	0	0
885	0	0
895	0	0
905	0	0
915	0	0
925	0	0
935	0	0
945	0	0
955	0	0
965	0	0
975	0	0
985	0	0
995	0	0
1005	0	0
1015	0	0
1025	0	0
1035	0	0
1045	0	0
1055	0	0
1065	0	0
1075	0	0
1085	0	0
1095	0	0
1105	0	0
1115	0	0
1125	0	0
1135	0	0
1145	0	0
1155	0	0
1165	0	0
1175	0	0
1185	0	0
1195	0	0
