FG time = 3013.35	BG time = 373.685
5	0	0
15	0.000331856	0
25	0	0
35	0	0
45	0.00564156	0
55	0.0328538	0
65	0.0597341	0
75	0.115154	0
85	0.144026	0
95	0.164933	0
105	0.174225	0
115	0.186503	0
125	0.20376	0
135	0.201769	0
145	0.243582	0
155	0.235286	0
165	0.254534	0
175	0.259512	0
185	0.246237	0
195	0.261171	0
205	0.267476	0
215	0.254866	0
225	0.2771	0
235	0.274113	0
245	0.280418	0
255	0.295352	0
265	0.285728	0
275	0.28241	0
285	0.274445	0
295	0.28606	0
305	0.289047	0
315	0.293693	0
325	0.270131	0
335	0.25387	0
345	0.255197	0
355	0.265153	0
365	0.269135	0
375	0.250551	0
385	0.2396	0
395	0.264489	0
405	0.236945	0
415	0.224667	0
425	0.222344	0
435	0.218361	0
445	0.219025	0
455	0.196127	0
465	0.199446	0
475	0.175552	0
485	0.179866	0
495	0.167587	0
505	0.162278	0
515	0.161282	0
525	0.15199	0
535	0.144357	0
545	0.132742	0
555	0.121128	0
565	0.11084	0
575	0.108517	0
585	0.0988932	0
595	0.10188	0
605	0.0823003	0
615	0.0773225	0
625	0.0713491	0
635	0.0657075	0
645	0.0594023	0
655	0.0524333	0
665	0.053097	0
675	0.0401546	0
685	0.0381635	0
695	0.0325219	0
705	0.0315263	0
715	0.0222344	0
725	0.0175884	0
735	0.0132742	0
745	0.0112831	0
755	0.011615	0
765	0.00663712	0
775	0.00597341	0
785	0.00398227	0
795	0.00431413	0
805	0.00199114	0
815	0.00132742	0
825	0.000995569	0
835	0.000663712	0
845	0	0
855	0.000331856	0
865	0.000331856	0
875	0.000663712	0
885	0	0
895	0	0
905	0	0
915	0	0
925	0	0
935	0	0
945	0	0
955	0	0
965	0	0
975	0	0
985	0	0
995	0	0
1005	0	0
1015	0	0
1025	0	0
1035	0	0
1045	0	0
1055	0	0
1065	0	0
1075	0	0
1085	0	0
1095	0	0
1105	0	0
1115	0	0
1125	0	0
1135	0	0
1145	0	0
1155	0	0
1165	0	0
1175	0	0
1185	0	0
1195	0	0
