FG time = 1809.27	BG time = 365.352
5	0	0
15	0	0
25	0	0
35	0	0
45	0.00386896	0
55	0.0364788	0
65	0.0746156	0
75	0.109989	0
85	0.132097	0
95	0.133755	0
105	0.157522	0
115	0.136519	0
125	0.144257	0
135	0.164154	0
145	0.174103	0
155	0.186263	0
165	0.164707	0
175	0.184052	0
185	0.189579	0
195	0.180736	0
205	0.17963	0
215	0.194553	0
225	0.195659	0
235	0.199528	0
245	0.176867	0
255	0.182394	0
265	0.176867	0
275	0.172445	0
285	0.203397	0
295	0.187921	0
305	0.194553	0
315	0.184052	0
325	0.189026	0
335	0.198422	0
345	0.183499	0
355	0.166918	0
365	0.164707	0
375	0.169129	0
385	0.174103	0
395	0.163602	0
405	0.164707	0
415	0.161944	0
425	0.154206	0
435	0.132097	0
445	0.135414	0
455	0.139835	0
465	0.125465	0
475	0.106673	0
485	0.109989	0
495	0.0972767	0
505	0.102251	0
515	0.0994875	0
525	0.0895388	0
535	0.0878806	0
545	0.0823536	0
555	0.0668777	0
565	0.0757211	0
575	0.0596925	0
585	0.0641142	0
595	0.0536127	0
605	0.0447694	0
615	0.0486383	0
625	0.0475329	0
635	0.0364788	0
645	0.0392423	0
655	0.0270827	0
665	0.0298463	0
675	0.0259773	0
685	0.0160285	0
695	0.0154758	0
705	0.0143704	0
715	0.0127123	0
725	0.00994875	0
735	0.00939604	0
745	0.00497438	0
755	0.00276354	0
765	0.00165813	0
775	0.00221083	0
785	0.00221083	0
795	0.000552708	0
805	0.00110542	0
815	0.000552708	0
825	0	0
835	0	0
845	0.000552708	0
855	0.000552708	0
865	0	0
875	0	0
885	0	0
895	0	0
905	0	0
915	0	0
925	0	0
935	0	0
945	0	0
955	0	0
965	0	0
975	0	0
985	0	0
995	0	0
1005	0	0
1015	0	0
1025	0	0
1035	0	0
1045	0	0
1055	0	0
1065	0	0
1075	0	0
1085	0	0
1095	0	0
1105	0	0
1115	0	0
1125	0	0
1135	0	0
1145	0	0
1155	0	0
1165	0	0
1175	0	0
1185	0	0
1195	0	0
