FG time = 3611.93	BG time = 486.035
5	0.00304546	0
15	0	0
25	0.00055372	0
35	0.00359918	0
45	0.0135662	0
55	0.0418059	0
65	0.0863804	0
75	0.123757	0
85	0.159471	0
95	0.157257	0
105	0.177744	0
115	0.184389	0
125	0.174976	0
135	0.18605	0
145	0.208476	0
155	0.202662	0
165	0.207645	0
175	0.207922	0
185	0.215951	0
195	0.227025	0
205	0.227025	0
215	0.214844	0
225	0.213182	0
235	0.220934	0
245	0.226749	0
255	0.222042	0
265	0.224811	0
275	0.206538	0
285	0.223703	0
295	0.231178	0
305	0.226472	0
315	0.208476	0
325	0.206815	0
335	0.212906	0
345	0.200724	0
355	0.19574	0
365	0.200447	0
375	0.196571	0
385	0.184943	0
395	0.19131	0
405	0.175253	0
415	0.16667	0
425	0.16667	0
435	0.158087	0
445	0.1711	0
455	0.148951	0
465	0.145905	0
475	0.142306	0
485	0.135662	0
495	0.129017	0
505	0.124033	0
515	0.11905	0
525	0.103269	0
535	0.104376	0
545	0.101054	0
555	0.0974548	0
565	0.0836118	0
575	0.0858267	0
585	0.0725374	0
595	0.067277	0
605	0.0670002	0
615	0.0550952	0
625	0.0531572	0
635	0.0520497	0
645	0.0470662	0
655	0.0318389	0
665	0.0337769	0
675	0.0249174	0
685	0.0213182	0
695	0.0160579	0
705	0.0179959	0
715	0.0135662	0
725	0.0124587	0
735	0.00830581	0
745	0.00969011	0
755	0.0055372	0
765	0.00332232	0
775	0.0027686	0
785	0.00304546	0
795	0.00110744	0
805	0.000830581	0
815	0.00055372	0
825	0.00110744	0
835	0	0
845	0.00055372	0
855	0.00027686	0
865	0	0
875	0	0
885	0	0
895	0	0
905	0	0
915	0	0
925	0	0
935	0	0
945	0	0
955	0	0
965	0	0
975	0	0
985	0	0
995	0	0
1005	0	0
1015	0	0
1025	0	0
1035	0	0
1045	0	0
1055	0	0
1065	0	0
1075	0	0
1085	0	0
1095	0	0
1105	0	0
1115	0	0
1125	0	0
1135	0	0
1145	0	0
1155	0	0
1165	0	0
1175	0	0
1185	0	0
1195	0	0
