FG time = 3619.27	BG time = 735.247
5	0	0
15	0	0
25	0	0
35	0	0
45	0.000276299	0
55	0.00856526	0
65	0.0475234	0
75	0.0953231	0
85	0.127374	0
95	0.141741	0
105	0.150306	0
115	0.159701	0
125	0.165227	0
135	0.172963	0
145	0.172687	0
155	0.191475	0
165	0.197001	0
175	0.197554	0
185	0.203632	0
195	0.193133	0
205	0.206119	0
215	0.211921	0
225	0.210263	0
235	0.20308	0
245	0.213026	0
255	0.196172	0
265	0.205843	0
275	0.198659	0
285	0.208606	0
295	0.215789	0
305	0.198659	0
315	0.206119	0
325	0.204461	0
335	0.199764	0
345	0.187607	0
355	0.174344	0
365	0.187607	0
375	0.184291	0
385	0.185673	0
395	0.166608	0
405	0.175173	0
415	0.16053	0
425	0.156385	0
435	0.152241	0
445	0.143675	0
455	0.15528	0
465	0.136768	0
475	0.136492	0
485	0.122124	0
495	0.123782	0
505	0.120466	0
515	0.109691	0
525	0.101678	0
535	0.103059	0
545	0.093389	0
555	0.0754295	0
565	0.0801266	0
575	0.0757058	0
585	0.0726666	0
595	0.0607857	0
605	0.0577464	0
615	0.0511153	0
625	0.0524968	0
635	0.0417211	0
645	0.0389581	0
655	0.0373003	0
665	0.0314981	0
675	0.029564	0
685	0.0237617	0
695	0.0223802	0
705	0.0140912	0
715	0.0160253	0
725	0.0160253	0
735	0.0116045	0
745	0.00911786	0
755	0.00718377	0
765	0.00552597	0
775	0.00359188	0
785	0.00442078	0
795	0.00193409	0
805	0.00248669	0
815	0.00248669	0
825	0.00110519	0
835	0.00110519	0
845	0.000276299	0
855	0.000552597	0
865	0.000552597	0
875	0.000276299	0
885	0	0
895	0	0
905	0	0
915	0	0
925	0	0
935	0	0
945	0	0
955	0	0
965	0	0
975	0	0
985	0	0
995	0	0
1005	0	0
1015	0	0
1025	0	0
1035	0	0
1045	0	0
1055	0	0
1065	0	0
1075	0	0
1085	0	0
1095	0	0
1105	0	0
1115	0	0
1125	0	0
1135	0	0
1145	0	0
1155	0	0
1165	0	0
1175	0	0
1185	0	0
1195	0	0
