FG time = 3611.3	BG time = 486.042
5	0	0
15	0	0
25	0	0
35	0	0
45	0.00498435	0
55	0.01523	0
65	0.0282447	0
75	0.051505	0
85	0.0722731	0
95	0.0861185	0
105	0.0971949	0
115	0.104118	0
125	0.119624	0
135	0.11824	0
145	0.126547	0
155	0.142054	0
165	0.153684	0
175	0.142885	0
185	0.155346	0
195	0.15673	0
205	0.163376	0
215	0.162268	0
225	0.163653	0
235	0.16836	0
245	0.174452	0
255	0.164207	0
265	0.170299	0
275	0.168914	0
285	0.183036	0
295	0.166145	0
305	0.175837	0
315	0.169468	0
325	0.176944	0
335	0.163653	0
345	0.170299	0
355	0.177775	0
365	0.171406	0
375	0.151746	0
385	0.157007	0
395	0.164484	0
405	0.155623	0
415	0.156453	0
425	0.142608	0
435	0.141777	0
445	0.140393	0
455	0.129316	0
465	0.124332	0
475	0.117686	0
485	0.122394	0
495	0.111317	0
505	0.117132	0
515	0.106056	0
525	0.093595	0
535	0.0971949	0
545	0.0852878	0
555	0.084734	0
565	0.066458	0
575	0.0769805	0
585	0.066458	0
595	0.057597	0
605	0.066458	0
615	0.0509511	0
625	0.0495666	0
635	0.0351674	0
645	0.0371057	0
655	0.0335059	0
665	0.0285216	0
675	0.0251987	0
685	0.0229834	0
695	0.017999	0
705	0.0163376	0
715	0.0130147	0
725	0.0130147	0
735	0.00719962	0
745	0.00913798	0
755	0.00747653	0
765	0.00387672	0
775	0.00193836	0
785	0.00387672	0
795	0.00249218	0
805	0.00221527	0
815	0.00110763	0
825	0	0
835	0.000276908	0
845	0.000276908	0
855	0.000553817	0
865	0	0
875	0.000276908	0
885	0.000276908	0
895	0	0
905	0	0
915	0	0
925	0.000276908	0
935	0	0
945	0	0
955	0	0
965	0	0
975	0	0
985	0	0
995	0	0
1005	0	0
1015	0	0
1025	0	0
1035	0	0
1045	0	0
1055	0	0
1065	0	0
1075	0	0
1085	0	0
1095	0	0
1105	0	0
1115	0	0
1125	0	0
1135	0	0
1145	0	0
1155	0	0
1165	0	0
1175	0	0
1185	0	0
1195	0	0
