FG time = 1636.13	BG time = 314.933
5	0	0
15	0	0
25	0	0
35	0	0
45	0.00183359	0
55	0.0134464	0
65	0.0342271	0
75	0.055619	0
85	0.0611198	0
95	0.0733437	0
105	0.0812893	0
115	0.105126	0
125	0.0977917	0
135	0.102681	0
145	0.105126	0
155	0.133241	0
165	0.11246	0
175	0.133241	0
185	0.130796	0
195	0.123462	0
205	0.126518	0
215	0.146076	0
225	0.12224	0
235	0.133241	0
245	0.14302	0
255	0.123462	0
265	0.146076	0
275	0.122851	0
285	0.139964	0
295	0.128352	0
305	0.13752	0
315	0.129574	0
325	0.128963	0
335	0.134464	0
345	0.11246	0
355	0.133852	0
365	0.116739	0
375	0.116128	0
385	0.120406	0
395	0.107571	0
405	0.0965693	0
415	0.114294	0
425	0.0971805	0
435	0.105126	0
445	0.099014	0
455	0.0977917	0
465	0.0929021	0
475	0.0861789	0
485	0.0959581	0
495	0.0812893	0
505	0.0800669	0
515	0.0721213	0
525	0.0623422	0
535	0.0580638	0
545	0.0696766	0
555	0.0623422	0
565	0.0592862	0
575	0.0653982	0
585	0.043395	0
595	0.0427838	0
605	0.0421727	0
615	0.0317823	0
625	0.0293375	0
635	0.0238367	0
645	0.0305599	0
655	0.0250591	0
665	0.0195583	0
675	0.0183359	0
685	0.0152799	0
695	0.0140576	0
705	0.00916797	0
715	0.0128352	0
725	0.00733437	0
735	0.00672318	0
745	0.00427838	0
755	0.00611198	0
765	0.00488958	0
775	0.00244479	0
785	0.0012224	0
795	0.000611198	0
805	0.000611198	0
815	0	0
825	0	0
835	0	0
845	0	0
855	0	0
865	0	0
875	0	0
885	0	0
895	0	0
905	0	0
915	0	0
925	0	0
935	0	0
945	0	0
955	0	0
965	0	0
975	0	0
985	0	0
995	0	0
1005	0	0
1015	0	0
1025	0	0
1035	0	0
1045	0	0
1055	0	0
1065	0	0
1075	0	0
1085	0	0
1095	0	0
1105	0	0
1115	0	0
1125	0	0
1135	0	0
1145	0	0
1155	0	0
1165	0	0
1175	0	0
1185	0	0
1195	0	0
