FG time = 3312.19	BG time = 493.004
5	0	0
15	0	0
25	0	0
35	0	0
45	0.000905745	0
55	0.0181149	0
65	0.0821209	0
75	0.14824	0
85	0.219794	0
95	0.239117	0
105	0.249382	0
115	0.278668	0
125	0.281083	0
135	0.274441	0
145	0.291952	0
155	0.312784	0
165	0.332107	0
175	0.339956	0
185	0.330899	0
195	0.336333	0
205	0.329691	0
215	0.355656	0
225	0.334522	0
235	0.357166	0
245	0.346297	0
255	0.357769	0
265	0.35475	0
275	0.344787	0
285	0.363808	0
295	0.347504	0
305	0.357467	0
315	0.339956	0
325	0.319728	0
335	0.32788	0
345	0.335428	0
355	0.318219	0
365	0.315803	0
375	0.298896	0
385	0.301311	0
395	0.292858	0
405	0.276554	0
415	0.258439	0
425	0.249684	0
435	0.248174	0
445	0.243645	0
455	0.223115	0
465	0.229455	0
475	0.225229	0
485	0.221002	0
495	0.208321	0
505	0.193226	0
515	0.181149	0
525	0.182357	0
535	0.168771	0
545	0.158505	0
555	0.146731	0
565	0.14341	0
575	0.134654	0
585	0.123483	0
595	0.121974	0
605	0.103859	0
615	0.0941975	0
625	0.0851401	0
635	0.067629	0
645	0.0670252	0
655	0.0546466	0
665	0.0637041	0
675	0.0416643	0
685	0.0365317	0
695	0.039249	0
705	0.0271724	0
715	0.0229455	0
725	0.0181149	0
735	0.0135862	0
745	0.0102651	0
755	0.0120766	0
765	0.0114728	0
775	0.00634022	0
785	0.00422681	0
795	0.00301915	0
805	0.00150958	0
815	0.00060383	0
825	0.00181149	0
835	0.000905745	0
845	0.000301915	0
855	0.000301915	0
865	0.000301915	0
875	0	0
885	0	0
895	0	0
905	0	0
915	0	0
925	0	0
935	0	0
945	0	0
955	0	0
965	0	0
975	0	0
985	0	0
995	0	0
1005	0	0
1015	0	0
1025	0	0
1035	0	0
1045	0	0
1055	0	0
1065	0	0
1075	0	0
1085	0	0
1095	0	0
1105	0	0
1115	0	0
1125	0	0
1135	0	0
1145	0	0
1155	0	0
1165	0	0
1175	0	0
1185	0	0
1195	0	0
