FG time = 3258.02	BG time = 735.38
5	0	0
15	0	0
25	0	0
35	0	0
45	0.00061387	0
55	0.0184161	0
65	0.0543275	0
75	0.0813378	0
85	0.109576	0
95	0.127685	0
105	0.144566	0
115	0.144566	0
125	0.172805	0
135	0.1682	0
145	0.189072	0
155	0.188151	0
165	0.185389	0
175	0.192448	0
185	0.208102	0
195	0.203498	0
205	0.214241	0
215	0.216082	0
225	0.215775	0
235	0.223449	0
245	0.217617	0
255	0.208716	0
265	0.216082	0
275	0.210558	0
285	0.218845	0
295	0.22529	0
305	0.219459	0
315	0.20534	0
325	0.205033	0
335	0.214855	0
345	0.218845	0
355	0.199815	0
365	0.203805	0
375	0.197973	0
385	0.17925	0
395	0.178022	0
405	0.172498	0
415	0.177102	0
425	0.16728	0
435	0.177409	0
445	0.152854	0
455	0.157765	0
465	0.15224	0
475	0.127992	0
485	0.14119	0
495	0.130447	0
505	0.123388	0
515	0.110804	0
525	0.106507	0
535	0.101289	0
545	0.104358	0
555	0.0942291	0
565	0.0761199	0
575	0.0810309	0
585	0.0739714	0
595	0.0724367	0
605	0.0733575	0
615	0.0629217	0
625	0.0607732	0
635	0.047575	0
645	0.0402085	0
655	0.0429709	0
665	0.0325351	0
675	0.0300796	0
685	0.0273172	0
695	0.0270103	0
705	0.018723	0
715	0.0242479	0
725	0.014119	0
735	0.0131982	0
745	0.00920806	0
755	0.00798031	0
765	0.00583177	0
775	0.00583177	0
785	0.00399016	0
795	0.00214855	0
805	0.00399016	0
815	0.00214855	0
825	0.000920806	0
835	0.00122774	0
845	0.00061387	0
855	0.00061387	0
865	0.00061387	0
875	0	0
885	0	0
895	0.000306935	0
905	0	0
915	0	0
925	0	0
935	0	0
945	0	0
955	0	0
965	0.000306935	0
975	0	0
985	0	0
995	0	0
1005	0	0
1015	0	0
1025	0	0
1035	0	0
1045	0	0
1055	0	0
1065	0	0
1075	0	0
1085	0	0
1095	0	0
1105	0	0
1115	0	0
1125	0	0
1135	0	0
1145	0	0
1155	0	0
1165	0	0
1175	0	0
1185	0	0
1195	0	0
