FG time = 2230.32	BG time = 307.106
5	0	0
15	0	0
25	0	0
35	0.00224183	0
45	0.0130026	0
55	0.0430432	0
65	0.0986407	0
75	0.13989	0
85	0.162757	0
95	0.17576	0
105	0.190556	0
115	0.205352	0
125	0.216561	0
135	0.221045	0
145	0.221941	0
155	0.237634	0
165	0.247498	0
175	0.226873	0
185	0.268123	0
195	0.268123	0
205	0.265881	0
215	0.256466	0
225	0.25243	0
235	0.262743	0
245	0.243911	0
255	0.260501	0
265	0.260053	0
275	0.272607	0
285	0.24705	0
295	0.26902	0
305	0.239876	0
315	0.270365	0
325	0.249292	0
335	0.217009	0
345	0.24705	0
355	0.24705	0
365	0.246153	0
375	0.224632	0
385	0.253327	0
395	0.219251	0
405	0.195488	0
415	0.207145	0
425	0.202662	0
435	0.203558	0
445	0.188762	0
455	0.15648	0
465	0.171276	0
475	0.160964	0
485	0.163205	0
495	0.165447	0
505	0.143477	0
515	0.136752	0
525	0.138545	0
535	0.11523	0
545	0.117024	0
555	0.106263	0
565	0.111195	0
575	0.0955021	0
585	0.0874315	0
595	0.0798093	0
605	0.0699452	0
615	0.0717387	0
625	0.0520105	0
635	0.0591844	0
645	0.0506654	0
655	0.0309373	0
665	0.0399046	0
675	0.0385595	0
685	0.0295922	0
695	0.018383	0
705	0.0197281	0
715	0.0147961	0
725	0.013451	0
735	0.0103124	0
745	0.00762223	0
755	0.00627713	0
765	0.00762223	0
775	0.00582877	0
785	0.00448367	0
795	0.00179347	0
805	0.000896733	0
815	0.000448367	0
825	0	0
835	0.000896733	0
845	0	0
855	0	0
865	0	0
875	0.000448367	0
885	0	0
895	0	0
905	0	0
915	0	0
925	0	0
935	0	0
945	0	0
955	0	0
965	0	0
975	0	0
985	0	0
995	0	0
1005	0	0
1015	0	0
1025	0	0
1035	0	0
1045	0	0
1055	0	0
1065	0	0
1075	0	0
1085	0	0
1095	0	0
1105	0	0
1115	0	0
1125	0	0
1135	0	0
1145	0	0
1155	0	0
1165	0	0
1175	0	0
1185	0	0
1195	0	0
