FG time = 3612.21	BG time = 485.845
5	0	0
15	0	0
25	0.00110736	0
35	0.00166103	0
45	0.00968936	0
55	0.0420795	0
65	0.101877	0
75	0.147001	0
85	0.181883	0
95	0.186312	0
105	0.185482	0
115	0.216765	0
125	0.21981	0
135	0.217042	0
145	0.232545	0
155	0.248324	0
165	0.235867	0
175	0.259675	0
185	0.26881	0
195	0.241127	0
205	0.267149	0
215	0.281268	0
225	0.254692	0
235	0.25663	0
245	0.272963	0
255	0.258291	0
265	0.267426	0
275	0.259675	0
285	0.261059	0
295	0.242788	0
305	0.241957	0
315	0.258844	0
325	0.256076	0
335	0.240296	0
345	0.243618	0
355	0.241957	0
365	0.226454	0
375	0.233929	0
385	0.22064	0
395	0.217318	0
405	0.204307	0
415	0.200708	0
425	0.2032	0
435	0.196556	0
445	0.187697	0
455	0.185205	0
465	0.162228	0
475	0.171363	0
485	0.153922	0
495	0.16029	0
505	0.147278	0
515	0.143956	0
525	0.123193	0
535	0.125131	0
545	0.114611	0
555	0.104922	0
565	0.104645	0
575	0.100769	0
585	0.0827748	0
595	0.0791759	0
605	0.0780685	0
615	0.0609045	0
625	0.0589667	0
635	0.066995	0
645	0.0492773	0
655	0.0448479	0
665	0.0390343	0
675	0.0332207	0
685	0.0307291	0
695	0.0202092	0
705	0.0243618	0
715	0.015503	0
725	0.0130114	0
735	0.00802832	0
745	0.0119041	0
755	0.00885884	0
765	0.00442942	0
775	0.00276839	0
785	0.00221471	0
795	0.00221471	0
805	0.00221471	0
815	0.00110736	0
825	0.000553678	0
835	0.000276839	0
845	0.000276839	0
855	0.000830516	0
865	0	0
875	0	0
885	0	0
895	0.000276839	0
905	0	0
915	0	0
925	0	0
935	0	0
945	0	0
955	0	0
965	0	0
975	0	0
985	0	0
995	0	0
1005	0	0
1015	0	0
1025	0	0
1035	0	0
1045	0	0
1055	0	0
1065	0	0
1075	0	0
1085	0	0
1095	0	0
1105	0	0
1115	0	0
1125	0	0
1135	0	0
1145	0	0
1155	0	0
1165	0	0
1175	0	0
1185	0	0
1195	0	0
