FG time = 3612.82	BG time = 486.014
5	0.00193754	0
15	0	0
25	0.000276792	0
35	0.00193754	0
45	0.0119021	0
55	0.0431795	0
65	0.104904	0
75	0.131476	0
85	0.141164	0
95	0.164414	0
105	0.175209	0
115	0.177424	0
125	0.192647	0
135	0.196245	0
145	0.200951	0
155	0.188772	0
165	0.218112	0
175	0.226693	0
185	0.202888	0
195	0.230568	0
205	0.223925	0
215	0.22863	0
225	0.228077	0
235	0.217835	0
245	0.229184	0
255	0.219496	0
265	0.239979	0
275	0.238318	0
285	0.221987	0
295	0.223925	0
305	0.223648	0
315	0.224478	0
325	0.210915	0
335	0.210085	0
345	0.222264	0
355	0.208701	0
365	0.207594	0
375	0.201228	0
385	0.193478	0
395	0.185174	0
405	0.188219	0
415	0.170781	0
425	0.168566	0
435	0.172995	0
445	0.168289	0
455	0.16303	0
465	0.158325	0
475	0.137012	0
485	0.140057	0
495	0.134521	0
505	0.120404	0
515	0.123449	0
525	0.119021	0
535	0.106565	0
545	0.104627	0
555	0.0946628	0
565	0.100199	0
575	0.0852519	0
585	0.0827608	0
595	0.0642157	0
605	0.0572959	0
615	0.055912	0
625	0.047885	0
635	0.0495458	0
645	0.0393045	0
655	0.0381973	0
665	0.0298935	0
675	0.0262952	0
685	0.0240809	0
695	0.0190986	0
705	0.0166075	0
715	0.00941093	0
725	0.0107949	0
735	0.00941093	0
745	0.00802697	0
755	0.00498225	0
765	0.00498225	0
775	0.00249113	0
785	0.00304471	0
795	0.00276792	0
805	0.000830376	0
815	0	0
825	0.000553584	0
835	0	0
845	0	0
855	0.000830376	0
865	0	0
875	0	0
885	0	0
895	0	0
905	0	0
915	0	0
925	0	0
935	0	0
945	0	0
955	0	0
965	0	0
975	0	0
985	0	0
995	0	0
1005	0	0
1015	0	0
1025	0	0
1035	0	0
1045	0	0
1055	0	0
1065	0	0
1075	0	0
1085	0	0
1095	0	0
1105	0	0
1115	0	0
1125	0	0
1135	0	0
1145	0	0
1155	0	0
1165	0	0
1175	0	0
1185	0	0
1195	0	0
