FG time = 1633.56	BG time = 313.187
5	0	0
15	0	0
25	0	0
35	0	0
45	0.00122432	0
55	0.0140797	0
65	0.0434635	0
75	0.0832539	0
85	0.110189	0
95	0.126717	0
105	0.140185	0
115	0.121208	0
125	0.145082	0
135	0.142634	0
145	0.151204	0
155	0.162223	0
165	0.164059	0
175	0.168344	0
185	0.154265	0
195	0.183036	0
205	0.156101	0
215	0.174466	0
225	0.184261	0
235	0.167732	0
245	0.165284	0
255	0.169569	0
265	0.17263	0
275	0.161611	0
285	0.185485	0
295	0.172017	0
305	0.164059	0
315	0.138348	0
325	0.154265	0
335	0.164671	0
345	0.160998	0
355	0.157325	0
365	0.151816	0
375	0.148755	0
385	0.14998	0
395	0.146307	0
405	0.135288	0
415	0.137736	0
425	0.131615	0
435	0.123657	0
445	0.126717	0
455	0.110189	0
465	0.111413	0
475	0.114474	0
485	0.108965	0
495	0.0991701	0
505	0.0844783	0
515	0.0942728	0
525	0.0832539	0
535	0.0863148	0
545	0.0636648	0
555	0.0667256	0
565	0.0752958	0
575	0.0875391	0
585	0.0599918	0
595	0.0587675	0
605	0.0495851	0
615	0.0489729	0
625	0.037954	0
635	0.0330567	0
645	0.0324446	0
655	0.0269351	0
665	0.0275473	0
675	0.0146919	0
685	0.0238743	0
695	0.0128554	0
705	0.0214256	0
715	0.0140797	0
725	0.0116311	0
735	0.00550945	0
745	0.00367297	0
755	0.00857026	0
765	0.00673377	0
775	0.00367297	0
785	0.000612161	0
795	0.00183648	0
805	0	0
815	0.000612161	0
825	0.000612161	0
835	0	0
845	0.000612161	0
855	0	0
865	0.000612161	0
875	0	0
885	0	0
895	0	0
905	0	0
915	0	0
925	0	0
935	0	0
945	0	0
955	0	0
965	0	0
975	0	0
985	0	0
995	0	0
1005	0	0
1015	0	0
1025	0	0
1035	0	0
1045	0	0
1055	0	0
1065	0	0
1075	0	0
1085	0	0
1095	0	0
1105	0	0
1115	0	0
1125	0	0
1135	0	0
1145	0	0
1155	0	0
1165	0	0
1175	0	0
1185	0	0
1195	0	0
