FG time = 3604.54	BG time = 568.551
5	0	0
15	0	0
25	0	0
35	0	0
45	0.0049937	0
55	0.0227491	0
65	0.0502144	0
75	0.0685246	0
85	0.100429	0
95	0.114855	0
105	0.127339	0
115	0.160908	0
125	0.167289	0
135	0.168121	0
145	0.199748	0
155	0.216948	0
165	0.222774	0
175	0.224439	0
185	0.246078	0
195	0.236091	0
205	0.247465	0
215	0.249685	0
225	0.270769	0
235	0.246633	0
245	0.259395	0
255	0.273266	0
265	0.285196	0
275	0.268272	0
285	0.274931	0
295	0.260505	0
305	0.25995	0
315	0.257175	0
325	0.265776	0
335	0.267718	0
345	0.265221	0
355	0.254956	0
365	0.258285	0
375	0.242194	0
385	0.251627	0
395	0.235813	0
405	0.224439	0
415	0.227768	0
425	0.209458	0
435	0.195586	0
445	0.204742	0
455	0.201967	0
465	0.193367	0
475	0.187818	0
485	0.165347	0
495	0.179218	0
505	0.17145	0
515	0.159243	0
525	0.153695	0
535	0.148701	0
545	0.128726	0
555	0.125952	0
565	0.116797	0
575	0.109861	0
585	0.102926	0
595	0.0918285	0
605	0.0915511	0
615	0.0815637	0
625	0.0846154	0
635	0.0693569	0
645	0.0560404	0
655	0.0560404	0
665	0.046053	0
675	0.0418916	0
685	0.032459	0
695	0.0332913	0
705	0.0249685	0
715	0.0271879	0
725	0.013594	0
735	0.0149811	0
745	0.0105422	0
755	0.00721312	0
765	0.00721312	0
775	0.00610341	0
785	0.00277428	0
795	0.00221942	0
805	0.00194199	0
815	0.000554855	0
825	0.000554855	0
835	0.000277428	0
845	0	0
855	0.000277428	0
865	0	0
875	0	0
885	0	0
895	0	0
905	0	0
915	0	0
925	0	0
935	0	0
945	0	0
955	0	0
965	0	0
975	0	0
985	0	0
995	0	0
1005	0	0
1015	0	0
1025	0	0
1035	0	0
1045	0	0
1055	0	0
1065	0	0
1075	0	0
1085	0	0
1095	0	0
1105	0	0
1115	0	0
1125	0	0
1135	0	0
1145	0	0
1155	0	0
1165	0	0
1175	0	0
1185	0	0
1195	0	0
