FG time = 2830.24	BG time = 305.926
5	0	0
15	0	0
25	0	0
35	0	0
45	0.000706654	0
55	0.0120131	0
65	0.0699587	0
75	0.161117	0
85	0.203516	0
95	0.262875	0
105	0.285842	0
115	0.294321	0
125	0.315521	0
135	0.320468	0
145	0.316228	0
155	0.317288	0
165	0.332127	0
175	0.346614	0
185	0.331067	0
195	0.344494	0
205	0.346614	0
215	0.35262	0
225	0.36746	0
235	0.37276	0
245	0.37912	0
255	0.349794	0
265	0.34308	0
275	0.351207	0
285	0.3717	0
295	0.347674	0
305	0.349794	0
315	0.346967	0
325	0.35368	0
335	0.349087	0
345	0.328947	0
355	0.323647	0
365	0.311634	0
375	0.297148	0
385	0.307748	0
395	0.292908	0
405	0.307041	0
415	0.288668	0
425	0.263229	0
435	0.254749	0
445	0.261109	0
455	0.252275	0
465	0.251569	0
475	0.224009	0
485	0.219416	0
495	0.218356	0
505	0.196803	0
515	0.18797	0
525	0.18797	0
535	0.173484	0
545	0.161117	0
555	0.148044	0
565	0.130024	0
575	0.136384	0
585	0.112005	0
595	0.109178	0
605	0.110238	0
615	0.0964583	0
625	0.0812652	0
635	0.0752586	0
645	0.0664255	0
655	0.0646588	0
665	0.0579456	0
675	0.0438125	0
685	0.0395726	0
695	0.0360393	0
705	0.0275595	0
715	0.0222596	0
725	0.0187263	0
735	0.0201396	0
745	0.0127198	0
755	0.00953983	0
765	0.00741987	0
775	0.00635989	0
785	0.0052999	0
795	0.00353327	0
805	0.00247329	0
815	0.000353327	0
825	0.00141331	0
835	0.000353327	0
845	0.000353327	0
855	0.000353327	0
865	0	0
875	0	0
885	0	0
895	0	0
905	0	0
915	0	0
925	0	0
935	0	0
945	0	0
955	0	0
965	0	0
975	0	0
985	0	0
995	0	0
1005	0	0
1015	0	0
1025	0	0
1035	0	0
1045	0	0
1055	0	0
1065	0	0
1075	0	0
1085	0	0
1095	0	0
1105	0	0
1115	0	0
1125	0	0
1135	0	0
1145	0	0
1155	0	0
1165	0	0
1175	0	0
1185	0	0
1195	0	0
