FG time = 3604.58	BG time = 544.461
5	0	0
15	0	0
25	0	0
35	0	0
45	0	0
55	0.0011097	0
65	0.011097	0
75	0.0399492	0
85	0.0582593	0
95	0.0821178	0
105	0.107918	0
115	0.111525	0
125	0.117628	0
135	0.123177	0
145	0.134274	0
155	0.15619	0
165	0.160629	0
175	0.15619	0
185	0.181436	0
195	0.173668	0
205	0.175333	0
215	0.191701	0
225	0.195862	0
235	0.199469	0
245	0.178939	0
255	0.176442	0
265	0.194198	0
275	0.191423	0
285	0.190868	0
295	0.196694	0
305	0.187817	0
315	0.199746	0
325	0.198914	0
335	0.188094	0
345	0.191423	0
355	0.18643	0
365	0.185875	0
375	0.183378	0
385	0.183655	0
395	0.171449	0
405	0.165623	0
415	0.162571	0
425	0.148145	0
435	0.158132	0
445	0.149255	0
455	0.14981	0
465	0.143151	0
475	0.138435	0
485	0.126228	0
495	0.122067	0
505	0.121512	0
515	0.107086	0
525	0.114299	0
535	0.0970988	0
545	0.104867	0
555	0.099873	0
565	0.0804533	0
575	0.0762919	0
585	0.0771242	0
595	0.0710208	0
605	0.0607561	0
615	0.0565947	0
625	0.0602012	0
635	0.0513236	0
645	0.0449429	0
655	0.0432783	0
665	0.0288522	0
675	0.0316265	0
685	0.0255231	0
695	0.026078	0
705	0.0180326	0
715	0.0177552	0
725	0.0158132	0
735	0.0099873	0
745	0.0088776	0
755	0.0066582	0
765	0.00527108	0
775	0.00582593	0
785	0.0022194	0
795	0.00249683	0
805	0.0011097	0
815	0.0022194	0
825	0.00166455	0
835	0.0011097	0
845	0.000277425	0
855	0	0
865	0	0
875	0	0
885	0	0
895	0	0
905	0	0
915	0	0
925	0.000277425	0
935	0	0
945	0	0
955	0	0
965	0	0
975	0	0
985	0	0
995	0	0
1005	0	0
1015	0	0
1025	0	0
1035	0	0
1045	0	0
1055	0	0
1065	0	0
1075	0	0
1085	0	0
1095	0	0
1105	0	0
1115	0	0
1125	0	0
1135	0	0
1145	0	0
1155	0	0
1165	0	0
1175	0	0
1185	0	0
1195	0	0
