FG time = 2703.82	BG time = 424.619
5	0	0
15	0	0
25	0	0
35	0	0
45	0	0
55	0.00221908	0
65	0.0122049	0
75	0.0336561	0
85	0.0543675	0
95	0.0776678	0
105	0.0920918	0
115	0.105406	0
125	0.113173	0
135	0.142761	0
145	0.125378	0
155	0.14387	0
165	0.138323	0
175	0.14498	0
185	0.146459	0
195	0.159404	0
205	0.167541	0
215	0.175677	0
225	0.186033	0
235	0.166061	0
245	0.180115	0
255	0.171979	0
265	0.191211	0
275	0.179376	0
285	0.186773	0
295	0.176417	0
305	0.189731	0
315	0.174938	0
325	0.173088	0
335	0.176787	0
345	0.184554	0
355	0.177157	0
365	0.184184	0
375	0.176417	0
385	0.164582	0
395	0.147569	0
405	0.170869	0
415	0.138323	0
425	0.149048	0
435	0.141281	0
445	0.128337	0
455	0.139062	0
465	0.127967	0
475	0.130556	0
485	0.126857	0
495	0.12057	0
505	0.110214	0
515	0.112803	0
525	0.100968	0
535	0.0961601	0
545	0.0928315	0
555	0.0824758	0
565	0.0761884	0
575	0.0758186	0
585	0.0654629	0
595	0.0613946	0
605	0.0617644	0
615	0.0576961	0
625	0.045861	0
635	0.045861	0
645	0.0403133	0
655	0.0336561	0
665	0.0395736	0
675	0.0281084	0
685	0.0229305	0
695	0.02404	0
705	0.0140542	0
715	0.0103557	0
725	0.0181225	0
735	0.0110954	0
745	0.0114652	0
755	0.00517785	0
765	0.00480801	0
775	0.00591755	0
785	0.00517785	0
795	0.00147939	0
805	0.00258893	0
815	0.00221908	0
825	0.00110954	0
835	0	0
845	0.000739693	0
855	0.000369847	0
865	0	0
875	0.000369847	0
885	0	0
895	0	0
905	0	0
915	0	0
925	0	0
935	0	0
945	0	0
955	0	0
965	0	0
975	0	0
985	0	0
995	0	0
1005	0	0
1015	0	0
1025	0	0
1035	0	0
1045	0	0
1055	0	0
1065	0	0
1075	0	0
1085	0	0
1095	0	0
1105	0	0
1115	0	0
1125	0	0
1135	0	0
1145	0	0
1155	0	0
1165	0	0
1175	0	0
1185	0	0
1195	0	0
