FG time = 2403.93	BG time = 364.586
5	0	0
15	0	0
25	0	0
35	0	0
45	0	0
55	0	0
65	0	0
75	0	0
85	0	0
95	0	0
105	0	0
115	0	0
125	0.000415986	0
135	0.000415986	0
145	0	0
155	0.000415986	0
165	0.000831971	0
175	0.00124796	0
185	0.000415986	0
195	0.0029119	0
205	0.00166394	0
215	0.0029119	0
225	0.00457584	0
235	0.0029119	0
245	0.00499183	0
255	0.0029119	0
265	0.0029119	0
275	0.00457584	0
285	0.00499183	0
295	0.00374387	0
305	0.00748774	0
315	0.00623978	0
325	0.00540781	0
335	0.00665577	0
345	0.00790373	0
355	0.00956767	0
365	0.00748774	0
375	0.0103996	0
385	0.00499183	0
395	0.0087357	0
405	0.00748774	0
415	0.00499183	0
425	0.00415986	0
435	0.00415986	0
445	0.00831971	0
455	0.00748774	0
465	0.00623978	0
475	0.0058238	0
485	0.00623978	0
495	0.00915168	0
505	0.00540781	0
515	0.0029119	0
525	0.00665577	0
535	0.00499183	0
545	0.00457584	0
555	0.00540781	0
565	0.00249591	0
575	0.00499183	0
585	0.00166394	0
595	0.00540781	0
605	0.0029119	0
615	0.00415986	0
625	0.00249591	0
635	0.00332788	0
645	0.00374387	0
655	0.00207993	0
665	0.00415986	0
675	0.00207993	0
685	0.00166394	0
695	0.000415986	0
705	0.00124796	0
715	0.000831971	0
725	0.00166394	0
735	0.00124796	0
745	0	0
755	0.000415986	0
765	0.000415986	0
775	0	0
785	0	0
795	0	0
805	0.000415986	0
815	0	0
825	0	0
835	0	0
845	0	0
855	0	0
865	0	0
875	0	0
885	0	0
895	0	0
905	0	0
915	0	0
925	0	0
935	0	0
945	0	0
955	0	0
965	0	0
975	0	0
985	0	0
995	0	0
1005	0	0
1015	0	0
1025	0	0
1035	0	0
1045	0	0
1055	0	0
1065	0	0
1075	0	0
1085	0	0
1095	0	0
1105	0	0
1115	0	0
1125	0	0
1135	0	0
1145	0	0
1155	0	0
1165	0	0
1175	0	0
1185	0	0
1195	0	0
