FG time = 3605.12	BG time = 545.218
5	0	0
15	0	0
25	0	0
35	0	0
45	0.00194169	0
55	0.0180299	0
65	0.054922	0
75	0.0704554	0
85	0.121217	0
95	0.133144	0
105	0.163934	0
115	0.180854	0
125	0.194723	0
135	0.199994	0
145	0.228842	0
155	0.23744	0
165	0.265456	0
175	0.262405	0
185	0.267398	0
195	0.266011	0
205	0.279048	0
215	0.285428	0
225	0.292362	0
235	0.277384	0
245	0.299852	0
255	0.289311	0
265	0.293195	0
275	0.305677	0
285	0.297633	0
295	0.306509	0
305	0.310947	0
315	0.312334	0
325	0.295691	0
335	0.306786	0
345	0.309283	0
355	0.2968	0
365	0.284318	0
375	0.275442	0
385	0.269894	0
395	0.264347	0
405	0.263792	0
415	0.245207	0
425	0.264069	0
435	0.243265	0
445	0.239937	0
455	0.238827	0
465	0.221352	0
475	0.228842	0
485	0.204432	0
495	0.179745	0
505	0.172255	0
515	0.185015	0
525	0.160883	0
535	0.138969	0
545	0.151174	0
555	0.146181	0
565	0.13148	0
575	0.122604	0
585	0.127596	0
595	0.103464	0
605	0.0956974	0
615	0.0937557	0
625	0.0798865	0
635	0.0699007	0
645	0.0651852	0
655	0.0507612	0
665	0.0490969	0
675	0.0468778	0
685	0.0413302	0
695	0.0305122	0
705	0.0288479	0
715	0.0260741	0
725	0.0194169	0
735	0.0196942	0
745	0.0147013	0
755	0.0102632	0
765	0.00721197	0
775	0.00416075	0
785	0.00305122	0
795	0.00360599	0
805	0.0016643	0
815	0.00221907	0
825	0	0
835	0	0
845	0	0
855	0.000277384	0
865	0	0
875	0	0
885	0	0
895	0	0
905	0	0
915	0	0
925	0	0
935	0	0
945	0	0
955	0	0
965	0	0
975	0	0
985	0	0
995	0	0
1005	0	0
1015	0	0
1025	0	0
1035	0	0
1045	0	0
1055	0	0
1065	0	0
1075	0	0
1085	0	0
1095	0	0
1105	0	0
1115	0	0
1125	0	0
1135	0	0
1145	0	0
1155	0	0
1165	0	0
1175	0	0
1185	0	0
1195	0	0
