FG time = 1205.11	BG time = 184.749
5	0	0
15	0	0
25	0	0
35	0	0
45	0	0
55	0.0058086	0
65	0.029043	0
75	0.0531072	0
85	0.091278	0
95	0.113683	0
105	0.112853	0
115	0.126959	0
125	0.156832	0
135	0.141066	0
145	0.16596	0
155	0.158492	0
165	0.195003	0
175	0.176747	0
185	0.204961	0
195	0.199982	0
205	0.202471	0
215	0.216578	0
225	0.194173	0
235	0.20911	0
245	0.24977	0
255	0.229854	0
265	0.194173	0
275	0.230684	0
285	0.216578	0
295	0.224876	0
305	0.219897	0
315	0.224876	0
325	0.231514	0
335	0.214918	0
345	0.233174	0
355	0.185875	0
365	0.209939	0
375	0.20579	0
385	0.204131	0
395	0.177577	0
405	0.184216	0
415	0.196663	0
425	0.195833	0
435	0.199152	0
445	0.180896	0
455	0.162641	0
465	0.16513	0
475	0.156002	0
485	0.160981	0
495	0.140236	0
505	0.146875	0
515	0.150194	0
525	0.112023	0
535	0.114512	0
545	0.102065	0
555	0.12613	0
565	0.101236	0
575	0.0937674	0
585	0.0846396	0
595	0.070533	0
605	0.0614052	0
615	0.0572562	0
625	0.0614052	0
635	0.0572562	0
645	0.0655542	0
655	0.053937	0
665	0.0406602	0
675	0.0315324	0
685	0.0282132	0
695	0.0298728	0
705	0.0240642	0
715	0.0199152	0
725	0.0141066	0
735	0.012447	0
745	0.0116172	0
755	0.0132768	0
765	0.0024894	0
775	0.004149	0
785	0.0024894	0
795	0.0016596	0
805	0	0
815	0.0008298	0
825	0.0033192	0
835	0.0008298	0
845	0.0016596	0
855	0.0008298	0
865	0	0
875	0	0
885	0	0
895	0	0
905	0	0
915	0.0008298	0
925	0	0
935	0	0
945	0	0
955	0	0
965	0	0
975	0	0
985	0	0
995	0	0
1005	0	0
1015	0	0
1025	0	0
1035	0	0
1045	0	0
1055	0	0
1065	0	0
1075	0	0
1085	0	0
1095	0	0
1105	0	0
1115	0	0
1125	0	0
1135	0	0
1145	0	0
1155	0	0
1165	0	0
1175	0	0
1185	0	0
1195	0	0
