FG time = 3420.02	BG time = 724.688
5	0	0
15	0	0
25	0	0
35	0.000877188	0
45	0.0105263	0
55	0.026608	0
65	0.0432746	0
75	0.0654967	0
85	0.0795317	0
95	0.100877	0
105	0.116958	0
115	0.134795	0
125	0.137719	0
135	0.145028	0
145	0.153215	0
155	0.17456	0
165	0.183332	0
175	0.194151	0
185	0.220759	0
195	0.212864	0
205	0.204385	0
215	0.230116	0
225	0.21725	0
235	0.208186	0
245	0.223098	0
255	0.238303	0
265	0.23304	0
275	0.228069	0
285	0.235379	0
295	0.216373	0
305	0.235086	0
315	0.216958	0
325	0.204385	0
335	0.223975	0
345	0.224853	0
355	0.219297	0
365	0.212864	0
375	0.21111	0
385	0.209356	0
395	0.186549	0
405	0.18918	0
415	0.192689	0
425	0.182163	0
435	0.169005	0
445	0.182455	0
455	0.165204	0
465	0.166373	0
475	0.156139	0
485	0.143274	0
495	0.134795	0
505	0.139473	0
515	0.1269	0
525	0.132748	0
535	0.123099	0
545	0.112572	0
555	0.102339	0
565	0.0953211	0
575	0.0947363	0
585	0.0807013	0
595	0.0853796	0
605	0.0748534	0
615	0.0698826	0
625	0.057602	0
635	0.05614	0
645	0.0467834	0
655	0.0432746	0
665	0.0429822	0
675	0.0368419	0
685	0.0327484	0
695	0.0225145	0
705	0.0233917	0
715	0.0184209	0
725	0.0166666	0
735	0.0160818	0
745	0.00672511	0
755	0.00877188	0
765	0.00614032	0
775	0.00321636	0
785	0.00438594	0
795	0.00204677	0
805	0.00146198	0
815	0.000877188	0
825	0.000292396	0
835	0.000584792	0
845	0.000292396	0
855	0	0
865	0	0
875	0	0
885	0	0
895	0	0
905	0	0
915	0	0
925	0	0
935	0	0
945	0	0
955	0	0
965	0	0
975	0	0
985	0	0
995	0	0
1005	0	0
1015	0	0
1025	0	0
1035	0	0
1045	0	0
1055	0	0
1065	0	0
1075	0	0
1085	0	0
1095	0	0
1105	0	0
1115	0	0
1125	0	0
1135	0	0
1145	0	0
1155	0	0
1165	0	0
1175	0	0
1185	0	0
1195	0	0
