FG time = 3612.01	BG time = 485.851
5	0	0
15	0	0
25	0	0
35	0.000276854	0
45	0	0
55	0.00526023	0
65	0.0301771	0
75	0.0620153	0
85	0.0955146	0
95	0.122093	0
105	0.143134	0
115	0.153377	0
125	0.160852	0
135	0.190476	0
145	0.190199	0
155	0.205979	0
165	0.219545	0
175	0.222314	0
185	0.218438	0
195	0.24114	0
205	0.23588	0
215	0.245016	0
225	0.263842	0
235	0.257751	0
245	0.278238	0
255	0.285436	0
265	0.25609	0
275	0.26135	0
285	0.255813	0
295	0.257474	0
305	0.261904	0
315	0.250553	0
325	0.251383	0
335	0.242524	0
345	0.225359	0
355	0.23228	0
365	0.236987	0
375	0.233388	0
385	0.225359	0
395	0.225913	0
405	0.220929	0
415	0.217054	0
425	0.202657	0
435	0.195459	0
445	0.193521	0
455	0.18743	0
465	0.155869	0
475	0.16805	0
485	0.178017	0
495	0.163344	0
505	0.152823	0
515	0.13732	0
525	0.150055	0
535	0.141196	0
545	0.112956	0
555	0.115725	0
565	0.110465	0
575	0.0999443	0
585	0.0999443	0
595	0.0894238	0
605	0.0838868	0
615	0.0813951	0
625	0.0692135	0
635	0.0658913	0
645	0.0589699	0
655	0.0476189	0
665	0.0415281	0
675	0.037929	0
685	0.034053	0
695	0.0315614	0
705	0.0232557	0
715	0.0210409	0
725	0.0210409	0
735	0.0163344	0
745	0.0121816	0
755	0.00885933	0
765	0.00636764	0
775	0.00387596	0
785	0.00249169	0
795	0.00249169	0
805	0.00221483	0
815	0.00110742	0
825	0.00138427	0
835	0.000276854	0
845	0	0
855	0.000553708	0
865	0	0
875	0.000553708	0
885	0	0
895	0	0
905	0	0
915	0	0
925	0	0
935	0	0
945	0	0
955	0	0
965	0	0
975	0	0
985	0	0
995	0	0
1005	0	0
1015	0	0
1025	0	0
1035	0	0
1045	0	0
1055	0	0
1065	0	0
1075	0	0
1085	0	0
1095	0	0
1105	0	0
1115	0	0
1125	0	0
1135	0	0
1145	0	0
1155	0	0
1165	0	0
1175	0	0
1185	0	0
1195	0	0
