FG time = 3013.04	BG time = 613.357
5	0	0
15	0	0
25	0	0
35	0	0
45	0.00564215	0
55	0.0255556	0
65	0.0843004	0
75	0.146032	0
85	0.18254	0
95	0.202786	0
105	0.220044	0
115	0.22469	0
125	0.25622	0
135	0.264185	0
145	0.274474	0
155	0.261198	0
165	0.294056	0
175	0.260203	0
185	0.321603	0
195	0.303017	0
205	0.300362	0
215	0.300362	0
225	0.32459	0
235	0.313305	0
245	0.325917	0
255	0.307331	0
265	0.306999	0
275	0.334214	0
285	0.307995	0
295	0.316292	0
305	0.311314	0
315	0.305672	0
325	0.302353	0
335	0.299034	0
345	0.290405	0
355	0.286422	0
365	0.28609	0
375	0.266841	0
385	0.265181	0
395	0.270823	0
405	0.235311	0
415	0.248255	0
425	0.255888	0
435	0.227345	0
445	0.228009	0
455	0.205773	0
465	0.216393	0
475	0.187187	0
485	0.186855	0
495	0.182872	0
505	0.176566	0
515	0.174575	0
525	0.154993	0
535	0.145036	0
545	0.152006	0
555	0.142381	0
565	0.121804	0
575	0.0965804	0
585	0.100895	0
595	0.0959166	0
605	0.0902744	0
615	0.0849642	0
625	0.0789901	0
635	0.064055	0
645	0.0623956	0
655	0.0524388	0
665	0.0461329	0
675	0.0401588	0
685	0.0371718	0
695	0.0388313	0
705	0.0285426	0
715	0.0205773	0
725	0.0189178	0
735	0.0162627	0
745	0.0112843	0
755	0.00564215	0
765	0.00531026	0
775	0.00398269	0
785	0.00464648	0
795	0.00199135	0
805	0.00132756	0
815	0.00165946	0
825	0.000995674	0
835	0.000331891	0
845	0	0
855	0.000331891	0
865	0	0
875	0	0
885	0	0
895	0	0
905	0	0
915	0	0
925	0	0
935	0	0
945	0	0
955	0	0
965	0	0
975	0	0
985	0	0
995	0	0
1005	0	0
1015	0	0
1025	0	0
1035	0	0
1045	0	0
1055	0	0
1065	0	0
1075	0	0
1085	0	0
1095	0	0
1105	0	0
1115	0	0
1125	0	0
1135	0	0
1145	0	0
1155	0	0
1165	0	0
1175	0	0
1185	0	0
1195	0	0
