FG time = 3312.89	BG time = 733.476
5	0	0
15	0	0
25	0	0
35	0.000603703	0
45	0.00301851	0
55	0.0301851	0
65	0.0736518	0
75	0.0953851	0
85	0.127683	0
95	0.159378	0
105	0.183828	0
115	0.199826	0
125	0.189261	0
135	0.208278	0
145	0.225181	0
155	0.23152	0
165	0.245405	0
175	0.243896	0
185	0.250235	0
195	0.271666	0
205	0.260196	0
215	0.263214	0
225	0.263516	0
235	0.263214	0
245	0.280118	0
255	0.281326	0
265	0.278005	0
275	0.266837	0
285	0.283137	0
295	0.260498	0
305	0.257781	0
315	0.263818	0
325	0.270761	0
335	0.254159	0
345	0.253253	0
355	0.255668	0
365	0.246613	0
375	0.247518	0
385	0.242085	0
395	0.241179	0
405	0.232727	0
415	0.217937	0
425	0.219144	0
435	0.208881	0
445	0.200731	0
455	0.202542	0
465	0.188959	0
475	0.180205	0
485	0.181413	0
495	0.170244	0
505	0.153944	0
515	0.155454	0
525	0.149115	0
535	0.149718	0
545	0.125872	0
555	0.120741	0
565	0.116817	0
575	0.109874	0
585	0.0993091	0
595	0.0917629	0
605	0.0799906	0
615	0.0718407	0
625	0.0697277	0
635	0.0658036	0
645	0.0534277	0
655	0.0479944	0
665	0.052824	0
675	0.0356185	0
685	0.0344111	0
695	0.0271666	0
705	0.0256574	0
715	0.0226389	0
725	0.0156963	0
735	0.0156963	0
745	0.00814999	0
755	0.00875369	0
765	0.00573518	0
775	0.00422592	0
785	0.00362222	0
795	0.00422592	0
805	0.00271666	0
815	0.00211296	0
825	0.00120741	0
835	0.000301851	0
845	0.000301851	0
855	0.000603703	0
865	0	0
875	0	0
885	0	0
895	0	0
905	0	0
915	0	0
925	0	0
935	0	0
945	0	0
955	0	0
965	0	0
975	0	0
985	0	0
995	0	0
1005	0	0
1015	0	0
1025	0	0
1035	0	0
1045	0	0
1055	0	0
1065	0	0
1075	0	0
1085	0	0
1095	0	0
1105	0	0
1115	0	0
1125	0	0
1135	0	0
1145	0	0
1155	0	0
1165	0	0
1175	0	0
1185	0	0
1195	0	0
