FG time = 2885.65	BG time = 425.109
5	0.000346542	0
15	0	0
25	0.000346542	0
35	0.00346542	0
45	0.0180202	0
55	0.06515	0
65	0.152132	0
75	0.246392	0
85	0.265451	0
95	0.289016	0
105	0.317433	0
115	0.303918	0
125	0.336146	0
135	0.352434	0
145	0.364216	0
155	0.380157	0
165	0.36283	0
175	0.391593	0
185	0.396098	0
195	0.406148	0
205	0.407534	0
215	0.400256	0
225	0.394019	0
235	0.405454	0
245	0.417237	0
255	0.417237	0
265	0.40892	0
275	0.39887	0
285	0.415158	0
295	0.400603	0
305	0.399217	0
315	0.409613	0
325	0.395751	0
335	0.401296	0
345	0.377731	0
355	0.372186	0
365	0.366642	0
375	0.359018	0
385	0.345503	0
395	0.335799	0
405	0.333027	0
415	0.318126	0
425	0.318819	0
435	0.309462	0
445	0.294214	0
455	0.283472	0
465	0.269263	0
475	0.276541	0
485	0.254362	0
495	0.244312	0
505	0.232183	0
515	0.224906	0
525	0.214163	0
535	0.204113	0
545	0.177083	0
555	0.178469	0
565	0.160449	0
575	0.146934	0
585	0.140696	0
595	0.124755	0
605	0.130993	0
615	0.109854	0
625	0.10327	0
635	0.0942595	0
645	0.0890614	0
655	0.0741601	0
665	0.073467	0
675	0.0547537	0
685	0.0436643	0
695	0.0381197	0
705	0.0339611	0
715	0.0315353	0
725	0.024258	0
735	0.020446	0
745	0.0128221	0
755	0.0107428	0
765	0.00693085	0
775	0.00485159	0
785	0.00415851	0
795	0.00346542	0
805	0.00277234	0
815	0.00103963	0
825	0.00103963	0
835	0.00103963	0
845	0.000346542	0
855	0.000346542	0
865	0.000346542	0
875	0	0
885	0	0
895	0	0
905	0	0
915	0	0
925	0	0
935	0	0
945	0	0
955	0	0
965	0	0
975	0	0
985	0	0
995	0	0
1005	0	0
1015	0	0
1025	0	0
1035	0	0
1045	0	0
1055	0	0
1065	0	0
1075	0	0
1085	0	0
1095	0	0
1105	0	0
1115	0	0
1125	0	0
1135	0	0
1145	0	0
1155	0	0
1165	0	0
1175	0	0
1185	0	0
1195	0	0
