FG time = 2831.32	BG time = 305.421
5	0	0
15	0	0
25	0	0
35	0	0
45	0	0
55	0	0
65	0	0
75	0	0
85	0	0
95	0	0
105	0	0
115	0	0
125	0.000706385	0
135	0.000353192	0
145	0.000706385	0
155	0.00282554	0
165	0.00282554	0
175	0.00353192	0
185	0.00671066	0
195	0.00635746	0
205	0.00494469	0
215	0.0045915	0
225	0.00635746	0
235	0.00847662	0
245	0.00600427	0
255	0.0102426	0
265	0.00529789	0
275	0.00741704	0
285	0.0095362	0
295	0.0095362	0
305	0.0102426	0
315	0.00988939	0
325	0.010949	0
335	0.00812343	0
345	0.009183	0
355	0.0095362	0
365	0.00882981	0
375	0.009183	0
385	0.00706385	0
395	0.00882981	0
405	0.00600427	0
415	0.0102426	0
425	0.00988939	0
435	0.00671066	0
445	0.00565108	0
455	0.00635746	0
465	0.00741704	0
475	0.00882981	0
485	0.00741704	0
495	0.00423831	0
505	0.00317873	0
515	0.00671066	0
525	0.00388512	0
535	0.00741704	0
545	0.00671066	0
555	0.00317873	0
565	0.00423831	0
575	0.00423831	0
585	0.00529789	0
595	0.00211915	0
605	0.00105958	0
615	0.00282554	0
625	0.00176596	0
635	0.00141277	0
645	0.00247235	0
655	0.00105958	0
665	0.000706385	0
675	0.00211915	0
685	0.000706385	0
695	0.00105958	0
705	0.000706385	0
715	0.000353192	0
725	0	0
735	0.000706385	0
745	0.00105958	0
755	0.000353192	0
765	0.000353192	0
775	0	0
785	0	0
795	0	0
805	0	0
815	0	0
825	0	0
835	0	0
845	0	0
855	0	0
865	0	0
875	0	0
885	0	0
895	0	0
905	0	0
915	0	0
925	0	0
935	0	0
945	0	0
955	0	0
965	0	0
975	0	0
985	0	0
995	0	0
1005	0	0
1015	0	0
1025	0	0
1035	0	0
1045	0	0
1055	0	0
1065	0	0
1075	0	0
1085	0	0
1095	0	0
1105	0	0
1115	0	0
1125	0	0
1135	0	0
1145	0	0
1155	0	0
1165	0	0
1175	0	0
1185	0	0
1195	0	0
