FG time = 1804.29	BG time = 364.674
5	0	0
15	0	0
25	0	0
35	0	0
45	0.0127474	0
55	0.0609657	0
65	0.12304	0
75	0.157402	0
85	0.203404	0
95	0.215597	0
105	0.243309	0
115	0.233333	0
125	0.251068	0
135	0.243863	0
145	0.288202	0
155	0.265478	0
165	0.294853	0
175	0.300949	0
185	0.284876	0
195	0.288202	0
205	0.282659	0
215	0.31148	0
225	0.335312	0
235	0.302612	0
245	0.322564	0
255	0.312588	0
265	0.317022	0
275	0.318685	0
285	0.304275	0
295	0.291527	0
305	0.303166	0
315	0.290973	0
325	0.333649	0
335	0.280442	0
345	0.283214	0
355	0.275454	0
365	0.270466	0
375	0.272129	0
385	0.256056	0
395	0.272129	0
405	0.244971	0
415	0.233887	0
425	0.225019	0
435	0.246634	0
445	0.229453	0
455	0.223356	0
465	0.216706	0
475	0.205067	0
485	0.206175	0
495	0.180126	0
505	0.156848	0
515	0.171258	0
525	0.139667	0
535	0.156294	0
545	0.133016	0
555	0.134679	0
565	0.116943	0
575	0.123594	0
585	0.0864605	0
595	0.0908944	0
605	0.0881232	0
615	0.0864605	0
625	0.0726047	0
635	0.0626284	0
645	0.06152	0
655	0.0476641	0
665	0.0415676	0
675	0.0387964	0
685	0.035471	0
695	0.0271575	0
705	0.0205067	0
715	0.0221694	0
725	0.018844	0
735	0.00942198	0
745	0.00886775	0
755	0.00665081	0
765	0.00831351	0
775	0.00221694	0
785	0.00277117	0
795	0.0016627	0
805	0.00110847	0
815	0.000554234	0
825	0.000554234	0
835	0	0
845	0.000554234	0
855	0	0
865	0	0
875	0	0
885	0	0
895	0	0
905	0	0
915	0	0
925	0	0
935	0	0
945	0	0
955	0	0
965	0	0
975	0	0
985	0	0
995	0	0
1005	0	0
1015	0	0
1025	0	0
1035	0	0
1045	0	0
1055	0	0
1065	0	0
1075	0	0
1085	0	0
1095	0	0
1105	0	0
1115	0	0
1125	0	0
1135	0	0
1145	0	0
1155	0	0
1165	0	0
1175	0	0
1185	0	0
1195	0	0
