FG time = 3580.98	BG time = 1068.48
5	0	0
15	0	0
25	0	0
35	0	0
45	0	0
55	0.00083776	0
65	0.00921536	0
75	0.0346274	0
85	0.0488693	0
95	0.0647868	0
105	0.084893	0
115	0.0823797	0
125	0.0966217	0
135	0.10109	0
145	0.110584	0
155	0.111701	0
165	0.126223	0
175	0.129574	0
185	0.130691	0
195	0.151355	0
205	0.132087	0
215	0.13823	0
225	0.142419	0
235	0.144374	0
245	0.152752	0
255	0.156103	0
265	0.15694	0
275	0.160571	0
285	0.151076	0
295	0.156382	0
305	0.14968	0
315	0.145491	0
325	0.148284	0
335	0.147725	0
345	0.14214	0
355	0.142419	0
365	0.151355	0
375	0.139627	0
385	0.132645	0
395	0.1346	0
405	0.14577	0
415	0.13097	0
425	0.117566	0
435	0.114773	0
445	0.119241	0
455	0.111701	0
465	0.115332	0
475	0.0960632	0
485	0.0994142	0
495	0.0971802	0
505	0.0991349	0
515	0.082659	0
525	0.081542	0
535	0.0675793	0
545	0.0751192	0
555	0.0686963	0
565	0.0670208	0
575	0.0636698	0
585	0.0580847	0
595	0.0589225	0
605	0.0471938	0
615	0.041888	0
625	0.0393747	0
635	0.0393747	0
645	0.0346274	0
655	0.0346274	0
665	0.0293216	0
675	0.0268083	0
685	0.0206647	0
695	0.0195477	0
705	0.0150797	0
715	0.0142419	0
725	0.0125664	0
735	0.0083776	0
745	0.00586432	0
755	0.00670208	0
765	0.00279253	0
775	0.0041888	0
785	0.00223403	0
795	0.00167552	0
805	0.00223403	0
815	0.00111701	0
825	0.00167552	0
835	0.00111701	0
845	0.000279253	0
855	0	0
865	0.000279253	0
875	0	0
885	0	0
895	0.000279253	0
905	0	0
915	0	0
925	0	0
935	0	0
945	0	0
955	0	0
965	0	0
975	0	0
985	0	0
995	0	0
1005	0	0
1015	0	0
1025	0	0
1035	0	0
1045	0	0
1055	0	0
1065	0	0
1075	0	0
1085	0	0
1095	0	0
1105	0	0
1115	0	0
1125	0	0
1135	0	0
1145	0	0
1155	0	0
1165	0	0
1175	0	0
1185	0	0
1195	0	0
