FG time = 3018.73	BG time = 614.868
5	0	0
15	0	0
25	0	0
35	0	0
45	0.00331266	0
55	0.0142444	0
65	0.0321328	0
75	0.0758598	0
85	0.0831476	0
95	0.102692	0
105	0.106336	0
115	0.117599	0
125	0.118593	0
135	0.11528	0
145	0.121243	0
155	0.122568	0
165	0.123231	0
175	0.135488	0
185	0.129856	0
195	0.128862	0
205	0.130519	0
215	0.135819	0
225	0.142444	0
235	0.125218	0
245	0.139132	0
255	0.147082	0
265	0.130519	0
275	0.130187	0
285	0.140457	0
295	0.136813	0
305	0.134494	0
315	0.132175	0
325	0.130187	0
335	0.119918	0
345	0.130187	0
355	0.117268	0
365	0.119587	0
375	0.126543	0
385	0.127868	0
395	0.0983859	0
405	0.127868	0
415	0.104017	0
425	0.10203	0
435	0.102361	0
445	0.0957357	0
455	0.0973921	0
465	0.0841414	0
475	0.0824851	0
485	0.0851352	0
495	0.0791725	0
505	0.074866	0
515	0.0751973	0
525	0.0662531	0
535	0.0655906	0
545	0.0622779	0
555	0.0533338	0
565	0.0477022	0
575	0.0513462	0
585	0.0420707	0
595	0.0390893	0
605	0.0477022	0
615	0.0327953	0
625	0.0327953	0
635	0.0304764	0
645	0.0294826	0
655	0.0228573	0
665	0.0215323	0
675	0.0202072	0
685	0.0129194	0
695	0.0145757	0
705	0.0115943	0
715	0.0086129	0
725	0.00894417	0
735	0.00795037	0
745	0.00629405	0
755	0.00596278	0
765	0.00265012	0
775	0.00165633	0
785	0.00132506	0
795	0	0
805	0.000662531	0
815	0.000662531	0
825	0.000331266	0
835	0.000331266	0
845	0	0
855	0	0
865	0	0
875	0	0
885	0	0
895	0	0
905	0	0
915	0	0
925	0	0
935	0	0
945	0	0
955	0	0
965	0	0
975	0	0
985	0	0
995	0	0
1005	0	0
1015	0	0
1025	0	0
1035	0	0
1045	0	0
1055	0	0
1065	0	0
1075	0	0
1085	0	0
1095	0	0
1105	0	0
1115	0	0
1125	0	0
1135	0	0
1145	0	0
1155	0	0
1165	0	0
1175	0	0
1185	0	0
1195	0	0
