FG time = 3313.07	BG time = 733.136
5	0	0
15	0	0
25	0	0
35	0	0
45	0.000603669	0
55	0.0172046	0
65	0.0540284	0
75	0.0935688	0
85	0.11681	0
95	0.137335	0
105	0.154238	0
115	0.165707	0
125	0.181704	0
135	0.182308	0
145	0.183214	0
155	0.205248	0
165	0.205549	0
175	0.212793	0
185	0.213095	0
195	0.237544	0
205	0.231205	0
215	0.239355	0
225	0.2303	0
235	0.243279	0
245	0.260785	0
255	0.255654	0
265	0.254447	0
275	0.244184	0
285	0.242373	0
295	0.239959	0
305	0.237544	0
315	0.233318	0
325	0.243279	0
335	0.235431	0
345	0.230602	0
355	0.234526	0
365	0.214303	0
375	0.209473	0
385	0.223961	0
395	0.198004	0
405	0.212492	0
415	0.203738	0
425	0.190458	0
435	0.186232	0
445	0.183214	0
455	0.154841	0
465	0.166009	0
475	0.173555	0
485	0.156652	0
495	0.149106	0
505	0.143371	0
515	0.142466	0
525	0.124658	0
535	0.114999	0
545	0.114395	0
555	0.110773	0
565	0.0932669	0
575	0.0929651	0
585	0.0977944	0
595	0.0851174	0
605	0.0763642	0
615	0.0633853	0
625	0.0594614	0
635	0.0612724	0
645	0.0567449	0
655	0.0507082	0
665	0.041955	0
675	0.0316926	0
685	0.0316926	0
695	0.0283725	0
705	0.0253541	0
715	0.0184119	0
725	0.0156954	0
735	0.0120734	0
745	0.0117716	0
755	0.00573486	0
765	0.00513119	0
775	0.00301835	0
785	0.00271651	0
795	0.00211284	0
805	0.00271651	0
815	0.000905504	0
825	0.000603669	0
835	0.000603669	0
845	0.000603669	0
855	0.000301835	0
865	0	0
875	0.000301835	0
885	0	0
895	0	0
905	0	0
915	0	0
925	0	0
935	0	0
945	0	0
955	0	0
965	0	0
975	0	0
985	0	0
995	0	0
1005	0	0
1015	0	0
1025	0	0
1035	0	0
1045	0	0
1055	0	0
1065	0	0
1075	0	0
1085	0	0
1095	0	0
1105	0	0
1115	0	0
1125	0	0
1135	0	0
1145	0	0
1155	0	0
1165	0	0
1175	0	0
1185	0	0
1195	0	0
