FG time = 3544.13	BG time = 724.778
5	0	0
15	0	0
25	0	0
35	0	0
45	0	0
55	0.000564313	0
65	0.0132613	0
75	0.0400662	0
85	0.099319	0
95	0.116248	0
105	0.136282	0
115	0.14785	0
125	0.156315	0
135	0.186505	0
145	0.17268	0
155	0.192148	0
165	0.184248	0
175	0.173526	0
185	0.185377	0
195	0.175219	0
205	0.192995	0
215	0.194124	0
225	0.179169	0
235	0.20936	0
245	0.184812	0
255	0.190738	0
265	0.189609	0
275	0.191302	0
285	0.186223	0
295	0.19497	0
305	0.178605	0
315	0.185377	0
325	0.184248	0
335	0.176912	0
345	0.180298	0
355	0.172398	0
365	0.178605	0
375	0.17409	0
385	0.167883	0
395	0.170987	0
405	0.155186	0
415	0.149543	0
425	0.144464	0
435	0.137692	0
445	0.13741	0
455	0.134871	0
465	0.133178	0
475	0.124431	0
485	0.119352	0
495	0.115684	0
505	0.106937	0
515	0.0976261	0
525	0.0976261	0
535	0.10073	0
545	0.0869041	0
555	0.0818253	0
565	0.086622	0
575	0.068564	0
585	0.066871	0
595	0.0575599	0
605	0.0485309	0
615	0.0569956	0
625	0.0462736	0
635	0.0403484	0
645	0.0363982	0
655	0.032448	0
665	0.0273692	0
675	0.0237011	0
685	0.0214439	0
695	0.023419	0
705	0.0152364	0
715	0.0158008	0
725	0.00620744	0
735	0.00733606	0
745	0.00846469	0
755	0.0064896	0
765	0.00395019	0
775	0.00310372	0
785	0.00310372	0
795	0.00197509	0
805	0.000564313	0
815	0.00169294	0
825	0.00112863	0
835	0.000564313	0
845	0.000282156	0
855	0.000846469	0
865	0.000282156	0
875	0.000846469	0
885	0.000282156	0
895	0	0
905	0	0
915	0	0
925	0	0
935	0	0
945	0	0
955	0	0
965	0	0
975	0	0
985	0	0
995	0	0
1005	0	0
1015	0	0
1025	0	0
1035	0	0
1045	0	0
1055	0	0
1065	0	0
1075	0	0
1085	0	0
1095	0	0
1105	0	0
1115	0	0
1125	0	0
1135	0	0
1145	0	0
1155	0	0
1165	0	0
1175	0	0
1185	0	0
1195	0	0
