FG time = 3604.66	BG time = 486.389
5	0	0
15	0	0
25	0	0
35	0	0
45	0	0
55	0	0
65	0	0
75	0	0
85	0	0
95	0	0
105	0.000832256	0
115	0.000277419	0
125	0.000277419	0
135	0.00138709	0
145	0.00277419	0
155	0.00416128	0
165	0.0044387	0
175	0.00638063	0
185	0.00693547	0
195	0.00749031	0
205	0.00832256	0
215	0.0110968	0
225	0.011929	0
235	0.0110968	0
245	0.011929	0
255	0.0116516	0
265	0.0160903	0
275	0.0122064	0
285	0.0127613	0
295	0.0160903	0
305	0.0135935	0
315	0.0116516	0
325	0.0113742	0
335	0.0149806	0
345	0.0127613	0
355	0.0124838	0
365	0.0110968	0
375	0.011929	0
385	0.015258	0
395	0.0116516	0
405	0.0133161	0
415	0.011929	0
425	0.0138709	0
435	0.0138709	0
445	0.00915482	0
455	0.0124838	0
465	0.0113742	0
475	0.00970966	0
485	0.00943224	0
495	0.00776773	0
505	0.00721289	0
515	0.00804515	0
525	0.00859998	0
535	0.00776773	0
545	0.00915482	0
555	0.00610321	0
565	0.00776773	0
575	0.00638063	0
585	0.00471612	0
595	0.00638063	0
605	0.0058258	0
615	0.00332903	0
625	0.00277419	0
635	0.00388386	0
645	0.00277419	0
655	0.00360644	0
665	0.00249677	0
675	0.00277419	0
685	0.000832256	0
695	0.00221935	0
705	0.00194193	0
715	0.000554838	0
725	0.000554838	0
735	0.000832256	0
745	0	0
755	0.000277419	0
765	0.000554838	0
775	0.000277419	0
785	0.000277419	0
795	0	0
805	0	0
815	0	0
825	0	0
835	0	0
845	0	0
855	0	0
865	0	0
875	0	0
885	0	0
895	0	0
905	0	0
915	0	0
925	0	0
935	0	0
945	0	0
955	0	0
965	0	0
975	0	0
985	0	0
995	0	0
1005	0	0
1015	0	0
1025	0	0
1035	0	0
1045	0	0
1055	0	0
1065	0	0
1075	0	0
1085	0	0
1095	0	0
1105	0	0
1115	0	0
1125	0	0
1135	0	0
1145	0	0
1155	0	0
1165	0	0
1175	0	0
1185	0	0
1195	0	0
