FG time = 3373.23	BG time = 605.541
5	0	0
15	0	0
25	0	0
35	0	0
45	0.000296452	0
55	0.0074113	0
65	0.0361671	0
75	0.0948646	0
85	0.150301	0
95	0.185579	0
105	0.214038	0
115	0.204848	0
125	0.222635	0
135	0.223525	0
145	0.230936	0
155	0.247241	0
165	0.261174	0
175	0.240719	0
185	0.252873	0
195	0.267103	0
205	0.25732	0
215	0.25821	0
225	0.257913	0
235	0.285187	0
245	0.276886	0
255	0.268882	0
265	0.276293	0
275	0.275404	0
285	0.269475	0
295	0.270957	0
305	0.258802	0
315	0.270957	0
325	0.246351	0
335	0.262953	0
345	0.273625	0
355	0.249316	0
365	0.254949	0
375	0.231232	0
385	0.241312	0
395	0.237161	0
405	0.233011	0
415	0.209295	0
425	0.202477	0
435	0.202773	0
445	0.192101	0
455	0.194176	0
465	0.175796	0
475	0.169867	0
485	0.178464	0
495	0.166309	0
505	0.155637	0
515	0.147929	0
525	0.143483	0
535	0.128364	0
545	0.116802	0
555	0.106723	0
565	0.103165	0
575	0.085971	0
585	0.0895284	0
595	0.080042	0
605	0.0927894	0
615	0.0744094	0
625	0.0619584	0
635	0.0658123	0
645	0.0515826	0
655	0.0465429	0
665	0.0423926	0
675	0.0358707	0
685	0.030831	0
695	0.0284594	0
705	0.024902	0
715	0.0186765	0
725	0.0127474	0
735	0.0148226	0
745	0.0115616	0
755	0.0080042	0
765	0.00533613	0
775	0.00533613	0
785	0.00474323	0
795	0.00207516	0
805	0.00207516	0
815	0.00207516	0
825	0.00118581	0
835	0.000592904	0
845	0.00118581	0
855	0.000296452	0
865	0	0
875	0.000296452	0
885	0	0
895	0	0
905	0	0
915	0	0
925	0	0
935	0	0
945	0	0
955	0	0
965	0	0
975	0	0
985	0	0
995	0	0
1005	0	0
1015	0	0
1025	0	0
1035	0	0
1045	0	0
1055	0	0
1065	0	0
1075	0	0
1085	0	0
1095	0	0
1105	0	0
1115	0	0
1125	0	0
1135	0	0
1145	0	0
1155	0	0
1165	0	0
1175	0	0
1185	0	0
1195	0	0
