FG time = 2855.07	BG time = 484.853
5	0.000700508	0
15	0	0
25	0.000350254	0
35	0.0045533	0
45	0.0238173	0
55	0.0791574	0
65	0.148508	0
75	0.224513	0
85	0.246228	0
95	0.279503	0
105	0.293863	0
115	0.298066	0
125	0.314878	0
135	0.335893	0
145	0.342899	0
155	0.355858	0
165	0.363564	0
175	0.37232	0
185	0.38598	0
195	0.369518	0
205	0.395437	0
215	0.403492	0
225	0.383878	0
235	0.415751	0
245	0.387031	0
255	0.410848	0
265	0.411198	0
275	0.393335	0
285	0.390183	0
295	0.393685	0
305	0.398589	0
315	0.391934	0
325	0.388081	0
335	0.383178	0
345	0.388432	0
355	0.341848	0
365	0.348503	0
375	0.343949	0
385	0.346051	0
395	0.350604	0
405	0.327838	0
415	0.324335	0
425	0.327487	0
435	0.295614	0
445	0.293863	0
455	0.252183	0
465	0.266543	0
475	0.26269	0
485	0.258838	0
495	0.245178	0
505	0.216457	0
515	0.214005	0
525	0.19299	0
535	0.194041	0
545	0.185284	0
555	0.170574	0
565	0.167071	0
575	0.147807	0
585	0.148858	0
595	0.113833	0
605	0.114883	0
615	0.11068	0
625	0.107528	0
635	0.0858122	0
645	0.071802	0
655	0.0619949	0
665	0.0644467	0
675	0.0472843	0
685	0.0416802	0
695	0.0343249	0
705	0.0346751	0
715	0.0255685	0
725	0.0185635	0
735	0.0196142	0
745	0.0136599	0
755	0.00875635	0
765	0.00630457	0
775	0.00630457	0
785	0.00245178	0
795	0.00245178	0
805	0.00175127	0
815	0.00175127	0
825	0.000700508	0
835	0	0
845	0	0
855	0	0
865	0	0
875	0	0
885	0.000350254	0
895	0	0
905	0	0
915	0	0
925	0	0
935	0	0
945	0	0
955	0	0
965	0	0
975	0	0
985	0	0
995	0	0
1005	0	0
1015	0	0
1025	0	0
1035	0	0
1045	0	0
1055	0	0
1065	0	0
1075	0	0
1085	0	0
1095	0	0
1105	0	0
1115	0	0
1125	0	0
1135	0	0
1145	0	0
1155	0	0
1165	0	0
1175	0	0
1185	0	0
1195	0	0
