FG time = 3313.76	BG time = 733.943
5	0	0
15	0	0
25	0.000301772	0
35	0	0
45	0.000905317	0
55	0.00995849	0
65	0.0310826	0
75	0.0663899	0
85	0.076952	0
95	0.104111	0
105	0.105922	0
115	0.106224	0
125	0.116786	0
135	0.119804	0
145	0.135798	0
155	0.135496	0
165	0.139117	0
175	0.126443	0
185	0.14636	0
195	0.149377	0
205	0.144851	0
215	0.161146	0
225	0.152999	0
235	0.159336	0
245	0.162052	0
255	0.163259	0
265	0.142437	0
275	0.150283	0
285	0.159638	0
295	0.155111	0
305	0.158129	0
315	0.168087	0
325	0.161146	0
335	0.15149	0
345	0.147567	0
355	0.149076	0
365	0.143342	0
375	0.143644	0
385	0.133383	0
395	0.141531	0
405	0.142738	0
415	0.132478	0
425	0.121011	0
435	0.126744	0
445	0.122218	0
455	0.116786	0
465	0.121011	0
475	0.10562	0
485	0.104715	0
495	0.11075	0
505	0.100792	0
515	0.0850998	0
525	0.0832892	0
535	0.0669935	0
545	0.0754431	0
555	0.0642775	0
565	0.0678988	0
575	0.0522066	0
585	0.0591474	0
595	0.0488871	0
605	0.0519048	0
615	0.0452659	0
625	0.0434552	0
635	0.0347038	0
645	0.0298755	0
655	0.0322896	0
665	0.0268577	0
675	0.0226329	0
685	0.0229347	0
695	0.0165975	0
705	0.0168993	0
715	0.0156922	0
725	0.010562	0
735	0.0111656	0
745	0.0102603	0
755	0.00694076	0
765	0.00392304	0
775	0.00422481	0
785	0.00181063	0
795	0.00271595	0
805	0.00241418	0
815	0.00120709	0
825	0	0
835	0.000301772	0
845	0.000301772	0
855	0	0
865	0.000603545	0
875	0.000301772	0
885	0	0
895	0	0
905	0	0
915	0	0
925	0	0
935	0	0
945	0	0
955	0	0
965	0	0
975	0	0
985	0	0
995	0	0
1005	0	0
1015	0	0
1025	0	0
1035	0	0
1045	0	0
1055	0	0
1065	0	0
1075	0	0
1085	0	0
1095	0	0
1105	0	0
1115	0	0
1125	0	0
1135	0	0
1145	0	0
1155	0	0
1165	0	0
1175	0	0
1185	0	0
1195	0	0
