FG time = 3609.96	BG time = 485.777
5	0	0
15	0	0
25	0	0
35	0.000554023	0
45	0.00332414	0
55	0.023546	0
65	0.0925218	0
75	0.188368	0
85	0.251526	0
95	0.291693	0
105	0.316901	0
115	0.311361	0
125	0.357345	0
135	0.357068	0
145	0.382553	0
155	0.400005	0
165	0.400559	0
175	0.40139	0
185	0.400282	0
195	0.403329	0
205	0.413855	0
215	0.432969	0
225	0.415517	0
235	0.440725	0
245	0.413301	0
255	0.426598	0
265	0.426044	0
275	0.421612	0
285	0.414686	0
295	0.410808	0
305	0.410254	0
315	0.403329	0
325	0.407484	0
335	0.41524	0
345	0.406653	0
355	0.385323	0
365	0.368702	0
375	0.344048	0
385	0.347095	0
395	0.345156	0
405	0.334076	0
415	0.34294	0
425	0.316624	0
435	0.307206	0
445	0.320225	0
455	0.306652	0
465	0.284214	0
475	0.277843	0
485	0.255405	0
495	0.243493	0
505	0.236014	0
515	0.232136	0
525	0.218562	0
535	0.20582	0
545	0.190584	0
555	0.170362	0
565	0.160944	0
575	0.159836	0
585	0.146539	0
595	0.133797	0
605	0.123824	0
615	0.110251	0
625	0.095292	0
635	0.0875356	0
645	0.0750701	0
655	0.071746	0
665	0.0648207	0
675	0.0504161	0
685	0.0412747	0
695	0.0407207	0
705	0.0329644	0
715	0.0282552	0
725	0.0196678	0
735	0.0168977	0
745	0.0141276	0
755	0.00941839	0
765	0.00747931	0
775	0.00775632	0
785	0.00581724	0
795	0.00332414	0
805	0.00166207	0
815	0.00221609	0
825	0.00166207	0
835	0.000277012	0
845	0	0
855	0	0
865	0	0
875	0.000277012	0
885	0	0
895	0	0
905	0	0
915	0	0
925	0	0
935	0	0
945	0	0
955	0	0
965	0	0
975	0	0
985	0	0
995	0	0
1005	0	0
1015	0	0
1025	0	0
1035	0	0
1045	0	0
1055	0	0
1065	0	0
1075	0	0
1085	0	0
1095	0	0
1105	0	0
1115	0	0
1125	0	0
1135	0	0
1145	0	0
1155	0	0
1165	0	0
1175	0	0
1185	0	0
1195	0	0
