FG time = 3019.3	BG time = 614.692
5	0	0
15	0	0
25	0.000331202	0
35	0	0
45	0.00563044	0
55	0.022853	0
65	0.0450435	0
75	0.0669029	0
85	0.0794886	0
95	0.107641	0
105	0.110953	0
115	0.138443	0
125	0.124532	0
135	0.146391	0
145	0.155996	0
155	0.159971	0
165	0.159308	0
175	0.154009	0
185	0.184149	0
195	0.174875	0
205	0.167588	0
215	0.160964	0
225	0.172888	0
235	0.183486	0
245	0.175537	0
255	0.177193	0
265	0.172225	0
275	0.1762	0
285	0.177856	0
295	0.189448	0
305	0.165601	0
315	0.164939	0
325	0.168582	0
335	0.166595	0
345	0.160633	0
355	0.170569	0
365	0.158977	0
375	0.16792	0
385	0.156328	0
395	0.145067	0
405	0.147385	0
415	0.148047	0
425	0.141423	0
435	0.135462	0
445	0.132481	0
455	0.133475	0
465	0.124201	0
475	0.119895	0
485	0.118239	0
495	0.110953	0
505	0.101679	0
515	0.116583	0
525	0.0930679	0
535	0.0933991	0
545	0.081807	0
555	0.0722021	0
565	0.0725333	0
575	0.0808134	0
585	0.0599476	0
595	0.0559732	0
605	0.0546484	0
615	0.0470307	0
625	0.0480243	0
635	0.0341138	0
645	0.0417315	0
655	0.031133	0
665	0.0271586	0
675	0.026165	0
685	0.0182161	0
695	0.0221906	0
705	0.0185473	0
715	0.0139105	0
725	0.0132481	0
735	0.00728645	0
745	0.0109297	0
755	0.00695525	0
765	0.00397443	0
775	0.00132481	0
785	0.00298082	0
795	0.00264962	0
805	0.00231842	0
815	0	0
825	0.000331202	0
835	0	0
845	0.000331202	0
855	0.000331202	0
865	0	0
875	0	0
885	0	0
895	0	0
905	0	0
915	0	0
925	0	0
935	0	0
945	0	0
955	0	0
965	0	0
975	0	0
985	0	0
995	0	0
1005	0	0
1015	0	0
1025	0	0
1035	0	0
1045	0	0
1055	0	0
1065	0	0
1075	0	0
1085	0	0
1095	0	0
1105	0	0
1115	0	0
1125	0	0
1135	0	0
1145	0	0
1155	0	0
1165	0	0
1175	0	0
1185	0	0
1195	0	0
