FG time = 3504.39	BG time = 485.968
5	0	0
15	0	0
25	0	0
35	0	0
45	0	0
55	0	0
65	0	0
75	0.00114143	0
85	0	0
95	0.00085607	0
105	0.00428035	0
115	0.00913141	0
125	0.0142678	0
135	0.0116996	0
145	0.0136971	0
155	0.0165507	0
165	0.0154093	0
175	0.0179775	0
185	0.0136971	0
195	0.0154093	0
205	0.0122703	0
215	0.0122703	0
225	0.0171214	0
235	0.0139825	0
245	0.0108436	0
255	0.00941677	0
265	0.0114143	0
275	0.0131264	0
285	0.0125557	0
295	0.0116996	0
305	0.0114143	0
315	0.00684856	0
325	0.00684856	0
335	0.00741927	0
345	0.00684856	0
355	0.00627785	0
365	0.00485106	0
375	0.00798999	0
385	0.00570713	0
395	0.00456571	0
405	0.00542178	0
415	0.00370964	0
425	0.00370964	0
435	0.00285357	0
445	0.00285357	0
455	0.00285357	0
465	0.00342428	0
475	0.00142678	0
485	0.00399499	0
495	0.00228285	0
505	0.00256821	0
515	0.00285357	0
525	0.00342428	0
535	0.00142678	0
545	0.00085607	0
555	0.00228285	0
565	0.00114143	0
575	0.000570713	0
585	0.00171214	0
595	0.00114143	0
605	0.00114143	0
615	0.00085607	0
625	0.00114143	0
635	0.00085607	0
645	0	0
655	0	0
665	0.000285357	0
675	0	0
685	0.000285357	0
695	0	0
705	0.00085607	0
715	0.000285357	0
725	0.000285357	0
735	0	0
745	0.000570713	0
755	0	0
765	0	0
775	0.000285357	0
785	0	0
795	0	0
805	0	0
815	0	0
825	0	0
835	0	0
845	0	0
855	0	0
865	0	0
875	0	0
885	0	0
895	0	0
905	0	0
915	0	0
925	0	0
935	0	0
945	0	0
955	0	0
965	0	0
975	0	0
985	0	0
995	0	0
1005	0	0
1015	0	0
1025	0	0
1035	0	0
1045	0	0
1055	0	0
1065	0	0
1075	0	0
1085	0	0
1095	0	0
1105	0	0
1115	0	0
1125	0	0
1135	0	0
1145	0	0
1155	0	0
1165	0	0
1175	0	0
1185	0	0
1195	0	0
