FG time = 3546.72	BG time = 1949.43
5	0	0
15	0	0
25	0	0
35	0	0
45	0	0
55	0	0
65	0	0
75	0	0
85	0	0
95	0	0
105	0.000281951	0
115	0.000281951	0
125	0	0
135	0.0011278	0
145	0.00197365	0
155	0.00197365	0
165	0.00310146	0
175	0.00422926	0
185	0.00620291	0
195	0.00563901	0
205	0.00563901	0
215	0.00535706	0
225	0.00648486	0
235	0.00648486	0
245	0.00761266	0
255	0.0104322	0
265	0.00733071	0
275	0.00761266	0
285	0.00845852	0
295	0.00930437	0
305	0.00676681	0
315	0.00789461	0
325	0.0129697	0
335	0.00704876	0
345	0.0101502	0
355	0.00789461	0
365	0.0118419	0
375	0.00648486	0
385	0.00930437	0
395	0.00958632	0
405	0.0101502	0
415	0.00761266	0
425	0.0104322	0
435	0.00874047	0
445	0.00958632	0
455	0.00733071	0
465	0.00676681	0
475	0.00789461	0
485	0.00761266	0
495	0.00733071	0
505	0.00704876	0
515	0.00648486	0
525	0.00817656	0
535	0.00620291	0
545	0.00789461	0
555	0.00704876	0
565	0.00479316	0
575	0.00366536	0
585	0.00451121	0
595	0.00479316	0
605	0.00310146	0
615	0.00281951	0
625	0.00366536	0
635	0.0016917	0
645	0.00253755	0
655	0.0016917	0
665	0.000281951	0
675	0.000563901	0
685	0.00140975	0
695	0.00140975	0
705	0.0011278	0
715	0.000563901	0
725	0	0
735	0.000563901	0
745	0.000281951	0
755	0	0
765	0.000281951	0
775	0	0
785	0.000281951	0
795	0.000281951	0
805	0.000281951	0
815	0.000281951	0
825	0	0
835	0	0
845	0	0
855	0	0
865	0	0
875	0	0
885	0	0
895	0	0
905	0	0
915	0	0
925	0	0
935	0	0
945	0	0
955	0	0
965	0	0
975	0	0
985	0	0
995	0	0
1005	0	0
1015	0	0
1025	0	0
1035	0	0
1045	0	0
1055	0	0
1065	0	0
1075	0	0
1085	0	0
1095	0	0
1105	0	0
1115	0	0
1125	0	0
1135	0	0
1145	0	0
1155	0	0
1165	0	0
1175	0	0
1185	0	0
1195	0	0
