FG time = 1516.25	BG time = 313.76
5	0	0
15	0	0
25	0	0
35	0	0
45	0.00461665	0
55	0.0092333	0
65	0.0250618	0
75	0.0461665	0
85	0.0527617	0
95	0.0679307	0
105	0.0877163	0
115	0.0798021	0
125	0.0791426	0
135	0.0745259	0
145	0.0943115	0
155	0.102885	0
165	0.102885	0
175	0.102226	0
185	0.116735	0
195	0.105523	0
205	0.128607	0
215	0.113438	0
225	0.107502	0
235	0.12333	0
245	0.108161	0
255	0.125969	0
265	0.120033	0
275	0.126628	0
285	0.122671	0
295	0.114097	0
305	0.120692	0
315	0.125969	0
325	0.105523	0
335	0.112778	0
345	0.104204	0
355	0.108161	0
365	0.112119	0
375	0.101566	0
385	0.0870568	0
395	0.0995877	0
405	0.0969496	0
415	0.0863973	0
425	0.0916735	0
435	0.092333	0
445	0.0857378	0
455	0.0890354	0
465	0.0916735	0
475	0.0751854	0
485	0.0659521	0
495	0.0778235	0
505	0.061995	0
515	0.060676	0
525	0.0646331	0
535	0.0600164	0
545	0.0435284	0
555	0.0560593	0
565	0.0402308	0
575	0.0507831	0
585	0.0488046	0
595	0.0356141	0
605	0.031657	0
615	0.0349546	0
625	0.0290189	0
635	0.0217642	0
645	0.0257213	0
655	0.0230832	0
665	0.0191261	0
675	0.015169	0
685	0.0118714	0
695	0.0118714	0
705	0.0112119	0
715	0.0118714	0
725	0.00329761	0
735	0.00263809	0
745	0.00593569	0
755	0.00329761	0
765	0.00329761	0
775	0.00131904	0
785	0.00131904	0
795	0.00329761	0
805	0.000659521	0
815	0.000659521	0
825	0.000659521	0
835	0.000659521	0
845	0	0
855	0	0
865	0	0
875	0	0
885	0	0
895	0	0
905	0	0
915	0	0
925	0	0
935	0	0
945	0	0
955	0	0
965	0	0
975	0	0
985	0	0
995	0	0
1005	0	0
1015	0	0
1025	0	0
1035	0	0
1045	0	0
1055	0	0
1065	0	0
1075	0	0
1085	0	0
1095	0	0
1105	0	0
1115	0	0
1125	0	0
1135	0	0
1145	0	0
1155	0	0
1165	0	0
1175	0	0
1185	0	0
1195	0	0
