FG time = 3604.29	BG time = 485.147
5	0	0
15	0	0
25	0	0
35	0	0
45	0.000277447	0
55	0.00776852	0
65	0.0385651	0
75	0.117915	0
85	0.162861	0
95	0.188941	0
105	0.200872	0
115	0.226952	0
125	0.23361	0
135	0.239437	0
145	0.234443	0
155	0.275782	0
165	0.258303	0
175	0.268014	0
185	0.289932	0
195	0.28799	0
205	0.276337	0
215	0.279389	0
225	0.306579	0
235	0.295481	0
245	0.301308	0
255	0.27717	0
265	0.301585	0
275	0.274673	0
285	0.278002	0
295	0.278834	0
305	0.286325	0
315	0.274395	0
325	0.263852	0
335	0.269124	0
345	0.265794	0
355	0.256916	0
365	0.250812	0
375	0.245263	0
385	0.248593	0
395	0.245263	0
405	0.242211	0
415	0.219183	0
425	0.21197	0
435	0.209473	0
445	0.211415	0
455	0.19671	0
465	0.188664	0
475	0.200872	0
485	0.169798	0
495	0.178121	0
505	0.160364	0
515	0.151486	0
525	0.14344	0
535	0.136227	0
545	0.134284	0
555	0.119857	0
565	0.11736	0
575	0.100991	0
585	0.105985	0
595	0.0957192	0
605	0.0776852	0
615	0.0760205	0
625	0.073246	0
635	0.0640903	0
645	0.0543796	0
655	0.0443915	0
665	0.0396749	0
675	0.0418945	0
685	0.0288545	0
695	0.02608	0
705	0.0244153	0
715	0.018589	0
725	0.0135949	0
735	0.0138724	0
745	0.0144272	0
755	0.00693618	0
765	0.00388426	0
775	0.00443915	0
785	0.00166468	0
795	0.00277447	0
805	0.00221958	0
815	0.000832341	0
825	0.000832341	0
835	0.000832341	0
845	0	0
855	0	0
865	0	0
875	0	0
885	0	0
895	0	0
905	0	0
915	0	0
925	0	0
935	0	0
945	0	0
955	0	0
965	0	0
975	0	0
985	0	0
995	0	0
1005	0	0
1015	0	0
1025	0	0
1035	0	0
1045	0	0
1055	0	0
1065	0	0
1075	0	0
1085	0	0
1095	0	0
1105	0	0
1115	0	0
1125	0	0
1135	0	0
1145	0	0
1155	0	0
1165	0	0
1175	0	0
1185	0	0
1195	0	0
