FG time = 3523.06	BG time = 603.389
5	0	0
15	0	0
25	0	0
35	0	0
45	0.000283844	0
55	0.00340613	0
65	0.0207206	0
75	0.0570526	0
85	0.111551	0
95	0.143341	0
105	0.15952	0
115	0.162075	0
125	0.184215	0
135	0.182512	0
145	0.191311	0
155	0.204935	0
165	0.21118	0
175	0.216289	0
185	0.200678	0
195	0.224804	0
205	0.224804	0
215	0.219128	0
225	0.227927	0
235	0.221398	0
245	0.212883	0
255	0.225088	0
265	0.219128	0
275	0.224521	0
285	0.217708	0
295	0.216005	0
305	0.202948	0
315	0.208058	0
325	0.223953	0
335	0.220831	0
345	0.198691	0
355	0.197555	0
365	0.199258	0
375	0.19273	0
385	0.198407	0
395	0.177686	0
405	0.188189	0
415	0.17428	0
425	0.167752	0
435	0.160939	0
445	0.144193	0
455	0.147031	0
465	0.162643	0
475	0.140219	0
485	0.128297	0
495	0.131136	0
505	0.120066	0
515	0.122904	0
525	0.103887	0
535	0.112402	0
545	0.0948039	0
555	0.0959392	0
565	0.0908301	0
575	0.0820309	0
585	0.0780571	0
595	0.0664195	0
605	0.0723802	0
615	0.0536465	0
625	0.058188	0
635	0.040022	0
645	0.0456989	0
655	0.0354805	0
665	0.0315067	0
675	0.0360482	0
685	0.0266813	0
695	0.023559	0
705	0.0229914	0
715	0.0178822	0
725	0.0119214	0
735	0.0133407	0
745	0.00936685	0
755	0.00794763	0
765	0.00312228	0
775	0.00510919	0
785	0.00482535	0
795	0.00312228	0
805	0.00227075	0
815	0.00113538	0
825	0.000851532	0
835	0.000851532	0
845	0.000567688	0
855	0.000283844	0
865	0.000567688	0
875	0.000283844	0
885	0.000283844	0
895	0	0
905	0.000283844	0
915	0	0
925	0	0
935	0	0
945	0.000283844	0
955	0	0
965	0	0
975	0	0
985	0	0
995	0	0
1005	0	0
1015	0	0
1025	0	0
1035	0	0
1045	0	0
1055	0	0
1065	0	0
1075	0	0
1085	0	0
1095	0	0
1105	0	0
1115	0	0
1125	0	0
1135	0	0
1145	0	0
1155	0	0
1165	0	0
1175	0	0
1185	0	0
1195	0	0
