FG time = 3386.49	BG time = 603.725
5	0	0
15	0	0
25	0	0
35	0	0
45	0	0
55	0	0
65	0	0
75	0	0
85	0	0
95	0	0
105	0	0
115	0	0
125	0	0
135	0.000295291	0
145	0.00147645	0
155	0.0032482	0
165	0.00383878	0
175	0.00295291	0
185	0.00649639	0
195	0.00649639	0
205	0.0103352	0
215	0.00561052	0
225	0.00856343	0
235	0.00856343	0
245	0.00679168	0
255	0.00974459	0
265	0.0100399	0
275	0.0103352	0
285	0.0100399	0
295	0.011221	0
305	0.0106305	0
315	0.011221	0
325	0.00915401	0
335	0.00856343	0
345	0.0094493	0
355	0.0118116	0
365	0.0126975	0
375	0.0115163	0
385	0.0100399	0
395	0.0126975	0
405	0.0126975	0
415	0.0106305	0
425	0.00797285	0
435	0.00767755	0
445	0.00797285	0
455	0.0103352	0
465	0.0115163	0
475	0.00915401	0
485	0.00826814	0
495	0.00738226	0
505	0.00885872	0
515	0.00679168	0
525	0.00767755	0
535	0.00472465	0
545	0.00561052	0
555	0.00649639	0
565	0.00590581	0
575	0.0032482	0
585	0.00501994	0
595	0.00354349	0
605	0.0032482	0
615	0.00442936	0
625	0.00177174	0
635	0.0032482	0
645	0.00265762	0
655	0.00177174	0
665	0.00236232	0
675	0.000885872	0
685	0.00177174	0
695	0.000885872	0
705	0.00472465	0
715	0	0
725	0.000885872	0
735	0.000885872	0
745	0	0
755	0	0
765	0	0
775	0.000590581	0
785	0.000295291	0
795	0.000295291	0
805	0.000295291	0
815	0.000295291	0
825	0.000295291	0
835	0	0
845	0	0
855	0	0
865	0	0
875	0	0
885	0	0
895	0	0
905	0	0
915	0	0
925	0	0
935	0	0
945	0	0
955	0	0
965	0	0
975	0	0
985	0	0
995	0	0
1005	0	0
1015	0	0
1025	0	0
1035	0	0
1045	0	0
1055	0	0
1065	0	0
1075	0	0
1085	0	0
1095	0	0
1105	0	0
1115	0	0
1125	0	0
1135	0	0
1145	0	0
1155	0	0
1165	0	0
1175	0	0
1185	0	0
1195	0	0
