FG time = 2409.38	BG time = 365.097
5	0	0
15	0	0
25	0	0
35	0	0
45	0	0
55	0.00456549	0
65	0.0253177	0
75	0.0506354	0
85	0.0871593	0
95	0.106251	0
105	0.130739	0
115	0.132814	0
125	0.151491	0
135	0.155227	0
145	0.154812	0
155	0.173489	0
165	0.19175	0
175	0.188845	0
185	0.183865	0
195	0.193826	0
205	0.215408	0
215	0.212918	0
225	0.218728	0
235	0.218728	0
245	0.215823	0
255	0.224539	0
265	0.23201	0
275	0.227029	0
285	0.234085	0
295	0.235745	0
305	0.227029	0
315	0.231595	0
325	0.221219	0
335	0.224954	0
345	0.217068	0
355	0.225784	0
365	0.214993	0
375	0.207107	0
385	0.201712	0
395	0.212918	0
405	0.205862	0
415	0.18511	0
425	0.180129	0
435	0.193826	0
445	0.175979	0
455	0.151906	0
465	0.160622	0
475	0.160207	0
485	0.13821	0
495	0.157302	0
505	0.14319	0
515	0.135304	0
525	0.129909	0
535	0.117873	0
545	0.109987	0
555	0.0996106	0
565	0.0983655	0
575	0.103346	0
585	0.084254	0
595	0.074708	0
605	0.0709726	0
615	0.0630867	0
625	0.065577	0
635	0.0614266	0
645	0.0535407	0
655	0.0477301	0
665	0.0423345	0
675	0.0332035	0
685	0.0352788	0
695	0.0315434	0
705	0.0215823	0
715	0.0219973	0
725	0.0195071	0
735	0.0128664	0
745	0.0141115	0
755	0.00788584	0
765	0.00664071	0
775	0.00456549	0
785	0.00539558	0
795	0.00332035	0
805	0.00207522	0
815	0.00456549	0
825	0.00207522	0
835	0.00124513	0
845	0.000415044	0
855	0.00124513	0
865	0.000415044	0
875	0	0
885	0.000415044	0
895	0	0
905	0	0
915	0	0
925	0	0
935	0.000415044	0
945	0	0
955	0	0
965	0	0
975	0	0
985	0	0
995	0	0
1005	0	0
1015	0	0
1025	0	0
1035	0	0
1045	0	0
1055	0	0
1065	0	0
1075	0	0
1085	0	0
1095	0	0
1105	0	0
1115	0	0
1125	0	0
1135	0	0
1145	0	0
1155	0	0
1165	0	0
1175	0	0
1185	0	0
1195	0	0
