FG time = 3347.41	BG time = 614.22
5	0	0
15	0	0
25	0	0
35	0.000597477	0
45	0.00298738	0
55	0.0227041	0
65	0.0660212	0
75	0.111131	0
85	0.131744	0
95	0.150265	0
105	0.13264	0
115	0.149668	0
125	0.156539	0
135	0.166696	0
145	0.177152	0
155	0.166696	0
165	0.179243	0
175	0.191193	0
185	0.172671	0
195	0.179542	0
205	0.176853	0
215	0.196271	0
225	0.192985	0
235	0.199258	0
245	0.19179	0
255	0.205532	0
265	0.178944	0
275	0.201051	0
285	0.205532	0
295	0.193284	0
305	0.197466	0
315	0.173268	0
325	0.184322	0
335	0.178347	0
345	0.191193	0
355	0.165202	0
365	0.164306	0
375	0.16819	0
385	0.169385	0
395	0.16102	0
405	0.142797	0
415	0.150564	0
425	0.149668	0
435	0.144291	0
445	0.138017	0
455	0.136523	0
465	0.122781	0
475	0.127263	0
485	0.116209	0
495	0.120093	0
505	0.109039	0
515	0.107247	0
525	0.0926089	0
535	0.095895	0
545	0.0875303	0
555	0.0803606	0
565	0.0728922	0
575	0.069606	0
585	0.0627351	0
595	0.0552666	0
605	0.0591502	0
615	0.0477981	0
625	0.0495906	0
635	0.0409272	0
645	0.0379398	0
655	0.0328612	0
665	0.0277827	0
675	0.0218079	0
685	0.0230029	0
695	0.0224054	0
705	0.00955963	0
715	0.0167293	0
725	0.0110533	0
735	0.00806594	0
745	0.0077672	0
755	0.0038836	0
765	0.0038836	0
775	0.00209117	0
785	0.00179243	0
795	0.00119495	0
805	0.00149369	0
815	0.000298738	0
825	0.000597477	0
835	0	0
845	0	0
855	0	0
865	0	0
875	0	0
885	0	0
895	0	0
905	0	0
915	0	0
925	0	0
935	0	0
945	0	0
955	0	0
965	0	0
975	0	0
985	0	0
995	0	0
1005	0	0
1015	0	0
1025	0	0
1035	0	0
1045	0	0
1055	0	0
1065	0	0
1075	0	0
1085	0	0
1095	0	0
1105	0	0
1115	0	0
1125	0	0
1135	0	0
1145	0	0
1155	0	0
1165	0	0
1175	0	0
1185	0	0
1195	0	0
