FG time = 3010.67	BG time = 425.33
5	0	0
15	0	0
25	0	0
35	0.000664304	0
45	0.00465013	0
55	0.0142825	0
65	0.030558	0
75	0.0521478	0
85	0.0564658	0
95	0.070084	0
105	0.0760628	0
115	0.0903453	0
125	0.0856952	0
135	0.0989813	0
145	0.104296	0
155	0.116917	0
165	0.124557	0
175	0.109278	0
185	0.139836	0
195	0.138839	0
205	0.139836	0
215	0.151461	0
225	0.149468	0
235	0.142825	0
245	0.134522	0
255	0.139504	0
265	0.158436	0
275	0.148472	0
285	0.150465	0
295	0.156776	0
305	0.155779	0
315	0.133857	0
325	0.149468	0
335	0.136182	0
345	0.133525	0
355	0.142825	0
365	0.138175	0
375	0.143157	0
385	0.131532	0
395	0.129207	0
405	0.117914	0
415	0.128875	0
425	0.125221	0
435	0.1312	0
445	0.110274	0
455	0.112599	0
465	0.100642	0
475	0.106289	0
485	0.101638	0
495	0.0837023	0
505	0.0856952	0
515	0.0833701	0
525	0.0777235	0
535	0.0800486	0
545	0.0753985	0
555	0.0594552	0
565	0.0667625	0
575	0.0597873	0
585	0.0551372	0
595	0.048162	0
605	0.0491585	0
615	0.043844	0
625	0.0365367	0
635	0.0362046	0
645	0.0381975	0
655	0.0275686	0
665	0.0265721	0
675	0.0222542	0
685	0.021922	0
695	0.0166076	0
705	0.0132861	0
715	0.0122896	0
725	0.00797164	0
735	0.00730734	0
745	0.00631089	0
755	0.00763949	0
765	0.00199291	0
775	0.00398582	0
785	0.00132861	0
795	0.00132861	0
805	0.00166076	0
815	0.000996456	0
825	0	0
835	0.000664304	0
845	0	0
855	0	0
865	0	0
875	0.000332152	0
885	0	0
895	0	0
905	0	0
915	0	0
925	0	0
935	0	0
945	0	0
955	0	0
965	0	0
975	0	0
985	0	0
995	0	0
1005	0	0
1015	0	0
1025	0	0
1035	0	0
1045	0	0
1055	0	0
1065	0	0
1075	0	0
1085	0	0
1095	0	0
1105	0	0
1115	0	0
1125	0	0
1135	0	0
1145	0	0
1155	0	0
1165	0	0
1175	0	0
1185	0	0
1195	0	0
