FG time = 2117.3	BG time = 313.98
5	0	0
15	0	0
25	0	0
35	0	0
45	0.0028338	0
55	0.0136967	0
65	0.042507	0
75	0.0543145	0
85	0.0798187	0
95	0.0939877	0
105	0.114297	0
115	0.120909	0
125	0.124687	0
135	0.144052	0
145	0.137912	0
155	0.131772	0
165	0.152081	0
175	0.150664	0
185	0.14783	0
195	0.154442	0
205	0.171445	0
215	0.1705	0
225	0.162944	0
235	0.17664	0
245	0.178529	0
255	0.171917	0
265	0.164833	0
275	0.170028	0
285	0.161527	0
295	0.181836	0
305	0.159637	0
315	0.148775	0
325	0.155859	0
335	0.15397	0
345	0.155859	0
355	0.151608	0
365	0.158221	0
375	0.14783	0
385	0.134606	0
395	0.144996	0
405	0.136495	0
415	0.118075	0
425	0.118547	0
435	0.119964	0
445	0.132244	0
455	0.109574	0
465	0.107212	0
475	0.105795	0
485	0.0939877	0
495	0.0916262	0
505	0.0887924	0
515	0.0930431	0
525	0.0925708	0
535	0.0840694	0
545	0.0732065	0
555	0.0736788	0
565	0.0628159	0
575	0.0642328	0
585	0.051953	0
595	0.0538422	0
605	0.0524253	0
615	0.0354225	0
625	0.0392009	0
635	0.0392009	0
645	0.0306995	0
655	0.0297549	0
665	0.0231427	0
675	0.0231427	0
685	0.0207812	0
695	0.0193643	0
705	0.014169	0
715	0.014169	0
725	0.0099183	0
735	0.0103906	0
745	0.0061399	0
755	0.0089737	0
765	0.0018892	0
775	0.0009446	0
785	0.004723	0
795	0.0014169	0
805	0.0014169	0
815	0	0
825	0.0004723	0
835	0.0004723	0
845	0	0
855	0.0009446	0
865	0	0
875	0	0
885	0	0
895	0	0
905	0	0
915	0	0
925	0	0
935	0	0
945	0	0
955	0	0
965	0	0
975	0	0
985	0	0
995	0	0
1005	0	0
1015	0	0
1025	0	0
1035	0	0
1045	0	0
1055	0	0
1065	0	0
1075	0	0
1085	0	0
1095	0	0
1105	0	0
1115	0	0
1125	0	0
1135	0	0
1145	0	0
1155	0	0
1165	0	0
1175	0	0
1185	0	0
1195	0	0
