FG time = 3604.68	BG time = 485.053
5	0	0
15	0	0
25	0	0
35	0	0
45	0	0
55	0	0
65	0	0
75	0.000277417	0
85	0.00110967	0
95	0.0016645	0
105	0.00332901	0
115	0.00610318	0
125	0.00610318	0
135	0.00943219	0
145	0.00970961	0
155	0.0110967	0
165	0.0127612	0
175	0.0113741	0
185	0.0122064	0
195	0.0105419	0
205	0.0135935	0
215	0.0102644	0
225	0.00859994	0
235	0.00804511	0
245	0.00693544	0
255	0.00749027	0
265	0.0102644	0
275	0.00749027	0
285	0.00749027	0
295	0.00721285	0
305	0.00804511	0
315	0.00804511	0
325	0.0047161	0
335	0.00749027	0
345	0.00416126	0
355	0.00388384	0
365	0.00416126	0
375	0.00721285	0
385	0.00554835	0
395	0.00443868	0
405	0.00249676	0
415	0.00360643	0
425	0.00360643	0
435	0.00443868	0
445	0.00360643	0
455	0.00249676	0
465	0.00305159	0
475	0.00138709	0
485	0.00249676	0
495	0.000554835	0
505	0.00277417	0
515	0.00110967	0
525	0.00138709	0
535	0.000832252	0
545	0.000832252	0
555	0.000832252	0
565	0.000554835	0
575	0.000554835	0
585	0.000832252	0
595	0.00194192	0
605	0.00138709	0
615	0.000554835	0
625	0.000832252	0
635	0	0
645	0.000554835	0
655	0.000554835	0
665	0	0
675	0.000277417	0
685	0.000277417	0
695	0.000277417	0
705	0.000277417	0
715	0.000832252	0
725	0	0
735	0	0
745	0	0
755	0	0
765	0	0
775	0	0
785	0	0
795	0	0
805	0	0
815	0	0
825	0	0
835	0	0
845	0	0
855	0	0
865	0	0
875	0	0
885	0	0
895	0	0
905	0	0
915	0	0
925	0	0
935	0	0
945	0	0
955	0	0
965	0	0
975	0	0
985	0	0
995	0	0
1005	0	0
1015	0	0
1025	0	0
1035	0	0
1045	0	0
1055	0	0
1065	0	0
1075	0	0
1085	0	0
1095	0	0
1105	0	0
1115	0	0
1125	0	0
1135	0	0
1145	0	0
1155	0	0
1165	0	0
1175	0	0
1185	0	0
1195	0	0
