FG time = 3313.12	BG time = 615.007
5	0	0
15	0	0
25	0	0
35	0	0
45	0.00181098	0
55	0.00965857	0
65	0.0289757	0
75	0.0561404	0
85	0.0709301	0
95	0.0811924	0
105	0.0887381	0
115	0.104735	0
125	0.105942	0
135	0.114997	0
145	0.116808	0
155	0.114696	0
165	0.130089	0
175	0.12526	0
185	0.140653	0
195	0.134616	0
205	0.138238	0
215	0.130994	0
225	0.155744	0
235	0.147293	0
245	0.133107	0
255	0.147897	0
265	0.14186	0
275	0.146086	0
285	0.15001	0
295	0.136427	0
305	0.136427	0
315	0.145482	0
325	0.148802	0
335	0.137031	0
345	0.128278	0
355	0.136729	0
365	0.120128	0
375	0.137635	0
385	0.124052	0
395	0.126769	0
405	0.118317	0
415	0.114696	0
425	0.119525	0
435	0.114696	0
445	0.106244	0
455	0.114696	0
465	0.112281	0
475	0.100811	0
485	0.0905491	0
495	0.0908509	0
505	0.0830033	0
515	0.081796	0
525	0.0796832	0
535	0.0700246	0
545	0.0682137	0
555	0.0600642	0
565	0.0546313	0
575	0.0531221	0
585	0.0528203	0
595	0.0482929	0
605	0.0449727	0
615	0.0380306	0
625	0.0395398	0
635	0.0325977	0
645	0.0313904	0
655	0.0289757	0
665	0.0250519	0
675	0.0229391	0
685	0.017808	0
695	0.0138842	0
705	0.0162988	0
715	0.0129787	0
725	0.00965857	0
735	0.00664027	0
745	0.00633844	0
755	0.0069421	0
765	0.00452746	0
775	0.00271647	0
785	0.00241464	0
795	0.00241464	0
805	0.00211281	0
815	0.00120732	0
825	0.000905491	0
835	0.000603661	0
845	0.000905491	0
855	0.00030183	0
865	0.00030183	0
875	0	0
885	0.00030183	0
895	0	0
905	0	0
915	0	0
925	0	0
935	0	0
945	0	0
955	0	0
965	0	0
975	0	0
985	0	0
995	0	0
1005	0	0
1015	0	0
1025	0	0
1035	0	0
1045	0	0
1055	0	0
1065	0	0
1075	0	0
1085	0	0
1095	0	0
1105	0	0
1115	0	0
1125	0	0
1135	0	0
1145	0	0
1155	0	0
1165	0	0
1175	0	0
1185	0	0
1195	0	0
