FG time = 3611.22	BG time = 547.401
5	0	0
15	0	0
25	0	0
35	0	0
45	0	0
55	0.00443064	0
65	0.0279684	0
75	0.0614751	0
85	0.100243	0
95	0.119627	0
105	0.145934	0
115	0.168641	0
125	0.184979	0
135	0.191071	0
145	0.206025	0
155	0.211286	0
165	0.230393	0
175	0.222086	0
185	0.241747	0
195	0.259469	0
205	0.25587	0
215	0.262792	0
225	0.271931	0
235	0.265562	0
245	0.28273	0
255	0.284392	0
265	0.284946	0
275	0.270269	0
285	0.267777	0
295	0.296853	0
305	0.258916	0
315	0.290761	0
325	0.266392	0
335	0.285499	0
345	0.278577	0
355	0.266946	0
365	0.261685	0
375	0.243408	0
385	0.258916	0
395	0.25587	0
405	0.241747	0
415	0.22624	0
425	0.219871	0
435	0.22624	0
445	0.214055	0
455	0.212671	0
465	0.194948	0
475	0.191071	0
485	0.184425	0
495	0.173072	0
505	0.158119	0
515	0.16338	0
525	0.15258	0
535	0.15258	0
545	0.121843	0
555	0.130704	0
565	0.117689	0
575	0.117966	0
585	0.101905	0
595	0.0994125	0
605	0.0883359	0
615	0.0855668	0
625	0.075044	0
635	0.0647981	0
645	0.0617521	0
655	0.0534446	0
665	0.0515062	0
675	0.0448602	0
685	0.035999	0
695	0.02603	0
705	0.0287992	0
715	0.0224301	0
725	0.0210455	0
735	0.0141227	0
745	0.0141227	0
755	0.0091382	0
765	0.00969203	0
775	0.00526139	0
785	0.00692288	0
795	0.00387681	0
805	0.00332298	0
815	0.000830745	0
825	0.000830745	0
835	0.000830745	0
845	0.000276915	0
855	0.000276915	0
865	0	0
875	0.00055383	0
885	0	0
895	0.000276915	0
905	0	0
915	0	0
925	0	0
935	0	0
945	0	0
955	0	0
965	0	0
975	0	0
985	0	0
995	0	0
1005	0	0
1015	0	0
1025	0	0
1035	0	0
1045	0	0
1055	0	0
1065	0	0
1075	0	0
1085	0	0
1095	0	0
1105	0	0
1115	0	0
1125	0	0
1135	0	0
1145	0	0
1155	0	0
1165	0	0
1175	0	0
1185	0	0
1195	0	0
