FG time = 3003.74	BG time = 487.291
5	0	0
15	0	0
25	0	0
35	0	0
45	0	0
55	0	0
65	0	0
75	0	0
85	0	0
95	0	0
105	0	0
115	0.000332918	0
125	0.000332918	0
135	0.00199751	0
145	0.00299627	0
155	0.0036621	0
165	0.00665837	0
175	0.00665837	0
185	0.00932171	0
195	0.0103205	0
205	0.0103205	0
215	0.0106534	0
225	0.0113192	0
235	0.0106534	0
245	0.0109863	0
255	0.0119851	0
265	0.00865588	0
275	0.00965463	0
285	0.0149813	0
295	0.0116521	0
305	0.0126509	0
315	0.0113192	0
325	0.0129838	0
335	0.012318	0
345	0.0143155	0
355	0.0126509	0
365	0.0146484	0
375	0.0153142	0
385	0.0133167	0
395	0.0119851	0
405	0.0113192	0
415	0.0153142	0
425	0.0089888	0
435	0.0109863	0
445	0.00699129	0
455	0.0089888	0
465	0.00832296	0
475	0.00998755	0
485	0.00998755	0
495	0.00932171	0
505	0.0106534	0
515	0.00799004	0
525	0.00599253	0
535	0.0103205	0
545	0.00665837	0
555	0.00965463	0
565	0.00532669	0
575	0.00765712	0
585	0.00699129	0
595	0.00432794	0
605	0.00665837	0
615	0.00499378	0
625	0.00499378	0
635	0.00532669	0
645	0.00299627	0
655	0.00166459	0
665	0.00166459	0
675	0.00199751	0
685	0.000998755	0
695	0.00199751	0
705	0.00166459	0
715	0.00133167	0
725	0.000665837	0
735	0.000665837	0
745	0.000332918	0
755	0.000332918	0
765	0.000998755	0
775	0	0
785	0.000332918	0
795	0	0
805	0	0
815	0	0
825	0	0
835	0	0
845	0	0
855	0	0
865	0	0
875	0	0
885	0	0
895	0	0
905	0	0
915	0	0
925	0	0
935	0	0
945	0	0
955	0	0
965	0	0
975	0	0
985	0	0
995	0	0
1005	0	0
1015	0	0
1025	0	0
1035	0	0
1045	0	0
1055	0	0
1065	0	0
1075	0	0
1085	0	0
1095	0	0
1105	0	0
1115	0	0
1125	0	0
1135	0	0
1145	0	0
1155	0	0
1165	0	0
1175	0	0
1185	0	0
1195	0	0
