FG time = 3612.46	BG time = 546.329
5	0	0
15	0	0
25	0	0
35	0	0
45	0.00027682	0
55	0.00581321	0
65	0.0251906	0
75	0.0639453	0
85	0.0938419	0
95	0.119309	0
105	0.147545	0
115	0.165538	0
125	0.186853	0
135	0.200417	0
145	0.200971	0
155	0.227823	0
165	0.231144	0
175	0.232805	0
185	0.251075	0
195	0.257996	0
205	0.26021	0
215	0.26547	0
225	0.268515	0
235	0.270176	0
245	0.2663	0
255	0.275436	0
265	0.274882	0
275	0.270176	0
285	0.261318	0
295	0.271283	0
305	0.263809	0
315	0.271837	0
325	0.266577	0
335	0.2663	0
345	0.270176	0
355	0.26464	0
365	0.245816	0
375	0.247477	0
385	0.236958	0
395	0.247754	0
405	0.240833	0
415	0.228099	0
425	0.224501	0
435	0.218964	0
445	0.220072	0
455	0.192113	0
465	0.182147	0
475	0.200694	0
485	0.182701	0
495	0.178549	0
505	0.160555	0
515	0.155296	0
525	0.147268	0
535	0.152528	0
545	0.134534	0
555	0.129552	0
565	0.109067	0
575	0.105745	0
585	0.105468	0
595	0.0974405	0
605	0.0869214	0
615	0.0896896	0
625	0.0755718	0
635	0.0642222	0
645	0.0683745	0
655	0.0514885	0
665	0.0478898	0
675	0.042907	0
685	0.0359866	0
695	0.0326647	0
705	0.0287892	0
715	0.0226992	0
725	0.0163324	0
735	0.0155019	0
745	0.0130105	0
755	0.00885823	0
765	0.00941187	0
775	0.00525957	0
785	0.00387547	0
795	0.00304502	0
805	0.0027682	0
815	0.000553639	0
825	0.00027682	0
835	0.000553639	0
845	0.000553639	0
855	0.00110728	0
865	0.00027682	0
875	0	0
885	0.00027682	0
895	0.00027682	0
905	0	0
915	0	0
925	0	0
935	0	0
945	0	0
955	0	0
965	0	0
975	0	0
985	0	0
995	0	0
1005	0	0
1015	0	0
1025	0	0
1035	0	0
1045	0	0
1055	0	0
1065	0	0
1075	0	0
1085	0	0
1095	0	0
1105	0	0
1115	0	0
1125	0	0
1135	0	0
1145	0	0
1155	0	0
1165	0	0
1175	0	0
1185	0	0
1195	0	0
