FG time = 754.56	BG time = 363.634
5	0	0
15	0	0
25	0	0
35	0	0
45	0	0
55	0.0119275	0
65	0.0927693	0
75	0.172286	0
85	0.189514	0
95	0.223972	0
105	0.239875	0
115	0.239875	0
125	0.31144	0
135	0.31144	0
145	0.291561	0
155	0.291561	0
165	0.351198	0
175	0.367101	0
185	0.344572	0
195	0.308789	0
205	0.3618	0
215	0.320717	0
225	0.341921	0
235	0.397583	0
245	0.331319	0
255	0.353849	0
265	0.394932	0
275	0.327343	0
285	0.351198	0
295	0.332644	0
305	0.324693	0
315	0.323367	0
325	0.324693	0
335	0.320717	0
345	0.319391	0
355	0.323367	0
365	0.31144	0
375	0.307464	0
385	0.287585	0
395	0.271681	0
405	0.262405	0
415	0.306139	0
425	0.267706	0
435	0.28626	0
445	0.246501	0
455	0.269031	0
465	0.237224	0
475	0.223972	0
485	0.212044	0
495	0.197466	0
505	0.181563	0
515	0.213369	0
525	0.14313	0
535	0.181563	0
545	0.160358	0
555	0.147106	0
565	0.149756	0
575	0.129877	0
585	0.133853	0
595	0.123251	0
605	0.0874682	0
615	0.0927693	0
625	0.0821671	0
635	0.0702396	0
645	0.0702396	0
655	0.0609627	0
665	0.0583121	0
675	0.0437341	0
685	0.0450594	0
695	0.038433	0
705	0.0304813	0
715	0.0198791	0
725	0.0119275	0
735	0.0172286	0
745	0.00795165	0
755	0.00265055	0
765	0.00795165	0
775	0.00397583	0
785	0.00662638	0
795	0.00265055	0
805	0.00265055	0
815	0.00132528	0
825	0.00265055	0
835	0.00265055	0
845	0	0
855	0	0
865	0.00132528	0
875	0	0
885	0.00132528	0
895	0	0
905	0.00132528	0
915	0	0
925	0	0
935	0	0
945	0	0
955	0	0
965	0	0
975	0	0
985	0	0
995	0	0
1005	0	0
1015	0	0
1025	0	0
1035	0	0
1045	0	0
1055	0	0
1065	0	0
1075	0	0
1085	0	0
1095	0	0
1105	0	0
1115	0	0
1125	0	0
1135	0	0
1145	0	0
1155	0	0
1165	0	0
1175	0	0
1185	0	0
1195	0	0
