FG time = 1812.88	BG time = 373.205
5	0	0
15	0	0
25	0	0
35	0	0
45	0.00110322	0
55	0.00496447	0
65	0.0319933	0
75	0.0568156	0
85	0.0683994	0
95	0.0838444	0
105	0.100944	0
115	0.114734	0
125	0.115286	0
135	0.125767	0
145	0.131283	0
155	0.156657	0
165	0.161621	0
175	0.166034	0
185	0.161069	0
195	0.160518	0
205	0.175411	0
215	0.164379	0
225	0.16824	0
235	0.187547	0
245	0.172102	0
255	0.182582	0
265	0.196372	0
275	0.186443	0
285	0.182582	0
295	0.17155	0
305	0.157208	0
315	0.18534	0
325	0.163828	0
335	0.183685	0
345	0.163828	0
355	0.153899	0
365	0.17486	0
375	0.149486	0
385	0.158863	0
395	0.151692	0
405	0.138454	0
415	0.146176	0
425	0.151692	0
435	0.119147	0
445	0.13735	0
455	0.134592	0
465	0.113631	0
475	0.110322	0
485	0.113631	0
495	0.10646	0
505	0.104805	0
515	0.099841	0
525	0.0904637	0
535	0.0921185	0
545	0.0788799	0
555	0.0827412	0
565	0.081638	0
575	0.056264	0
585	0.0766735	0
595	0.0639865	0
605	0.0617801	0
615	0.0463351	0
625	0.0358545	0
635	0.0441286	0
645	0.0292352	0
655	0.0413706	0
665	0.0231675	0
675	0.0325449	0
685	0.0226159	0
695	0.0209611	0
705	0.0165482	0
715	0.0143418	0
725	0.0115838	0
735	0.00937733	0
745	0.0104805	0
755	0.00827412	0
765	0.00220643	0
775	0.00386126	0
785	0.00661929	0
795	0.00220643	0
805	0.00220643	0
815	0.00165482	0
825	0.00110322	0
835	0.00110322	0
845	0.000551608	0
855	0	0
865	0	0
875	0	0
885	0.000551608	0
895	0	0
905	0	0
915	0	0
925	0	0
935	0	0
945	0	0
955	0	0
965	0	0
975	0	0
985	0	0
995	0	0
1005	0	0
1015	0	0
1025	0	0
1035	0	0
1045	0	0
1055	0	0
1065	0	0
1075	0	0
1085	0	0
1095	0	0
1105	0	0
1115	0	0
1125	0	0
1135	0	0
1145	0	0
1155	0	0
1165	0	0
1175	0	0
1185	0	0
1195	0	0
