FG time = 3092.48	BG time = 494.066
5	0	0
15	0	0
25	0	0
35	0	0
45	0	0
55	0.00679066	0
65	0.0358935	0
75	0.0704935	0
85	0.105417	0
95	0.125789	0
105	0.152305	0
115	0.158449	0
125	0.157802	0
135	0.188845	0
145	0.189168	0
155	0.187875	0
165	0.179144	0
175	0.20566	0
185	0.216978	0
195	0.197899	0
205	0.197253	0
215	0.210511	0
225	0.204367	0
235	0.220858	0
245	0.219565	0
255	0.211804	0
265	0.211157	0
275	0.219888	0
285	0.216654	0
295	0.211804	0
305	0.215361	0
315	0.203073	0
325	0.214714	0
335	0.20178	0
345	0.194019	0
355	0.192079	0
365	0.17203	0
375	0.177851	0
385	0.172353	0
395	0.17397	0
405	0.180438	0
415	0.189492	0
425	0.161036	0
435	0.157479	0
445	0.155215	0
455	0.144221	0
465	0.137753	0
475	0.143897	0
485	0.13646	0
495	0.124819	0
505	0.125142	0
515	0.118675	0
525	0.108004	0
535	0.0966861	0
545	0.102507	0
555	0.0928057	0
565	0.081488	0
575	0.0873085	0
585	0.0769608	0
595	0.0662898	0
605	0.064673	0
615	0.0617627	0
625	0.0517384	0
635	0.0404206	0
645	0.0439776	0
655	0.0381571	0
665	0.0300729	0
675	0.0326599	0
685	0.0294262	0
695	0.0242524	0
705	0.0226355	0
715	0.0171383	0
725	0.0142281	0
735	0.010671	0
745	0.00905422	0
755	0.00905422	0
765	0.00711403	0
775	0.00485047	0
785	0.00355701	0
795	0.00194019	0
805	0.00064673	0
815	0.00226355	0
825	0.000970095	0
835	0.000323365	0
845	0.000970095	0
855	0.00064673	0
865	0	0
875	0	0
885	0	0
895	0	0
905	0	0
915	0	0
925	0	0
935	0	0
945	0	0
955	0	0
965	0	0
975	0	0
985	0	0
995	0	0
1005	0	0
1015	0	0
1025	0	0
1035	0	0
1045	0	0
1055	0	0
1065	0	0
1075	0	0
1085	0	0
1095	0	0
1105	0	0
1115	0	0
1125	0	0
1135	0	0
1145	0	0
1155	0	0
1165	0	0
1175	0	0
1185	0	0
1195	0	0
