FG time = 1937.71	BG time = 494.757
5	0	0
15	0	0
25	0	0
35	0	0
45	0.000516073	0
55	0.0170304	0
65	0.0531555	0
75	0.0856681	0
85	0.108375	0
95	0.119729	0
105	0.143984	0
115	0.152241	0
125	0.156886	0
135	0.163595	0
145	0.164111	0
155	0.172884	0
165	0.178045	0
175	0.195075	0
185	0.194043	0
195	0.193527	0
205	0.201268	0
215	0.213138	0
225	0.204881	0
235	0.206429	0
245	0.212106	0
255	0.205913	0
265	0.19714	0
275	0.180109	0
285	0.207461	0
295	0.207461	0
305	0.195592	0
315	0.214686	0
325	0.206945	0
335	0.18527	0
345	0.19972	0
355	0.193011	0
365	0.180625	0
375	0.17082	0
385	0.186818	0
395	0.17082	0
405	0.162563	0
415	0.161015	0
425	0.186818	0
435	0.157918	0
445	0.15895	0
455	0.137275	0
465	0.122825	0
475	0.122309	0
485	0.124374	0
495	0.132115	0
505	0.107859	0
515	0.117665	0
525	0.107343	0
535	0.110956	0
545	0.0975377	0
555	0.0877324	0
565	0.0753466	0
575	0.0727662	0
585	0.0681216	0
595	0.0608966	0
605	0.0552198	0
615	0.0598644	0
625	0.0557358	0
635	0.0397376	0
645	0.0387055	0
655	0.0454144	0
665	0.0340608	0
675	0.0273519	0
685	0.0252876	0
695	0.0227072	0
705	0.0175465	0
715	0.0165143	0
725	0.0190947	0
735	0.00980538	0
745	0.0118697	0
755	0.00722502	0
765	0.00670894	0
775	0.00516073	0
785	0.00361251	0
795	0.00258036	0
805	0.00206429	0
815	0.00206429	0
825	0.00206429	0
835	0.00206429	0
845	0.00103215	0
855	0.00154822	0
865	0.000516073	0
875	0	0
885	0	0
895	0.000516073	0
905	0	0
915	0	0
925	0	0
935	0	0
945	0	0
955	0	0
965	0	0
975	0	0
985	0	0
995	0	0
1005	0	0
1015	0	0
1025	0	0
1035	0	0
1045	0	0
1055	0	0
1065	0	0
1075	0	0
1085	0	0
1095	0	0
1105	0	0
1115	0	0
1125	0	0
1135	0	0
1145	0	0
1155	0	0
1165	0	0
1175	0	0
1185	0	0
1195	0	0
