FG time = 2884.4	BG time = 304.935
5	0.000693385	0
15	0	0
25	0.000346693	0
35	0.00381362	0
45	0.018028	0
55	0.0520039	0
65	0.112675	0
75	0.166412	0
85	0.187907	0
95	0.21911	0
105	0.229857	0
115	0.239911	0
125	0.256553	0
135	0.249965	0
145	0.26626	0
155	0.274927	0
165	0.281168	0
175	0.295382	0
185	0.313063	0
195	0.315144	0
205	0.308556	0
215	0.298156	0
225	0.307516	0
235	0.30821	0
245	0.297116	0
255	0.302663	0
265	0.288795	0
275	0.304396	0
285	0.280821	0
295	0.300236	0
305	0.296075	0
315	0.302663	0
325	0.299542	0
335	0.299542	0
345	0.291222	0
355	0.279434	0
365	0.276314	0
375	0.275274	0
385	0.27354	0
395	0.26418	0
405	0.264873	0
415	0.248579	0
425	0.244765	0
435	0.227777	0
445	0.235404	0
455	0.223963	0
465	0.208709	0
475	0.202468	0
485	0.186174	0
495	0.186521	0
505	0.166759	0
515	0.174733	0
525	0.147691	0
535	0.148038	0
545	0.148038	0
555	0.128276	0
565	0.113715	0
575	0.108168	0
585	0.108515	0
595	0.0929136	0
605	0.0897934	0
615	0.0790459	0
625	0.0731521	0
635	0.0731521	0
645	0.0537374	0
655	0.057551	0
665	0.048537	0
675	0.0398696	0
685	0.0318957	0
695	0.0305089	0
705	0.0287755	0
715	0.0253086	0
725	0.0194148	0
735	0.0114409	0
745	0.0124809	0
755	0.00901401	0
765	0.0104008	0
775	0.00520039	0
785	0.00277354	0
795	0.00208016	0
805	0.00277354	0
815	0.00138677	0
825	0	0
835	0.000693385	0
845	0	0
855	0.000346693	0
865	0.000693385	0
875	0	0
885	0.000346693	0
895	0	0
905	0	0
915	0	0
925	0	0
935	0	0
945	0	0
955	0	0
965	0	0
975	0	0
985	0	0
995	0	0
1005	0	0
1015	0	0
1025	0	0
1035	0	0
1045	0	0
1055	0	0
1065	0	0
1075	0	0
1085	0	0
1095	0	0
1105	0	0
1115	0	0
1125	0	0
1135	0	0
1145	0	0
1155	0	0
1165	0	0
1175	0	0
1185	0	0
1195	0	0
