FG time = 2832.35	BG time = 493.223
5	0	0
15	0	0
25	0	0
35	0	0
45	0.000706127	0
55	0.0141225	0
65	0.044133	0
75	0.0787332	0
85	0.107331	0
95	0.127103	0
105	0.13487	0
115	0.162056	0
125	0.168411	0
135	0.168058	0
145	0.171942	0
155	0.190301	0
165	0.190654	0
175	0.215722	0
185	0.199834	0
195	0.221371	0
205	0.201952	0
215	0.215369	0
225	0.220665	0
235	0.225255	0
245	0.232669	0
255	0.234787	0
265	0.219606	0
275	0.223489	0
285	0.2189	0
295	0.216781	0
305	0.206895	0
315	0.194538	0
325	0.213251	0
335	0.20972	0
345	0.196657	0
355	0.213957	0
365	0.204071	0
375	0.191361	0
385	0.188183	0
395	0.199481	0
405	0.18783	0
415	0.192773	0
425	0.169824	0
435	0.17406	0
445	0.175473	0
455	0.165587	0
465	0.145462	0
475	0.137695	0
485	0.13593	0
495	0.126397	0
505	0.119336	0
515	0.118982	0
525	0.112627	0
535	0.099564	0
545	0.105919	0
555	0.103801	0
565	0.0963864	0
575	0.0847353	0
585	0.0826169	0
595	0.0727311	0
605	0.0734373	0
615	0.0557841	0
625	0.0515473	0
635	0.0455452	0
645	0.0406023	0
655	0.0448391	0
665	0.0346002	0
675	0.0317757	0
685	0.0310696	0
695	0.0211838	0
705	0.0197716	0
715	0.0130634	0
725	0.016594	0
735	0.00882659	0
745	0.0105919	0
755	0.00953272	0
765	0.00494289	0
775	0.00353064	0
785	0.00247145	0
795	0.00211838	0
805	0	0
815	0.00247145	0
825	0.000706127	0
835	0.000706127	0
845	0.000706127	0
855	0	0
865	0	0
875	0	0
885	0	0
895	0	0
905	0	0
915	0	0
925	0	0
935	0	0
945	0	0
955	0	0
965	0	0
975	0	0
985	0	0
995	0	0
1005	0	0
1015	0	0
1025	0	0
1035	0	0
1045	0	0
1055	0	0
1065	0	0
1075	0	0
1085	0	0
1095	0	0
1105	0	0
1115	0	0
1125	0	0
1135	0	0
1145	0	0
1155	0	0
1165	0	0
1175	0	0
1185	0	0
1195	0	0
