FG time = 3611.78	BG time = 486.804
5	0.000276872	0
15	0	0
25	0	0
35	0.00276872	0
45	0.00636805	0
55	0.0282409	0
65	0.0730942	0
75	0.118224	0
85	0.142035	0
95	0.15228	0
105	0.150895	0
115	0.176644	0
125	0.185781	0
135	0.19824	0
145	0.201563	0
155	0.213745	0
165	0.207654	0
175	0.218452	0
185	0.212638	0
195	0.232572	0
205	0.223436	0
215	0.220944	0
225	0.228142	0
235	0.217068	0
245	0.231188	0
255	0.237279	0
265	0.213191	0
275	0.226758	0
285	0.231742	0
295	0.2107	0
305	0.212361	0
315	0.225651	0
325	0.223436	0
335	0.22039	0
345	0.2107	0
355	0.204055	0
365	0.210423	0
375	0.188273	0
385	0.194918	0
395	0.189104	0
405	0.180244	0
415	0.161139	0
425	0.176644	0
435	0.163631	0
445	0.160863	0
455	0.159201	0
465	0.155325	0
475	0.144804	0
485	0.135667	0
495	0.13096	0
505	0.125423	0
515	0.123208	0
525	0.108811	0
535	0.110472	0
545	0.0966283	0
555	0.0957977	0
565	0.0794622	0
575	0.0769704	0
585	0.0706023	0
595	0.0639574	0
605	0.0628499	0
615	0.0545438	0
625	0.0575894	0
635	0.0487295	0
645	0.0359933	0
655	0.0382083	0
665	0.0354396	0
675	0.0310097	0
685	0.023811	0
695	0.0202117	0
705	0.0160586	0
715	0.0138436	0
725	0.0138436	0
735	0.00969052	0
745	0.00802929	0
755	0.00581431	0
765	0.00498369	0
775	0.00498369	0
785	0.00221498	0
795	0.0019381	0
805	0.00110749	0
815	0.000553744	0
825	0.000830616	0
835	0.000830616	0
845	0.000553744	0
855	0.000276872	0
865	0	0
875	0	0
885	0	0
895	0	0
905	0	0
915	0	0
925	0	0
935	0	0
945	0	0
955	0	0
965	0	0
975	0	0
985	0	0
995	0	0
1005	0	0
1015	0	0
1025	0	0
1035	0	0
1045	0	0
1055	0	0
1065	0	0
1075	0	0
1085	0	0
1095	0	0
1105	0	0
1115	0	0
1125	0	0
1135	0	0
1145	0	0
1155	0	0
1165	0	0
1175	0	0
1185	0	0
1195	0	0
