FG time = 2417.95	BG time = 494.32
5	0	0
15	0	0
25	0	0
35	0	0
45	0.000413573	0
55	0.00909861	0
65	0.0347401	0
75	0.0599681	0
85	0.067826	0
95	0.0947082	0
105	0.10298	0
115	0.111251	0
125	0.131103	0
135	0.126967	0
145	0.129035	0
155	0.152195	0
165	0.139374	0
175	0.149713	0
185	0.156331	0
195	0.165429	0
205	0.154676	0
215	0.168738	0
225	0.175355	0
235	0.160053	0
245	0.154263	0
255	0.168738	0
265	0.165429	0
275	0.176182	0
285	0.158812	0
295	0.157985	0
305	0.160053	0
315	0.166256	0
325	0.154263	0
335	0.147646	0
345	0.165429	0
355	0.148886	0
365	0.136479	0
375	0.138961	0
385	0.147232	0
395	0.139374	0
405	0.130689	0
415	0.136066	0
425	0.134411	0
435	0.127794	0
445	0.118282	0
455	0.103807	0
465	0.110424	0
475	0.120763	0
485	0.0984304	0
495	0.0905725	0
505	0.0913996	0
515	0.0893318	0
525	0.0851961	0
535	0.079406	0
545	0.0802332	0
555	0.0810603	0
565	0.0719617	0
575	0.0566595	0
585	0.0570731	0
595	0.0587274	0
605	0.0554188	0
615	0.0475609	0
625	0.0417709	0
635	0.0372216	0
645	0.0359809	0
655	0.0351537	0
665	0.0277094	0
675	0.025228	0
685	0.0198515	0
695	0.0173701	0
705	0.0173701	0
715	0.00785789	0
725	0.0103393	0
735	0.00785789	0
745	0.0062036	0
755	0.0062036	0
765	0.00330858	0
775	0.00165429	0
785	0.00124072	0
795	0.00206787	0
805	0.000827146	0
815	0.00124072	0
825	0.00124072	0
835	0.000827146	0
845	0.000413573	0
855	0	0
865	0	0
875	0	0
885	0.000413573	0
895	0	0
905	0	0
915	0	0
925	0	0
935	0	0
945	0	0
955	0	0
965	0	0
975	0	0
985	0	0
995	0	0
1005	0	0
1015	0	0
1025	0	0
1035	0	0
1045	0	0
1055	0	0
1065	0	0
1075	0	0
1085	0	0
1095	0	0
1105	0	0
1115	0	0
1125	0	0
1135	0	0
1145	0	0
1155	0	0
1165	0	0
1175	0	0
1185	0	0
1195	0	0
