FG time = 3012.99	BG time = 613.642
5	0	0
15	0	0
25	0	0
35	0.000331896	0
45	0.00929309	0
55	0.041487	0
65	0.0872887	0
75	0.110853	0
85	0.143711	0
95	0.159974	0
105	0.20478	0
115	0.207435	0
125	0.199801	0
135	0.231332	0
145	0.232991	0
155	0.236974	0
165	0.239297	0
175	0.26253	0
185	0.279125	0
195	0.289413	0
205	0.270163	0
215	0.305012	0
225	0.276138	0
235	0.290409	0
245	0.29937	0
255	0.285431	0
265	0.302689	0
275	0.293064	0
285	0.297711	0
295	0.27481	0
305	0.30103	0
315	0.298043	0
325	0.267508	0
335	0.267176	0
345	0.27315	0
355	0.281116	0
365	0.278461	0
375	0.252573	0
385	0.252241	0
395	0.239961	0
405	0.22934	0
415	0.245603	0
425	0.22403	0
435	0.228013	0
445	0.221375	0
455	0.210422	0
465	0.19947	0
475	0.201461	0
485	0.187189	0
495	0.158978	0
505	0.168603	0
515	0.161965	0
525	0.142715	0
535	0.153004	0
545	0.141056	0
555	0.134086	0
565	0.130767	0
575	0.108198	0
585	0.106207	0
595	0.0955861	0
605	0.079987	0
615	0.0806507	0
625	0.0720214	0
635	0.0590775	0
645	0.0610689	0
655	0.0454698	0
665	0.0521077	0
675	0.0487887	0
685	0.0391637	0
695	0.035181	0
705	0.0225689	0
715	0.0152672	0
725	0.0195819	0
735	0.0139396	0
745	0.0122802	0
755	0.00763361	0
765	0.00564223	0
775	0.00431465	0
785	0.00564223	0
795	0.00298706	0
805	0.00232327	0
815	0.00232327	0
825	0.000995688	0
835	0.000663792	0
845	0	0
855	0	0
865	0.000331896	0
875	0	0
885	0	0
895	0	0
905	0	0
915	0	0
925	0	0
935	0	0
945	0	0
955	0	0
965	0	0
975	0	0
985	0	0
995	0	0
1005	0	0
1015	0	0
1025	0	0
1035	0	0
1045	0	0
1055	0	0
1065	0	0
1075	0	0
1085	0	0
1095	0	0
1105	0	0
1115	0	0
1125	0	0
1135	0	0
1145	0	0
1155	0	0
1165	0	0
1175	0	0
1185	0	0
1195	0	0
