FG time = 2705.82	BG time = 424.505
5	0	0
15	0	0
25	0	0
35	0	0
45	0.000369574	0
55	0.0029566	0
65	0.0229136	0
75	0.0953502	0
85	0.142656	0
95	0.179613	0
105	0.192179	0
115	0.201418	0
125	0.222853	0
135	0.230614	0
145	0.229506	0
155	0.240593	0
165	0.249093	0
175	0.229136	0
185	0.24281	0
195	0.242441	0
205	0.272376	0
215	0.286051	0
225	0.276811	0
235	0.26905	0
245	0.267941	0
255	0.266094	0
265	0.249093	0
275	0.256115	0
285	0.256485	0
295	0.269789	0
305	0.253158	0
315	0.250571	0
325	0.250571	0
335	0.25168	0
345	0.236158	0
355	0.239484	0
365	0.235049	0
375	0.227658	0
385	0.237267	0
395	0.217679	0
405	0.210288	0
415	0.19107	0
425	0.190331	0
435	0.197722	0
445	0.183678	0
455	0.188113	0
465	0.188483	0
475	0.181091	0
485	0.165569	0
495	0.160395	0
505	0.148569	0
515	0.139699	0
525	0.135264	0
535	0.116786	0
545	0.119373	0
555	0.120851	0
565	0.0997851	0
575	0.0901761	0
585	0.0960893	0
595	0.0890674	0
605	0.0742844	0
615	0.0628276	0
625	0.0602406	0
635	0.0532187	0
645	0.0480447	0
655	0.0513708	0
665	0.0417619	0
675	0.0376966	0
685	0.0310442	0
695	0.0232832	0
705	0.0184787	0
715	0.0181091	0
725	0.0118264	0
735	0.00850021	0
745	0.00850021	0
755	0.00591319	0
765	0.00443489	0
775	0.00517404	0
785	0.00332617	0
795	0.00369574	0
805	0.00184787	0
815	0.00221745	0
825	0.000739149	0
835	0.000369574	0
845	0.000739149	0
855	0.000369574	0
865	0	0
875	0	0
885	0	0
895	0	0
905	0	0
915	0	0
925	0	0
935	0	0
945	0	0
955	0	0
965	0	0
975	0	0
985	0	0
995	0	0
1005	0	0
1015	0	0
1025	0	0
1035	0	0
1045	0	0
1055	0	0
1065	0	0
1075	0	0
1085	0	0
1095	0	0
1105	0	0
1115	0	0
1125	0	0
1135	0	0
1145	0	0
1155	0	0
1165	0	0
1175	0	0
1185	0	0
1195	0	0
