FG time = 3611.43	BG time = 1028.67
5	0	0
15	0	0
25	0	0
35	0	0
45	0.00636867	0
55	0.0293513	0
65	0.0512263	0
75	0.0719937	0
85	0.0866694	0
95	0.102176	0
105	0.124605	0
115	0.148695	0
125	0.147587	0
135	0.162817	0
145	0.173062	0
155	0.187461	0
165	0.201305	0
175	0.189399	0
185	0.196598	0
195	0.199367	0
205	0.210997	0
215	0.22235	0
225	0.220688	0
235	0.210997	0
245	0.221519	0
255	0.237856	0
265	0.222627	0
275	0.225396	0
285	0.224288	0
295	0.227611	0
305	0.229272	0
315	0.221796	0
325	0.232318	0
335	0.216535	0
345	0.205736	0
355	0.223734	0
365	0.208228	0
375	0.204905	0
385	0.209889	0
395	0.194106	0
405	0.192722	0
415	0.197983	0
425	0.191337	0
435	0.182476	0
445	0.178877	0
455	0.172508	0
465	0.165309	0
475	0.15091	0
485	0.156725	0
495	0.13568	0
505	0.129035	0
515	0.130973	0
525	0.125712	0
535	0.121005	0
545	0.111036	0
555	0.106883	0
565	0.112144	0
575	0.0938687	0
585	0.095807	0
595	0.0758703	0
605	0.0717168	0
615	0.0639636	0
625	0.0614716	0
635	0.0567643	0
645	0.0456883	0
655	0.0429193	0
665	0.0318434	0
675	0.0387658	0
685	0.0293513	0
695	0.021875	0
705	0.0232595	0
715	0.0166139	0
725	0.0124605	0
735	0.0149525	0
745	0.0113529	0
755	0.00719937	0
765	0.00581488	0
775	0.00498418	0
785	0.00276899	0
795	0.00359969	0
805	0.000276899	0
815	0.000276899	0
825	0.00138449	0
835	0.000276899	0
845	0.00166139	0
855	0	0
865	0.000276899	0
875	0.000553798	0
885	0.000276899	0
895	0.000276899	0
905	0	0
915	0	0
925	0	0
935	0	0
945	0	0
955	0	0
965	0	0
975	0	0
985	0	0
995	0	0
1005	0	0
1015	0	0
1025	0	0
1035	0	0
1045	0	0
1055	0	0
1065	0	0
1075	0	0
1085	0	0
1095	0	0
1105	0	0
1115	0	0
1125	0	0
1135	0	0
1145	0	0
1155	0	0
1165	0	0
1175	0	0
1185	0	0
1195	0	0
