FG time = 3312.08	BG time = 493.822
5	0	0
15	0	0
25	0	0
35	0	0
45	0	0
55	0.00513273	0
65	0.0353253	0
75	0.0661217	0
85	0.105372	0
95	0.110505	0
105	0.135866	0
115	0.153982	0
125	0.157001	0
135	0.173909	0
145	0.171796	0
155	0.168172	0
165	0.179646	0
175	0.193232	0
185	0.193836	0
195	0.190515	0
205	0.213159	0
215	0.201988	0
225	0.222217	0
235	0.207423	0
245	0.219802	0
255	0.199573	0
265	0.200478	0
275	0.21799	0
285	0.217386	0
295	0.218896	0
305	0.20863	0
315	0.210744	0
325	0.209536	0
335	0.20863	0
345	0.197459	0
355	0.192628	0
365	0.19293	0
375	0.190817	0
385	0.200478	0
395	0.180249	0
405	0.185382	0
415	0.185382	0
425	0.17089	0
435	0.159417	0
445	0.157001	0
455	0.138282	0
465	0.151868	0
475	0.141301	0
485	0.134357	0
495	0.134055	0
505	0.120468	0
515	0.112014	0
525	0.115637	0
535	0.108995	0
545	0.103258	0
555	0.0951065	0
565	0.0948046	0
575	0.0785006	0
585	0.0827276	0
595	0.064612	0
605	0.0691409	0
615	0.0643101	0
625	0.060687	0
635	0.0498177	0
645	0.0534408	0
655	0.0401561	0
665	0.0347214	0
675	0.0307964	0
685	0.0301925	0
695	0.0250598	0
705	0.0220406	0
715	0.0150963	0
725	0.0169078	0
735	0.0126809	0
745	0.00905776	0
755	0.00664236	0
765	0.00785006	0
775	0.00392503	0
785	0.00513273	0
795	0.00271733	0
805	0.0024154	0
815	0.000301925	0
825	0.000301925	0
835	0.00150963	0
845	0.0012077	0
855	0	0
865	0	0
875	0.000301925	0
885	0	0
895	0	0
905	0	0
915	0	0
925	0	0
935	0	0
945	0	0
955	0	0
965	0	0
975	0	0
985	0	0
995	0	0
1005	0	0
1015	0	0
1025	0	0
1035	0	0
1045	0	0
1055	0	0
1065	0	0
1075	0	0
1085	0	0
1095	0	0
1105	0	0
1115	0	0
1125	0	0
1135	0	0
1145	0	0
1155	0	0
1165	0	0
1175	0	0
1185	0	0
1195	0	0
