FG time = 3005.47	BG time = 486.004
5	0	0
15	0	0
25	0	0
35	0	0
45	0.00133091	0
55	0.0133091	0
65	0.0362672	0
75	0.0588926	0
85	0.0881725	0
95	0.0981543	0
105	0.112462	0
115	0.111796	0
125	0.123109	0
135	0.125771	0
145	0.1281	0
155	0.129763	0
165	0.1464	0
175	0.137083	0
185	0.146732	0
195	0.154385	0
205	0.147065	0
215	0.154052	0
225	0.1647	0
235	0.149394	0
245	0.161372	0
255	0.152389	0
265	0.163036	0
275	0.16104	0
285	0.160707	0
295	0.15372	0
305	0.162371	0
315	0.159376	0
325	0.148729	0
335	0.156714	0
345	0.154052	0
355	0.143738	0
365	0.157047	0
375	0.137083	0
385	0.140411	0
395	0.137749	0
405	0.135752	0
415	0.120114	0
425	0.132092	0
435	0.120114	0
445	0.123109	0
455	0.113792	0
465	0.125105	0
475	0.101482	0
485	0.100483	0
495	0.0861762	0
505	0.0944943	0
515	0.0861762	0
525	0.0795217	0
535	0.0768598	0
545	0.0758617	0
555	0.0712035	0
565	0.060889	0
575	0.0682089	0
585	0.0652144	0
595	0.0565635	0
605	0.0519053	0
615	0.0439199	0
625	0.038929	0
635	0.0402599	0
645	0.0296127	0
655	0.0339381	0
665	0.024289	0
675	0.024289	0
685	0.0176345	0
695	0.0189654	0
705	0.0166363	0
715	0.00898362	0
725	0.00898362	0
735	0.00831816	0
745	0.00765271	0
755	0.00898362	0
765	0.00532363	0
775	0.00299454	0
785	0.00232909	0
795	0.00266181	0
805	0.00133091	0
815	0.00099818	0
825	0.00166363	0
835	0	0
845	0	0
855	0.000332727	0
865	0.000665453	0
875	0	0
885	0	0
895	0	0
905	0	0
915	0	0
925	0	0
935	0	0
945	0	0
955	0	0
965	0	0
975	0	0
985	0	0
995	0	0
1005	0	0
1015	0	0
1025	0	0
1035	0	0
1045	0	0
1055	0	0
1065	0	0
1075	0	0
1085	0	0
1095	0	0
1105	0	0
1115	0	0
1125	0	0
1135	0	0
1145	0	0
1155	0	0
1165	0	0
1175	0	0
1185	0	0
1195	0	0
