FG time = 3604.32	BG time = 485.784
5	0	0
15	0	0
25	0	0
35	0.00110978	0
45	0.00887825	0
55	0.0324611	0
65	0.0613154	0
75	0.0801817	0
85	0.124295	0
95	0.142884	0
105	0.163138	0
115	0.179507	0
125	0.185888	0
135	0.193102	0
145	0.232222	0
155	0.23999	0
165	0.249701	0
175	0.260521	0
185	0.270232	0
195	0.267457	0
205	0.298808	0
215	0.288266	0
225	0.286601	0
235	0.296866	0
245	0.31823	0
255	0.306577	0
265	0.310739	0
275	0.309074	0
285	0.307409	0
295	0.316288	0
305	0.313513	0
315	0.310461	0
325	0.306299	0
335	0.319894	0
345	0.302415	0
355	0.293537	0
365	0.284381	0
375	0.283272	0
385	0.288543	0
395	0.267457	0
405	0.271619	0
415	0.271896	0
425	0.246094	0
435	0.245816	0
445	0.240545	0
455	0.239713	0
465	0.244707	0
475	0.210858	0
485	0.20087	0
495	0.198928	0
505	0.188663	0
515	0.180617	0
525	0.176455	0
535	0.160918	0
545	0.163415	0
555	0.142607	0
565	0.143717	0
575	0.138445	0
585	0.123741	0
595	0.110701	0
605	0.093499	0
615	0.101545	0
625	0.0876727	0
635	0.0776846	0
645	0.07602	0
655	0.0599282	0
665	0.0557665	0
675	0.0493852	0
685	0.0396747	0
695	0.0344032	0
705	0.0258024	0
715	0.0299641	0
725	0.0233054	0
735	0.0210858	0
745	0.0138723	0
755	0.0086008	0
765	0.0102655	0
775	0.00443912	0
785	0.00721357	0
795	0.00332934	0
805	0.00138723	0
815	0.00110978	0
825	0.00055489	0
835	0.00110978	0
845	0	0
855	0.00055489	0
865	0.00055489	0
875	0	0
885	0	0
895	0	0
905	0.000277445	0
915	0	0
925	0	0
935	0	0
945	0	0
955	0	0
965	0	0
975	0	0
985	0	0
995	0	0
1005	0	0
1015	0	0
1025	0	0
1035	0	0
1045	0	0
1055	0	0
1065	0	0
1075	0	0
1085	0	0
1095	0	0
1105	0	0
1115	0	0
1125	0	0
1135	0	0
1145	0	0
1155	0	0
1165	0	0
1175	0	0
1185	0	0
1195	0	0
