FG time = 3611.33	BG time = 545.594
5	0	0
15	0	0
25	0	0
35	0.000276906	0
45	0.00276906	0
55	0.0157836	0
65	0.0326749	0
75	0.0531659	0
85	0.070611	0
95	0.0819642	0
105	0.0983016	0
115	0.105778	0
125	0.120177	0
135	0.127377	0
145	0.140391	0
155	0.140945	0
165	0.155344	0
175	0.157283	0
185	0.155898	0
195	0.16642	0
205	0.179435	0
215	0.175281	0
225	0.18082	0
235	0.18165	0
245	0.175558	0
255	0.183035	0
265	0.196603	0
275	0.179989	0
285	0.186358	0
295	0.182481	0
305	0.178881	0
315	0.183589	0
325	0.174728	0
335	0.186081	0
345	0.168082	0
355	0.167251	0
365	0.170297	0
375	0.161159	0
385	0.161159	0
395	0.17002	0
405	0.157559	0
415	0.160052	0
425	0.141499	0
435	0.139561	0
445	0.14233	0
455	0.136792	0
465	0.131807	0
475	0.127377	0
485	0.118239	0
495	0.115193	0
505	0.117685	0
515	0.0988554	0
525	0.0988554	0
535	0.0933173	0
545	0.0905482	0
555	0.0858408	0
565	0.0800258	0
575	0.0775337	0
585	0.0692265	0
595	0.0661805	0
605	0.06175	0
615	0.0545505	0
625	0.0445819	0
635	0.0404283	0
645	0.0387668	0
655	0.0332287	0
665	0.0304597	0
675	0.0287982	0
685	0.0246446	0
695	0.0218756	0
705	0.0171682	0
715	0.0121839	0
725	0.0141222	0
735	0.0107993	0
745	0.00553812	0
755	0.00526121	0
765	0.0047074	0
775	0.00221525	0
785	0.00193834	0
795	0.000553812	0
805	0.00110762	0
815	0.000830718	0
825	0.000553812	0
835	0	0
845	0	0
855	0	0
865	0.000276906	0
875	0	0
885	0	0
895	0	0
905	0	0
915	0	0
925	0	0
935	0	0
945	0	0
955	0	0
965	0	0
975	0	0
985	0	0
995	0	0
1005	0	0
1015	0	0
1025	0	0
1035	0	0
1045	0	0
1055	0	0
1065	0	0
1075	0	0
1085	0	0
1095	0	0
1105	0	0
1115	0	0
1125	0	0
1135	0	0
1145	0	0
1155	0	0
1165	0	0
1175	0	0
1185	0	0
1195	0	0
