FG time = 2224.5	BG time = 305.762
5	0	0
15	0	0
25	0	0
35	0	0
45	0	0
55	0.00584402	0
65	0.0314678	0
75	0.0539448	0
85	0.0979997	0
95	0.105642	0
105	0.135312	0
115	0.139807	0
125	0.159587	0
135	0.178917	0
145	0.177568	0
155	0.190155	0
165	0.203192	0
175	0.207238	0
185	0.223871	0
195	0.233311	0
205	0.236908	0
215	0.204541	0
225	0.228366	0
235	0.246797	0
245	0.25399	0
255	0.248596	0
265	0.251293	0
275	0.249045	0
285	0.231513	0
295	0.245449	0
305	0.242302	0
315	0.229265	0
325	0.232862	0
335	0.250843	0
345	0.243201	0
355	0.240504	0
365	0.223871	0
375	0.229715	0
385	0.211733	0
395	0.216229	0
405	0.209486	0
415	0.202293	0
425	0.197798	0
435	0.206788	0
445	0.18611	0
455	0.201394	0
465	0.171724	0
475	0.179816	0
485	0.16633	0
495	0.145651	0
505	0.145651	0
515	0.151944	0
525	0.127669	0
535	0.132165	0
545	0.118229	0
555	0.108789	0
565	0.106091	0
575	0.115082	0
585	0.0993483	0
595	0.0773209	0
605	0.0764218	0
615	0.0737245	0
625	0.0656328	0
635	0.0597888	0
645	0.0463026	0
655	0.0454035	0
665	0.0476512	0
675	0.0395595	0
685	0.0328164	0
695	0.0287706	0
705	0.0233761	0
715	0.0152844	0
725	0.0175321	0
735	0.0134862	0
745	0.0121376	0
755	0.0103394	0
765	0.00809172	0
775	0.00404586	0
785	0.00314678	0
795	0.00359632	0
805	0.00179816	0
815	0.00044954	0
825	0.00134862	0
835	0.0022477	0
845	0	0
855	0	0
865	0	0
875	0	0
885	0	0
895	0.00044954	0
905	0	0
915	0	0
925	0	0
935	0	0
945	0	0
955	0	0
965	0	0
975	0	0
985	0	0
995	0	0
1005	0	0
1015	0	0
1025	0	0
1035	0	0
1045	0	0
1055	0	0
1065	0	0
1075	0	0
1085	0	0
1095	0	0
1105	0	0
1115	0	0
1125	0	0
1135	0	0
1145	0	0
1155	0	0
1165	0	0
1175	0	0
1185	0	0
1195	0	0
