FG time = 3229.02	BG time = 612.592
5	0	0
15	0	0
25	0	0
35	0	0
45	0.00712291	0
55	0.0377824	0
65	0.0833071	0
75	0.114586	0
85	0.138123	0
95	0.165685	0
105	0.163517	0
115	0.197583	0
125	0.223288	0
135	0.220501	0
145	0.236295	0
155	0.24094	0
165	0.237534	0
175	0.249921	0
185	0.262928	0
195	0.272219	0
205	0.243108	0
215	0.273458	0
225	0.279961	0
235	0.279652	0
245	0.265096	0
255	0.293278	0
265	0.279032	0
275	0.254567	0
285	0.280581	0
295	0.274077	0
305	0.267264	0
315	0.29173	0
325	0.262928	0
335	0.262928	0
345	0.264167	0
355	0.265096	0
365	0.242798	0
375	0.26107	0
385	0.242179	0
395	0.231959	0
405	0.240321	0
415	0.234746	0
425	0.217094	0
435	0.225456	0
445	0.218952	0
455	0.210281	0
465	0.197583	0
475	0.182099	0
485	0.183957	0
495	0.179931	0
505	0.166924	0
515	0.16042	0
525	0.148033	0
535	0.15082	0
545	0.137813	0
555	0.127903	0
565	0.125735	0
575	0.105915	0
585	0.0972432	0
595	0.0978626	0
605	0.0929075	0
615	0.0845459	0
625	0.0737066	0
635	0.0644159	0
645	0.0560542	0
655	0.0449053	0
665	0.049241	0
675	0.0424278	0
685	0.0359242	0
695	0.0284916	0
705	0.0232269	0
715	0.0238463	0
725	0.0167234	0
735	0.0130071	0
745	0.0102198	0
755	0.0126974	0
765	0.00712291	0
775	0.0037163	0
785	0.00309692	0
795	0.00402599	0
805	0.00154846	0
815	0.000929075	0
825	0.00123877	0
835	0.000619384	0
845	0.000309692	0
855	0	0
865	0	0
875	0	0
885	0	0
895	0	0
905	0	0
915	0	0
925	0	0
935	0	0
945	0	0
955	0	0
965	0	0
975	0	0
985	0	0
995	0	0
1005	0	0
1015	0	0
1025	0	0
1035	0	0
1045	0	0
1055	0	0
1065	0	0
1075	0	0
1085	0	0
1095	0	0
1105	0	0
1115	0	0
1125	0	0
1135	0	0
1145	0	0
1155	0	0
1165	0	0
1175	0	0
1185	0	0
1195	0	0
