FG time = 3313.38	BG time = 733.695
5	0	0
15	0	0
25	0	0
35	0	0
45	0.000301806	0
55	0.00814877	0
65	0.0537215	0
75	0.0896364	0
85	0.134606	0
95	0.142754	0
105	0.15875	0
115	0.186516	0
125	0.197381	0
135	0.190138	0
145	0.204625	0
155	0.222431	0
165	0.188931	0
175	0.235107	0
185	0.234805	0
195	0.209454	0
205	0.2173	0
215	0.223035	0
225	0.223035	0
235	0.223337	0
245	0.224846	0
255	0.230882	0
265	0.225449	0
275	0.232994	0
285	0.218206	0
295	0.241143	0
305	0.208246	0
315	0.232693	0
325	0.219715	0
335	0.22062	0
345	0.219111	0
355	0.21881	0
365	0.205832	0
375	0.192552	0
385	0.191647	0
395	0.190138	0
405	0.179877	0
415	0.191647	0
425	0.156336	0
435	0.167502	0
445	0.179877	0
455	0.159354	0
465	0.156336	0
475	0.147281	0
485	0.143962	0
495	0.144565	0
505	0.132795	0
515	0.110763	0
525	0.114686	0
535	0.11861	0
545	0.101709	0
555	0.107443	0
565	0.0974834	0
575	0.0808841	0
585	0.0754516	0
595	0.0772624	0
605	0.0657938	0
615	0.0706227	0
625	0.0528161	0
635	0.0528161	0
645	0.0479872	0
655	0.0371222	0
665	0.0331987	0
675	0.0341041	0
685	0.0268608	0
695	0.0247481	0
705	0.0169011	0
715	0.0190138	0
725	0.0135813	0
735	0.0105632	0
745	0.0111668	0
755	0.00694154	0
765	0.00422529	0
775	0.00543251	0
785	0.00211264	0
795	0.00301806	0
805	0.000905419	0
815	0.000603612	0
825	0.000301806	0
835	0.00120722	0
845	0	0
855	0.000301806	0
865	0	0
875	0	0
885	0	0
895	0	0
905	0	0
915	0	0
925	0	0
935	0	0
945	0	0
955	0	0
965	0	0
975	0	0
985	0	0
995	0	0
1005	0	0
1015	0	0
1025	0	0
1035	0	0
1045	0	0
1055	0	0
1065	0	0
1075	0	0
1085	0	0
1095	0	0
1105	0	0
1115	0	0
1125	0	0
1135	0	0
1145	0	0
1155	0	0
1165	0	0
1175	0	0
1185	0	0
1195	0	0
