FG time = 1807.84	BG time = 365.413
5	0	0
15	0	0
25	0	0
35	0	0
45	0.00774403	0
55	0.0392733	0
65	0.0796529	0
75	0.111735	0
85	0.120033	0
95	0.145477	0
105	0.125011	0
115	0.157093	0
125	0.140499	0
135	0.157093	0
145	0.154328	0
155	0.167603	0
165	0.17756	0
175	0.170922	0
185	0.179772	0
195	0.178113	0
205	0.181985	0
215	0.187516	0
225	0.169816	0
235	0.173134	0
245	0.179772	0
255	0.191941	0
265	0.178666	0
275	0.179772	0
285	0.175347	0
295	0.168156	0
305	0.189176	0
315	0.185857	0
325	0.174241	0
335	0.164284	0
345	0.1759	0
355	0.1582	0
365	0.166497	0
375	0.153221	0
385	0.151562	0
395	0.139393	0
405	0.144924	0
415	0.12833	0
425	0.160965	0
435	0.139946	0
445	0.123351	0
455	0.129989	0
465	0.112842	0
475	0.123905	0
485	0.100119	0
495	0.0929284	0
505	0.0979067	0
515	0.0995661	0
525	0.0968004	0
535	0.0813124	0
545	0.095141	0
555	0.0757809	0
565	0.06859	0
575	0.0641649	0
585	0.0674837	0
595	0.0553145	0
605	0.0508894	0
615	0.0630586	0
625	0.0359544	0
635	0.0431453	0
645	0.030423	0
655	0.0271041	0
665	0.0282104	0
675	0.022679	0
685	0.0171475	0
695	0.0204664	0
705	0.0110629	0
715	0.0154881	0
725	0.00829718	0
735	0.0110629	0
745	0.00553145	0
755	0.00387202	0
765	0.00331887	0
775	0.00165944	0
785	0.00110629	0
795	0.00165944	0
805	0.000553145	0
815	0	0
825	0	0
835	0	0
845	0	0
855	0.000553145	0
865	0	0
875	0	0
885	0	0
895	0	0
905	0	0
915	0	0
925	0	0
935	0	0
945	0	0
955	0	0
965	0	0
975	0	0
985	0	0
995	0	0
1005	0	0
1015	0	0
1025	0	0
1035	0	0
1045	0	0
1055	0	0
1065	0	0
1075	0	0
1085	0	0
1095	0	0
1105	0	0
1115	0	0
1125	0	0
1135	0	0
1145	0	0
1155	0	0
1165	0	0
1175	0	0
1185	0	0
1195	0	0
