FG time = 3312.6	BG time = 733.389
5	0	0
15	0	0
25	0	0
35	0	0
45	0	0
55	0.00754693	0
65	0.036829	0
75	0.0914688	0
85	0.121053	0
95	0.141882	0
105	0.164825	0
115	0.142788	0
125	0.15758	0
135	0.169051	0
145	0.189277	0
155	0.18656	0
165	0.179013	0
175	0.190183	0
185	0.190183	0
195	0.188371	0
205	0.1929	0
215	0.198937	0
225	0.191088	0
235	0.204371	0
245	0.190183	0
255	0.193503	0
265	0.187466	0
275	0.199541	0
285	0.189579	0
295	0.179617	0
305	0.192296	0
315	0.1769	0
325	0.192296	0
335	0.18656	0
345	0.177806	0
355	0.179315	0
365	0.1769	0
375	0.161203	0
385	0.173881	0
395	0.170863	0
405	0.160901	0
415	0.164825	0
425	0.151844	0
435	0.149429	0
445	0.147316	0
455	0.127996	0
465	0.13675	0
475	0.121657	0
485	0.132826	0
495	0.118638	0
505	0.115317	0
515	0.102336	0
525	0.0996195	0
535	0.102638	0
545	0.0881482	0
555	0.0742618	0
565	0.0827144	0
575	0.066413	0
585	0.0691299	0
595	0.0555454	0
605	0.0534323	0
615	0.0585642	0
625	0.046791	0
635	0.0455835	0
645	0.0362253	0
655	0.0338103	0
665	0.0268671	0
675	0.0286783	0
685	0.0217352	0
695	0.0208295	0
705	0.017207	0
715	0.0144901	0
725	0.0126788	0
735	0.0126788	0
745	0.0066413	0
755	0.00573567	0
765	0.00483004	0
775	0.00301877	0
785	0.00241502	0
795	0.0027169	0
805	0.0027169	0
815	0.00120751	0
825	0.000905632	0
835	0.000301877	0
845	0.00120751	0
855	0.000301877	0
865	0.000301877	0
875	0.000301877	0
885	0	0
895	0	0
905	0	0
915	0	0
925	0	0
935	0	0
945	0	0
955	0	0
965	0	0
975	0	0
985	0	0
995	0	0
1005	0	0
1015	0	0
1025	0	0
1035	0	0
1045	0	0
1055	0	0
1065	0	0
1075	0	0
1085	0	0
1095	0	0
1105	0	0
1115	0	0
1125	0	0
1135	0	0
1145	0	0
1155	0	0
1165	0	0
1175	0	0
1185	0	0
1195	0	0
