FG time = 3012.17	BG time = 492.954
5	0	0
15	0	0
25	0	0
35	0	0
45	0	0
55	0.00265589	0
65	0.0136114	0
75	0.0195872	0
85	0.0189232	0
95	0.023903	0
105	0.0285508	0
115	0.025563	0
125	0.0302108	0
135	0.0282189	0
145	0.0341946	0
155	0.0345266	0
165	0.0378465	0
175	0.0341946	0
185	0.0398384	0
195	0.0361865	0
205	0.0361865	0
215	0.0441542	0
225	0.0411663	0
235	0.0361865	0
245	0.0385104	0
255	0.0401704	0
265	0.0405024	0
275	0.0405024	0
285	0.0411663	0
295	0.0388424	0
305	0.0375145	0
315	0.0424943	0
325	0.0405024	0
335	0.0451502	0
345	0.0358545	0
355	0.0335306	0
365	0.0371825	0
375	0.0368505	0
385	0.0378465	0
395	0.0278869	0
405	0.0331987	0
415	0.0341946	0
425	0.0381785	0
435	0.0395064	0
445	0.0292148	0
455	0.0278869	0
465	0.0302108	0
475	0.0322027	0
485	0.0288828	0
495	0.024235	0
505	0.0215791	0
515	0.0192552	0
525	0.0205832	0
535	0.0232391	0
545	0.0179273	0
555	0.0182593	0
565	0.0169313	0
575	0.0175953	0
585	0.0169313	0
595	0.0159354	0
605	0.0142754	0
615	0.0129475	0
625	0.0106236	0
635	0.0112875	0
645	0.00763569	0
655	0.00796768	0
665	0.00896364	0
675	0.00331987	0
685	0.00929562	0
695	0.00398384	0
705	0.0073037	0
715	0.00165993	0
725	0.00232391	0
735	0.00199192	0
745	0.00232391	0
755	0.00099596	0
765	0.00099596	0
775	0.00099596	0
785	0.00132795	0
795	0.000331987	0
805	0.00132795	0
815	0.000663973	0
825	0.000331987	0
835	0	0
845	0.000331987	0
855	0	0
865	0	0
875	0	0
885	0	0
895	0	0
905	0	0
915	0	0
925	0	0
935	0	0
945	0	0
955	0	0
965	0	0
975	0	0
985	0	0
995	0	0
1005	0	0
1015	0	0
1025	0	0
1035	0	0
1045	0	0
1055	0	0
1065	0	0
1075	0	0
1085	0	0
1095	0	0
1105	0	0
1115	0	0
1125	0	0
1135	0	0
1145	0	0
1155	0	0
1165	0	0
1175	0	0
1185	0	0
1195	0	0
