FG time = 2409.2	BG time = 365.707
5	0	0
15	0	0
25	0	0
35	0	0
45	0	0
55	0	0
65	0	0
75	0	0
85	0	0
95	0	0
105	0	0
115	0	0
125	0.000415075	0
135	0.00083015	0
145	0.0016603	0
155	0.00083015	0
165	0.00290552	0
175	0.00249045	0
185	0.0033206	0
195	0.00290552	0
205	0.00456582	0
215	0.00249045	0
225	0.00539597	0
235	0.00581105	0
245	0.00581105	0
255	0.00581105	0
265	0.00705627	0
275	0.00788642	0
285	0.0083015	0
295	0.0066412	0
305	0.00539597	0
315	0.00747135	0
325	0.00415075	0
335	0.00539597	0
345	0.00913165	0
355	0.0066412	0
365	0.00622612	0
375	0.0103769	0
385	0.00788642	0
395	0.0132824	0
405	0.00747135	0
415	0.0099618	0
425	0.00747135	0
435	0.0033206	0
445	0.00539597	0
455	0.00622612	0
465	0.00373567	0
475	0.0033206	0
485	0.00456582	0
495	0.00871657	0
505	0.00456582	0
515	0.00581105	0
525	0.00415075	0
535	0.00705627	0
545	0.0049809	0
555	0.00290552	0
565	0.00290552	0
575	0.00290552	0
585	0.0033206	0
595	0.00290552	0
605	0.0033206	0
615	0.0033206	0
625	0.00207537	0
635	0.00207537	0
645	0.00124522	0
655	0.00207537	0
665	0.00207537	0
675	0.0033206	0
685	0.00124522	0
695	0.00124522	0
705	0.00083015	0
715	0.00083015	0
725	0.00207537	0
735	0	0
745	0.000415075	0
755	0	0
765	0	0
775	0	0
785	0	0
795	0	0
805	0	0
815	0	0
825	0	0
835	0	0
845	0	0
855	0	0
865	0	0
875	0	0
885	0	0
895	0	0
905	0	0
915	0	0
925	0	0
935	0	0
945	0	0
955	0	0
965	0	0
975	0	0
985	0	0
995	0	0
1005	0	0
1015	0	0
1025	0	0
1035	0	0
1045	0	0
1055	0	0
1065	0	0
1075	0	0
1085	0	0
1095	0	0
1105	0	0
1115	0	0
1125	0	0
1135	0	0
1145	0	0
1155	0	0
1165	0	0
1175	0	0
1185	0	0
1195	0	0
