FG time = 3612.43	BG time = 485.562
5	0	0
15	0	0
25	0	0
35	0.000276822	0
45	0.00525962	0
55	0.0105192	0
65	0.0412465	0
75	0.0459524	0
85	0.0622849	0
95	0.080832	0
105	0.0874757	0
115	0.101594	0
125	0.109898	0
135	0.126231	0
145	0.123186	0
155	0.133705	0
165	0.132874	0
175	0.141179	0
185	0.14284	0
195	0.140349	0
205	0.158896	0
215	0.153913	0
225	0.157788	0
235	0.160557	0
245	0.154743	0
255	0.17163	0
265	0.166093	0
275	0.170245	0
285	0.171906	0
295	0.163048	0
305	0.159726	0
315	0.158342	0
325	0.169415	0
335	0.153913	0
345	0.153636	0
355	0.151145	0
365	0.160833	0
375	0.146992	0
385	0.145055	0
395	0.147546	0
405	0.135643	0
415	0.14201	0
425	0.13758	0
435	0.124016	0
445	0.128999	0
455	0.125677	0
465	0.108791	0
475	0.109345	0
485	0.0957804	0
495	0.0974413	0
505	0.0952267	0
515	0.0943962	0
525	0.0852611	0
535	0.0827697	0
545	0.0788942	0
555	0.076126	0
565	0.0680982	0
575	0.0644995	0
585	0.0631154	0
595	0.0573021	0
605	0.0514889	0
615	0.0465061	0
625	0.0368173	0
635	0.0382014	0
645	0.0329418	0
655	0.0307272	0
665	0.0260213	0
675	0.0240835	0
685	0.023253	0
695	0.0188239	0
705	0.0163325	0
715	0.0119033	0
725	0.0116265	0
735	0.00941194	0
745	0.00664372	0
755	0.00858148	0
765	0.00581326	0
775	0.00387551	0
785	0.00304504	0
795	0.000553644	0
805	0.000276822	0
815	0.00110729	0
825	0.000553644	0
835	0.000276822	0
845	0.000276822	0
855	0	0
865	0	0
875	0	0
885	0.000276822	0
895	0	0
905	0	0
915	0	0
925	0	0
935	0	0
945	0	0
955	0	0
965	0	0
975	0	0
985	0	0
995	0	0
1005	0	0
1015	0	0
1025	0	0
1035	0	0
1045	0	0
1055	0	0
1065	0	0
1075	0	0
1085	0	0
1095	0	0
1105	0	0
1115	0	0
1125	0	0
1135	0	0
1145	0	0
1155	0	0
1165	0	0
1175	0	0
1185	0	0
1195	0	0
