FG time = 3312.19	BG time = 612.93
5	0	0
15	0	0
25	0	0
35	0	0
45	0.00332107	0
55	0.0262666	0
65	0.0697424	0
75	0.110501	0
85	0.149448	0
95	0.162732	0
105	0.185678	0
115	0.205604	0
125	0.230663	0
135	0.235796	0
145	0.245759	0
155	0.25542	0
165	0.258138	0
175	0.259043	0
185	0.28531	0
195	0.303123	0
205	0.296783	0
215	0.296481	0
225	0.300104	0
235	0.311878	0
245	0.301613	0
255	0.304029	0
265	0.317313	0
275	0.311576	0
285	0.307048	0
295	0.302217	0
305	0.297386	0
315	0.312784	0
325	0.281083	0
335	0.297085	0
345	0.303727	0
355	0.272026	0
365	0.28531	0
375	0.276856	0
385	0.264478	0
395	0.260855	0
405	0.265987	0
415	0.247269	0
425	0.239721	0
435	0.237003	0
445	0.242136	0
455	0.206208	0
465	0.225531	0
475	0.215266	0
485	0.211944	0
495	0.196547	0
505	0.166657	0
515	0.173299	0
525	0.153977	0
535	0.154279	0
545	0.144919	0
555	0.128012	0
565	0.128918	0
575	0.116539	0
585	0.113822	0
595	0.104765	0
605	0.0987263	0
615	0.0884612	0
625	0.0830267	0
635	0.0775922	0
645	0.0627984	0
655	0.057062	0
665	0.0492122	0
675	0.0455892	0
685	0.039249	0
695	0.0326068	0
705	0.0268705	0
715	0.0220398	0
725	0.0166053	0
735	0.0166053	0
745	0.0144919	0
755	0.0078498	0
765	0.0060383	0
775	0.00452873	0
785	0.00422681	0
795	0.00241532	0
805	0.00332107	0
815	0.00211341	0
825	0.000905746	0
835	0.00060383	0
845	0.000301915	0
855	0.00060383	0
865	0.000301915	0
875	0	0
885	0	0
895	0	0
905	0	0
915	0	0
925	0	0
935	0	0
945	0	0
955	0	0
965	0	0
975	0	0
985	0	0
995	0	0
1005	0	0
1015	0	0
1025	0	0
1035	0	0
1045	0	0
1055	0	0
1065	0	0
1075	0	0
1085	0	0
1095	0	0
1105	0	0
1115	0	0
1125	0	0
1135	0	0
1145	0	0
1155	0	0
1165	0	0
1175	0	0
1185	0	0
1195	0	0
