FG time = 3313.11	BG time = 733.913
5	0	0
15	0	0
25	0	0
35	0	0
45	0.000603662	0
55	0.0117714	0
65	0.0344087	0
75	0.048293	0
85	0.0760614	0
95	0.0950768	0
105	0.10383	0
115	0.111376	0
125	0.115903	0
135	0.124656	0
145	0.126769	0
155	0.131598	0
165	0.121336	0
175	0.141257	0
185	0.14337	0
195	0.152123	0
205	0.134013	0
215	0.16148	0
225	0.142766	0
235	0.145784	0
245	0.153028	0
255	0.155141	0
265	0.154839	0
275	0.167516	0
285	0.146086	0
295	0.161178	0
305	0.152123	0
315	0.144879	0
325	0.155443	0
335	0.151519	0
345	0.14669	0
355	0.145784	0
365	0.141559	0
375	0.135522	0
385	0.126165	0
395	0.1319	0
405	0.130693	0
415	0.133711	0
425	0.136126	0
435	0.126165	0
445	0.110772	0
455	0.10383	0
465	0.111074	0
475	0.10715	0
485	0.0999061	0
495	0.0938694	0
505	0.0899456	0
515	0.0851163	0
525	0.0938694	0
535	0.0890401	0
545	0.0727413	0
555	0.0691193	0
565	0.0603662	0
575	0.0594607	0
585	0.0600644	0
595	0.0467838	0
605	0.0461801	0
615	0.0449728	0
625	0.0413508	0
635	0.037427	0
645	0.0377289	0
655	0.0280703	0
665	0.0217318	0
675	0.0244483	0
685	0.0156952	0
695	0.0132806	0
705	0.0193172	0
715	0.0126769	0
725	0.0144879	0
735	0.0087531	0
745	0.00573479	0
755	0.00724394	0
765	0.00543296	0
775	0.00452747	0
785	0.0039238	0
795	0.00271648	0
805	0.00181099	0
815	0.00211282	0
825	0.000603662	0
835	0.000603662	0
845	0	0
855	0.000301831	0
865	0	0
875	0	0
885	0	0
895	0	0
905	0	0
915	0	0
925	0	0
935	0	0
945	0	0
955	0	0
965	0	0
975	0	0
985	0	0
995	0	0
1005	0	0
1015	0	0
1025	0	0
1035	0	0
1045	0	0
1055	0	0
1065	0	0
1075	0	0
1085	0	0
1095	0	0
1105	0	0
1115	0	0
1125	0	0
1135	0	0
1145	0	0
1155	0	0
1165	0	0
1175	0	0
1185	0	0
1195	0	0
