FG time = 3605.54	BG time = 544.572
5	0	0
15	0	0
25	0	0
35	0	0
45	0.00277351	0
55	0.0210787	0
65	0.0468723	0
75	0.0807091	0
85	0.101788	0
95	0.126472	0
105	0.140062	0
115	0.163914	0
125	0.169184	0
135	0.179169	0
145	0.198583	0
155	0.206072	0
165	0.211896	0
175	0.237135	0
185	0.232975	0
195	0.237967	0
205	0.247674	0
215	0.247119	0
225	0.260155	0
235	0.264593	0
245	0.273745	0
255	0.270694	0
265	0.267089	0
275	0.25544	0
285	0.261542	0
295	0.26071	0
305	0.277073	0
315	0.275132	0
325	0.257104	0
335	0.264315	0
345	0.263483	0
355	0.252944	0
365	0.252944	0
375	0.251002	0
385	0.255717	0
395	0.224654	0
405	0.233252	0
415	0.22299	0
425	0.20829	0
435	0.221326	0
445	0.209954	0
455	0.191927	0
465	0.185548	0
475	0.177504	0
485	0.180001	0
495	0.169739	0
505	0.160863	0
515	0.15282	0
525	0.150047	0
535	0.141172	0
545	0.134792	0
555	0.12037	0
565	0.108999	0
575	0.107889	0
585	0.10151	0
595	0.0926351	0
605	0.0857014	0
615	0.0740526	0
625	0.0807091	0
635	0.0621266	0
645	0.0596304	0
655	0.0560248	0
665	0.0435441	0
675	0.0382744	0
685	0.0341141	0
695	0.0302312	0
705	0.0293992	0
715	0.020524	0
725	0.0169184	0
735	0.0127581	0
745	0.00721112	0
755	0.00998463	0
765	0.00748847	0
775	0.00360556	0
785	0.00305086	0
795	0.00221881	0
805	0.0011094	0
815	0.000277351	0
825	0.0011094	0
835	0.000554701	0
845	0.000832052	0
855	0.000554701	0
865	0	0
875	0	0
885	0	0
895	0	0
905	0	0
915	0	0
925	0	0
935	0	0
945	0	0
955	0	0
965	0	0
975	0	0
985	0	0
995	0	0
1005	0	0
1015	0	0
1025	0	0
1035	0	0
1045	0	0
1055	0	0
1065	0	0
1075	0	0
1085	0	0
1095	0	0
1105	0	0
1115	0	0
1125	0	0
1135	0	0
1145	0	0
1155	0	0
1165	0	0
1175	0	0
1185	0	0
1195	0	0
