FG time = 1394.52	BG time = 304.952
5	0	0
15	0	0
25	0	0
35	0	0
45	0	0
55	0.0143419	0
65	0.0509136	0
75	0.0968076	0
85	0.121189	0
95	0.157043	0
105	0.17282	0
115	0.175688	0
125	0.178556	0
135	0.191464	0
145	0.215845	0
155	0.209391	0
165	0.20222	0
175	0.228753	0
185	0.236641	0
195	0.201503	0
205	0.219431	0
215	0.248831	0
225	0.232338	0
235	0.235924	0
245	0.249549	0
255	0.225884	0
265	0.238075	0
275	0.210108	0
285	0.237358	0
295	0.217279	0
305	0.214411	0
315	0.206523	0
325	0.223733	0
335	0.207957	0
345	0.217996	0
355	0.188596	0
365	0.205089	0
375	0.205089	0
385	0.192181	0
395	0.20724	0
405	0.205806	0
415	0.180708	0
425	0.17282	0
435	0.182142	0
445	0.165649	0
455	0.17282	0
465	0.151307	0
475	0.138399	0
485	0.135531	0
495	0.124774	0
505	0.121189	0
515	0.124774	0
525	0.0817487	0
535	0.109715	0
545	0.10613	0
555	0.0982418	0
565	0.0882025	0
575	0.0874854	0
585	0.0946564	0
595	0.0645384	0
605	0.0602359	0
615	0.0702752	0
625	0.0516307	0
635	0.053782	0
645	0.0451769	0
655	0.0329863	0
665	0.0372889	0
675	0.0250983	0
685	0.0236641	0
695	0.0258154	0
705	0.0143419	0
715	0.0121906	0
725	0.0136248	0
735	0.0121906	0
745	0.0114735	0
755	0.00430256	0
765	0.00286837	0
775	0.00358547	0
785	0.00143419	0
795	0	0
805	0.00143419	0
815	0.000717094	0
825	0.00215128	0
835	0	0
845	0	0
855	0	0
865	0	0
875	0	0
885	0	0
895	0	0
905	0	0
915	0	0
925	0	0
935	0	0
945	0	0
955	0	0
965	0	0
975	0	0
985	0	0
995	0	0
1005	0	0
1015	0	0
1025	0	0
1035	0	0
1045	0	0
1055	0	0
1065	0	0
1075	0	0
1085	0	0
1095	0	0
1105	0	0
1115	0	0
1125	0	0
1135	0	0
1145	0	0
1155	0	0
1165	0	0
1175	0	0
1185	0	0
1195	0	0
