FG time = 3619.9	BG time = 734.178
5	0	0
15	0	0
25	0	0
35	0	0
45	0.001105	0
55	0.00690627	0
65	0.0337026	0
75	0.0621564	0
85	0.081494	0
95	0.091439	0
105	0.0930965	0
115	0.111882	0
125	0.120722	0
135	0.11713	0
145	0.127904	0
155	0.142545	0
165	0.135915	0
175	0.142545	0
185	0.136192	0
195	0.143098	0
205	0.147794	0
215	0.143098	0
225	0.147242	0
235	0.141993	0
245	0.147518	0
255	0.146965	0
265	0.14586	0
275	0.143374	0
285	0.149728	0
295	0.147518	0
305	0.14586	0
315	0.137297	0
325	0.144755	0
335	0.129285	0
345	0.138125	0
355	0.136744	0
365	0.125142	0
375	0.117683	0
385	0.121274	0
395	0.11492	0
405	0.115197	0
415	0.10829	0
425	0.12376	0
435	0.0933728	0
445	0.108014	0
455	0.0966878	0
465	0.0972403	0
475	0.0886765	0
485	0.087019	0
495	0.088124	0
505	0.088124	0
515	0.0765215	0
525	0.0704439	0
535	0.0740352	0
545	0.0627089	0
555	0.0524876	0
565	0.0580127	0
575	0.0527639	0
585	0.0497251	0
595	0.0400564	0
605	0.0392276	0
615	0.0419901	0
625	0.0325976	0
635	0.0328738	0
645	0.0290063	0
655	0.0301113	0
665	0.0196138	0
675	0.0149175	0
685	0.0182326	0
695	0.0127075	0
705	0.0102213	0
715	0.00911628	0
725	0.00911628	0
735	0.00497251	0
745	0.00745877	0
755	0.00303876	0
765	0.00221001	0
775	0.00303876	0
785	0.000552502	0
795	0.000828752	0
805	0.001105	0
815	0.000552502	0
825	0.000828752	0
835	0	0
845	0.000276251	0
855	0.000276251	0
865	0.000552502	0
875	0	0
885	0.000276251	0
895	0	0
905	0	0
915	0	0
925	0	0
935	0	0
945	0	0
955	0	0
965	0	0
975	0	0
985	0	0
995	0	0
1005	0	0
1015	0	0
1025	0	0
1035	0	0
1045	0	0
1055	0	0
1065	0	0
1075	0	0
1085	0	0
1095	0	0
1105	0	0
1115	0	0
1125	0	0
1135	0	0
1145	0	0
1155	0	0
1165	0	0
1175	0	0
1185	0	0
1195	0	0
