FG time = 3209.01	BG time = 600.313
5	0	0
15	0	0
25	0	0
35	0	0
45	0.00186974	0
55	0.0211904	0
65	0.0576503	0
75	0.116859	0
85	0.138672	0
95	0.181365	0
105	0.18043	0
115	0.194764	0
125	0.207853	0
135	0.222499	0
145	0.223122	0
155	0.208787	0
165	0.226862	0
175	0.233094	0
185	0.258024	0
195	0.252726	0
205	0.259582	0
215	0.257712	0
225	0.259582	0
235	0.252726	0
245	0.245871	0
255	0.246805	0
265	0.26301	0
275	0.251168	0
285	0.256154	0
295	0.253661	0
305	0.243378	0
315	0.257089	0
325	0.229666	0
335	0.232159	0
345	0.246805	0
355	0.236834	0
365	0.229666	0
375	0.214397	0
385	0.222499	0
395	0.192583	0
405	0.21315	0
415	0.189467	0
425	0.208164	0
435	0.20162	0
445	0.19009	0
455	0.176067	0
465	0.166718	0
475	0.152072	0
485	0.168588	0
495	0.151137	0
505	0.144905	0
515	0.138049	0
525	0.119352	0
535	0.118417	0
545	0.115612	0
555	0.0944218	0
565	0.0978496	0
575	0.0959799	0
585	0.0888126	0
595	0.088501	0
605	0.0782174	0
615	0.0679338	0
625	0.0626362	0
635	0.0498597	0
645	0.0486132	0
655	0.0361483	0
665	0.0345902	0
675	0.0336553	0
685	0.0277345	0
695	0.0255531	0
705	0.0162044	0
715	0.0124649	0
725	0.014023	0
735	0.0121533	0
745	0.00592084	0
755	0.00654408	0
765	0.00654408	0
775	0.00436272	0
785	0.00249298	0
795	0.00155812	0
805	0.00155812	0
815	0.00124649	0
825	0.000934869	0
835	0	0
845	0.000311623	0
855	0.000311623	0
865	0	0
875	0	0
885	0	0
895	0	0
905	0	0
915	0	0
925	0	0
935	0	0
945	0	0
955	0	0
965	0	0
975	0	0
985	0	0
995	0	0
1005	0	0
1015	0	0
1025	0	0
1035	0	0
1045	0	0
1055	0	0
1065	0	0
1075	0	0
1085	0	0
1095	0	0
1105	0	0
1115	0	0
1125	0	0
1135	0	0
1145	0	0
1155	0	0
1165	0	0
1175	0	0
1185	0	0
1195	0	0
