FG time = 1933.42	BG time = 493.682
5	0	0
15	0	0
25	0	0
35	0	0
45	0.00362053	0
55	0.0310331	0
65	0.0662039	0
75	0.0941337	0
85	0.102409	0
95	0.116891	0
105	0.145856	0
115	0.16913	0
125	0.178958	0
135	0.17844	0
145	0.175337	0
155	0.186716	0
165	0.207922	0
175	0.20637	0
185	0.205853	0
195	0.200681	0
205	0.217749	0
215	0.210508	0
225	0.204301	0
235	0.223438	0
245	0.217749	0
255	0.208956	0
265	0.232748	0
275	0.244127	0
285	0.223956	0
295	0.22499	0
305	0.214646	0
315	0.213611	0
325	0.226542	0
335	0.224473	0
345	0.203267	0
355	0.225507	0
365	0.196543	0
375	0.200681	0
385	0.198612	0
395	0.173268	0
405	0.172234	0
415	0.163958	0
425	0.192405	0
435	0.173268	0
445	0.167579	0
455	0.173268	0
465	0.158786	0
475	0.150511	0
485	0.157752	0
495	0.133442	0
505	0.130339	0
515	0.126201	0
525	0.11534	0
535	0.102926	0
545	0.0993059	0
555	0.104478	0
565	0.085341	0
575	0.107064	0
585	0.0786172	0
595	0.0884443	0
605	0.073445	0
615	0.0625834	0
625	0.0553424	0
635	0.0532735	0
645	0.0470669	0
655	0.0398258	0
665	0.0429291	0
675	0.0367225	0
685	0.0274126	0
695	0.0268954	0
705	0.0186199	0
715	0.0227576	0
725	0.0124132	0
735	0.0139649	0
745	0.0108616	0
755	0.00258609	0
765	0.00930993	0
775	0.00413775	0
785	0.00258609	0
795	0.00465496	0
805	0.000517218	0
815	0.00155165	0
825	0.00155165	0
835	0.000517218	0
845	0	0
855	0	0
865	0.000517218	0
875	0	0
885	0.000517218	0
895	0	0
905	0	0
915	0	0
925	0	0
935	0	0
945	0	0
955	0	0
965	0	0
975	0	0
985	0	0
995	0	0
1005	0	0
1015	0	0
1025	0	0
1035	0	0
1045	0	0
1055	0	0
1065	0	0
1075	0	0
1085	0	0
1095	0	0
1105	0	0
1115	0	0
1125	0	0
1135	0	0
1145	0	0
1155	0	0
1165	0	0
1175	0	0
1185	0	0
1195	0	0
