FG time = 3613.63	BG time = 486.19
5	0.00027673	0
15	0	0
25	0.00055346	0
35	0.00221384	0
45	0.00581133	0
55	0.024629	0
65	0.0855096	0
75	0.123422	0
85	0.139472	0
95	0.172403	0
105	0.167975	0
115	0.1879	0
125	0.188453	0
135	0.20312	0
145	0.202566	0
155	0.1879	0
165	0.210315	0
175	0.223321	0
185	0.227749	0
195	0.21751	0
205	0.215019	0
215	0.223875	0
225	0.219447	0
235	0.229963	0
245	0.234114	0
255	0.238818	0
265	0.23356	0
275	0.243523	0
285	0.231623	0
295	0.233837	0
305	0.230239	0
315	0.223598	0
325	0.220277	0
335	0.21668	0
345	0.220831	0
355	0.206717	0
365	0.206164	0
375	0.198969	0
385	0.204227	0
395	0.185963	0
405	0.180705	0
415	0.181812	0
425	0.179875	0
435	0.164931	0
445	0.160503	0
455	0.161887	0
465	0.142793	0
475	0.142516	0
485	0.137812	0
495	0.13117	0
505	0.132	0
515	0.11595	0
525	0.119271	0
535	0.111522	0
545	0.0985159	0
555	0.0935348	0
565	0.0904908	0
575	0.0777612	0
585	0.0700127	0
595	0.0780379	0
605	0.0608806	0
615	0.0702895	0
625	0.0520253	0
635	0.0525787	0
645	0.0417862	0
655	0.0390189	0
665	0.0285032	0
675	0.0293334	0
685	0.0226919	0
695	0.0265661	0
705	0.0160503	0
715	0.0152202	0
725	0.0154969	0
735	0.0127296	0
745	0.00968555	0
755	0.00664152	0
765	0.00470441	0
775	0.00304403	0
785	0.00359749	0
795	0.00304403	0
805	0.00249057	0
815	0.00083019	0
825	0.00055346	0
835	0	0
845	0	0
855	0	0
865	0	0
875	0	0
885	0	0
895	0	0
905	0	0
915	0	0
925	0	0
935	0	0
945	0	0
955	0	0
965	0	0
975	0	0
985	0	0
995	0	0
1005	0	0
1015	0	0
1025	0	0
1035	0	0
1045	0	0
1055	0	0
1065	0	0
1075	0	0
1085	0	0
1095	0	0
1105	0	0
1115	0	0
1125	0	0
1135	0	0
1145	0	0
1155	0	0
1165	0	0
1175	0	0
1185	0	0
1195	0	0
