FG time = 3604.68	BG time = 485.053
5	0	0
15	0	0
25	0	0
35	0	0
45	0	0
55	0	0
65	0	0
75	0	0
85	0	0
95	0	0
105	0	0
115	0	0
125	0	0
135	0.000277417	0
145	0.00277417	0
155	0.00388384	0
165	0.00388384	0
175	0.00554835	0
185	0.00443868	0
195	0.00610318	0
205	0.00943219	0
215	0.00776769	0
225	0.00776769	0
235	0.0108193	0
245	0.00887736	0
255	0.00998703	0
265	0.00915478	0
275	0.00804511	0
285	0.0127612	0
295	0.0113741	0
305	0.0141483	0
315	0.0102644	0
325	0.013316	0
335	0.0113741	0
345	0.011929	0
355	0.0135935	0
365	0.0138709	0
375	0.00970961	0
385	0.011929	0
395	0.011929	0
405	0.00749027	0
415	0.00943219	0
425	0.0122064	0
435	0.0130386	0
445	0.00943219	0
455	0.00998703	0
465	0.00721285	0
475	0.00665802	0
485	0.00527093	0
495	0.00776769	0
505	0.00721285	0
515	0.00804511	0
525	0.00582577	0
535	0.00610318	0
545	0.00443868	0
555	0.0047161	0
565	0.00665802	0
575	0.00582577	0
585	0.00554835	0
595	0.00360643	0
605	0.0016645	0
615	0.00332901	0
625	0.00221934	0
635	0.00249676	0
645	0.00305159	0
655	0.00138709	0
665	0.0016645	0
675	0.00194192	0
685	0.00138709	0
695	0.0016645	0
705	0.0016645	0
715	0.00110967	0
725	0.000832252	0
735	0.00110967	0
745	0.000554835	0
755	0.000554835	0
765	0	0
775	0.000277417	0
785	0.000554835	0
795	0	0
805	0	0
815	0	0
825	0	0
835	0	0
845	0	0
855	0	0
865	0	0
875	0	0
885	0	0
895	0	0
905	0	0
915	0	0
925	0	0
935	0	0
945	0	0
955	0	0
965	0	0
975	0	0
985	0	0
995	0	0
1005	0	0
1015	0	0
1025	0	0
1035	0	0
1045	0	0
1055	0	0
1065	0	0
1075	0	0
1085	0	0
1095	0	0
1105	0	0
1115	0	0
1125	0	0
1135	0	0
1145	0	0
1155	0	0
1165	0	0
1175	0	0
1185	0	0
1195	0	0
