FG time = 2478.27	BG time = 494.361
5	0	0
15	0	0
25	0	0
35	0	0
45	0.00201754	0
55	0.0112982	0
65	0.0391402	0
75	0.0500349	0
85	0.0653682	0
95	0.0710173	0
105	0.0940173	0
115	0.0988594	0
125	0.111772	0
135	0.0956313	0
145	0.105315	0
155	0.110561	0
165	0.121859	0
175	0.13114	0
185	0.149701	0
195	0.122666	0
205	0.143649	0
215	0.131947	0
225	0.144052	0
235	0.137596	0
245	0.138807	0
255	0.144052	0
265	0.141228	0
275	0.140824	0
285	0.135175	0
295	0.154543	0
305	0.13114	0
315	0.133965	0
325	0.142438	0
335	0.142035	0
345	0.124684	0
355	0.135579	0
365	0.12428	0
375	0.127508	0
385	0.113789	0
395	0.112579	0
405	0.107333	0
415	0.105315	0
425	0.0984558	0
435	0.105315	0
445	0.0976488	0
455	0.0968418	0
465	0.0936138	0
475	0.0944208	0
485	0.0863506	0
495	0.0851401	0
505	0.0758594	0
515	0.0750524	0
525	0.0742454	0
535	0.0609296	0
545	0.0633507	0
555	0.0589121	0
565	0.0512455	0
575	0.0597191	0
585	0.0488244	0
595	0.0395437	0
605	0.0447893	0
615	0.0347017	0
625	0.0419648	0
635	0.0250175	0
645	0.0298596	0
655	0.0229999	0
665	0.0185613	0
675	0.0185613	0
685	0.0205789	0
695	0.00968418	0
705	0.0108947	0
715	0.0100877	0
725	0.00766664	0
735	0.00322806	0
745	0.00564911	0
755	0.00201754	0
765	0.00201754	0
775	0.00242105	0
785	0.00121052	0
795	0.00201754	0
805	0.00121052	0
815	0.000807015	0
825	0.000403508	0
835	0	0
845	0	0
855	0.000403508	0
865	0	0
875	0	0
885	0	0
895	0	0
905	0	0
915	0	0
925	0	0
935	0	0
945	0	0
955	0	0
965	0	0
975	0	0
985	0	0
995	0	0
1005	0	0
1015	0	0
1025	0	0
1035	0	0
1045	0	0
1055	0	0
1065	0	0
1075	0	0
1085	0	0
1095	0	0
1105	0	0
1115	0	0
1125	0	0
1135	0	0
1145	0	0
1155	0	0
1165	0	0
1175	0	0
1185	0	0
1195	0	0
