FG time = 2425.21	BG time = 424.634
5	0	0
15	0	0
25	0	0
35	0	0
45	0	0
55	0.00494802	0
65	0.0301005	0
75	0.075045	0
85	0.155863	0
95	0.188849	0
105	0.209466	0
115	0.226784	0
125	0.220599	0
135	0.251524	0
145	0.252349	0
155	0.237505	0
165	0.282037	0
175	0.277089	0
185	0.279976	0
195	0.281625	0
205	0.291521	0
215	0.293583	0
225	0.297294	0
235	0.288635	0
245	0.29482	0
255	0.285336	0
265	0.282037	0
275	0.279976	0
285	0.285748	0
295	0.287398	0
305	0.280388	0
315	0.277502	0
325	0.263894	0
335	0.270904	0
345	0.273791	0
355	0.27544	0
365	0.254823	0
375	0.25606	0
385	0.259359	0
395	0.257297	0
405	0.23668	0
415	0.218125	0
425	0.223073	0
435	0.20122	0
445	0.206992	0
455	0.190911	0
465	0.189674	0
475	0.18184	0
485	0.177304	0
495	0.149265	0
505	0.173181	0
515	0.159986	0
525	0.138545	0
535	0.134421	0
545	0.127412	0
555	0.113392	0
565	0.113804	0
575	0.105558	0
585	0.101022	0
595	0.0828794	0
605	0.0783437	0
615	0.0845287	0
625	0.0680353	0
635	0.0577269	0
645	0.0622626	0
655	0.0470062	0
665	0.0420582	0
675	0.0395842	0
685	0.0346361	0
695	0.0280388	0
705	0.0247401	0
715	0.0226784	0
725	0.0123701	0
735	0.0160811	0
745	0.0119577	0
755	0.0107207	0
765	0.00618503	0
775	0.00494802	0
785	0.00536036	0
795	0.00247401	0
805	0.00288635	0
815	0.00164934	0
825	0	0
835	0	0
845	0.00082467	0
855	0.000412335	0
865	0	0
875	0	0
885	0	0
895	0	0
905	0	0
915	0	0
925	0	0
935	0	0
945	0	0
955	0	0
965	0	0
975	0	0
985	0	0
995	0	0
1005	0	0
1015	0	0
1025	0	0
1035	0	0
1045	0	0
1055	0	0
1065	0	0
1075	0	0
1085	0	0
1095	0	0
1105	0	0
1115	0	0
1125	0	0
1135	0	0
1145	0	0
1155	0	0
1165	0	0
1175	0	0
1185	0	0
1195	0	0
