FG time = 3611.34	BG time = 546.145
5	0	0
15	0	0
25	0	0
35	0	0
45	0	0
55	0	0
65	0	0
75	0	0
85	0	0
95	0	0
105	0.000276905	0
115	0	0
125	0	0
135	0.00055381	0
145	0.000276905	0
155	0.000830716	0
165	0.00110762	0
175	0.00055381	0
185	0.00193834	0
195	0.00249215	0
205	0.00138453	0
215	0.00249215	0
225	0.00332286	0
235	0.00304596	0
245	0.00249215	0
255	0.00415358	0
265	0.00470739	0
275	0.0052612	0
285	0.00581501	0
295	0.00636882	0
305	0.00636882	0
315	0.00664572	0
325	0.0055381	0
335	0.00886097	0
345	0.00747644	0
355	0.00775335	0
365	0.00664572	0
375	0.0052612	0
385	0.00581501	0
395	0.00498429	0
405	0.0107993	0
415	0.00609191	0
425	0.00941478	0
435	0.00636882	0
445	0.00581501	0
455	0.00886097	0
465	0.00747644	0
475	0.00913787	0
485	0.00996859	0
495	0.0055381	0
505	0.00581501	0
515	0.00636882	0
525	0.0055381	0
535	0.00387667	0
545	0.00359977	0
555	0.00470739	0
565	0.00803025	0
575	0.00470739	0
585	0.00415358	0
595	0.0052612	0
605	0.00359977	0
615	0.00332286	0
625	0.00221524	0
635	0.00276905	0
645	0.00249215	0
655	0.00166143	0
665	0.00138453	0
675	0.00221524	0
685	0.00221524	0
695	0.00138453	0
705	0.00138453	0
715	0.00166143	0
725	0.00138453	0
735	0.00166143	0
745	0.00166143	0
755	0	0
765	0.00055381	0
775	0.000830716	0
785	0.000276905	0
795	0.000276905	0
805	0.000276905	0
815	0	0
825	0	0
835	0	0
845	0	0
855	0	0
865	0	0
875	0	0
885	0	0
895	0	0
905	0	0
915	0	0
925	0	0
935	0	0
945	0	0
955	0	0
965	0	0
975	0	0
985	0	0
995	0	0
1005	0	0
1015	0	0
1025	0	0
1035	0	0
1045	0	0
1055	0	0
1065	0	0
1075	0	0
1085	0	0
1095	0	0
1105	0	0
1115	0	0
1125	0	0
1135	0	0
1145	0	0
1155	0	0
1165	0	0
1175	0	0
1185	0	0
1195	0	0
