FG time = 3013.2	BG time = 614.158
5	0	0
15	0	0
25	0	0
35	0	0
45	0	0
55	0.00962433	0
65	0.0424798	0
75	0.0773265	0
85	0.0985664	0
95	0.116488	0
105	0.119143	0
115	0.135072	0
125	0.135736	0
135	0.157972	0
145	0.15233	0
155	0.163614	0
165	0.172574	0
175	0.180207	0
185	0.170583	0
195	0.177552	0
205	0.192818	0
215	0.189168	0
225	0.202111	0
235	0.192487	0
245	0.190495	0
255	0.190163	0
265	0.179543	0
275	0.192818	0
285	0.190163	0
295	0.205761	0
305	0.18419	0
315	0.165605	0
325	0.181535	0
335	0.182198	0
345	0.167596	0
355	0.154985	0
365	0.159299	0
375	0.174565	0
385	0.167264	0
395	0.160627	0
405	0.159631	0
415	0.151998	0
425	0.167596	0
435	0.146024	0
445	0.1364	0
455	0.129099	0
465	0.126444	0
475	0.131422	0
485	0.113833	0
495	0.117483	0
505	0.108523	0
515	0.102549	0
525	0.0955795	0
535	0.0955795	0
545	0.0882783	0
555	0.078654	0
565	0.0710209	0
575	0.0703571	0
585	0.0610647	0
595	0.0600691	0
605	0.0643834	0
615	0.0454666	0
625	0.0441392	0
635	0.0438073	0
645	0.0421479	0
655	0.0421479	0
665	0.0298686	0
675	0.0258861	0
685	0.0282092	0
695	0.0192487	0
705	0.0152662	0
715	0.0159299	0
725	0.0132749	0
735	0.0129431	0
745	0.00829683	0
755	0.00663747	0
765	0.00763309	0
775	0.00331873	0
785	0.0049781	0
795	0.00132749	0
805	0.00265499	0
815	0.000663747	0
825	0.000663747	0
835	0.00132749	0
845	0.000331873	0
855	0	0
865	0.00099562	0
875	0	0
885	0.000331873	0
895	0.000331873	0
905	0	0
915	0	0
925	0	0
935	0	0
945	0	0
955	0	0
965	0	0
975	0	0
985	0	0
995	0	0
1005	0	0
1015	0	0
1025	0	0
1035	0	0
1045	0	0
1055	0	0
1065	0	0
1075	0	0
1085	0	0
1095	0	0
1105	0	0
1115	0	0
1125	0	0
1135	0	0
1145	0	0
1155	0	0
1165	0	0
1175	0	0
1185	0	0
1195	0	0
