FG time = 3604.21	BG time = 545.832
5	0	0
15	0	0
25	0	0
35	0	0
45	0	0
55	0.00138727	0
65	0.0169246	0
75	0.0357914	0
85	0.0577102	0
95	0.0749123	0
105	0.100993	0
115	0.107929	0
125	0.12097	0
135	0.120692	0
145	0.132345	0
155	0.14594	0
165	0.137617	0
175	0.156484	0
185	0.168137	0
195	0.16453	0
205	0.168414	0
215	0.163697	0
225	0.185061	0
235	0.168137	0
245	0.184506	0
255	0.1895	0
265	0.197824	0
275	0.188668	0
285	0.189223	0
295	0.175073	0
305	0.177847	0
315	0.172576	0
325	0.180899	0
335	0.187003	0
345	0.184506	0
355	0.170634	0
365	0.163142	0
375	0.177847	0
385	0.163975	0
395	0.166194	0
405	0.160923	0
415	0.151212	0
425	0.14594	0
435	0.133732	0
445	0.139004	0
455	0.129848	0
465	0.124854	0
475	0.124022	0
485	0.131235	0
495	0.114588	0
505	0.121247	0
515	0.102935	0
525	0.102658	0
535	0.101825	0
545	0.0929468	0
555	0.0910046	0
565	0.0729701	0
575	0.0801839	0
585	0.0707505	0
595	0.0732476	0
605	0.0615946	0
615	0.0568779	0
625	0.0577102	0
635	0.0496641	0
645	0.0396758	0
655	0.0357914	0
665	0.0332944	0
675	0.0291326	0
685	0.0233061	0
695	0.0210864	0
705	0.0185894	0
715	0.0183119	0
725	0.0152599	0
735	0.0122079	0
745	0.00582651	0
755	0.00721378	0
765	0.00388434	0
775	0.00388434	0
785	0.00221962	0
795	0.00221962	0
805	0.00138727	0
815	0.000554906	0
825	0.000832359	0
835	0.000832359	0
845	0.000277453	0
855	0.00138727	0
865	0.000277453	0
875	0.000277453	0
885	0	0
895	0	0
905	0	0
915	0	0
925	0	0
935	0	0
945	0	0
955	0	0
965	0	0
975	0	0
985	0	0
995	0	0
1005	0	0
1015	0	0
1025	0	0
1035	0	0
1045	0	0
1055	0	0
1065	0	0
1075	0	0
1085	0	0
1095	0	0
1105	0	0
1115	0	0
1125	0	0
1135	0	0
1145	0	0
1155	0	0
1165	0	0
1175	0	0
1185	0	0
1195	0	0
