FG time = 3613.71	BG time = 486.517
5	0	0
15	0	0
25	0	0
35	0.000830172	0
45	0.00470431	0
55	0.0179871	0
65	0.0315465	0
75	0.0473198	0
85	0.0630931	0
95	0.077206	0
105	0.0918724	0
115	0.105709	0
125	0.108753	0
135	0.114564	0
145	0.125356	0
155	0.137255	0
165	0.140852	0
175	0.141406	0
185	0.14528	0
195	0.145003	0
205	0.139746	0
215	0.152198	0
225	0.166311	0
235	0.159116	0
245	0.161053	0
255	0.164651	0
265	0.175443	0
275	0.17489	0
285	0.172122	0
295	0.153028	0
305	0.17738	0
315	0.177657	0
325	0.158286	0
335	0.168248	0
345	0.164927	0
355	0.151645	0
365	0.158286	0
375	0.151091	0
385	0.148877	0
395	0.153859	0
405	0.144173	0
415	0.147217	0
425	0.141406	0
435	0.135041	0
445	0.122589	0
455	0.122589	0
465	0.118438	0
475	0.112073	0
485	0.115394	0
495	0.109859	0
505	0.0976836	0
515	0.104602	0
525	0.0993439	0
535	0.085231	0
545	0.0877215	0
555	0.0749922	0
565	0.0708413	0
575	0.0658603	0
585	0.0630931	0
595	0.0528543	0
605	0.0520241	0
615	0.0539612	0
625	0.0428922	0
635	0.0428922	0
645	0.0354207	0
655	0.0351439	0
665	0.0273957	0
675	0.0326534	0
685	0.0215845	0
695	0.0218612	0
705	0.0152198	0
715	0.0166034	0
725	0.00857844	0
735	0.00940861	0
745	0.00636465	0
755	0.00525776	0
765	0.00608793	0
775	0.00415086	0
785	0.00221379	0
795	0.00166034	0
805	0.00166034	0
815	0.000276724	0
825	0.000553448	0
835	0.000830172	0
845	0	0
855	0	0
865	0.000276724	0
875	0	0
885	0	0
895	0	0
905	0	0
915	0	0
925	0	0
935	0	0
945	0	0
955	0	0
965	0	0
975	0	0
985	0	0
995	0	0
1005	0	0
1015	0	0
1025	0	0
1035	0	0
1045	0	0
1055	0	0
1065	0	0
1075	0	0
1085	0	0
1095	0	0
1105	0	0
1115	0	0
1125	0	0
1135	0	0
1145	0	0
1155	0	0
1165	0	0
1175	0	0
1185	0	0
1195	0	0
