FG time = 3604.46	BG time = 485.057
5	0	0
15	0	0
25	0	0
35	0	0
45	0.00110974	0
55	0.00943276	0
65	0.0430023	0
75	0.101541	0
85	0.14593	0
95	0.165628	0
105	0.173951	0
115	0.185049	0
125	0.19143	0
135	0.20003	0
145	0.218063	0
155	0.216121	0
165	0.217786	0
175	0.238316	0
185	0.225276	0
195	0.252465	0
205	0.239148	0
215	0.251078	0
225	0.247749	0
235	0.246084	0
245	0.253297	0
255	0.242755	0
265	0.237484	0
275	0.261065	0
285	0.251355	0
295	0.234709	0
305	0.268279	0
315	0.238593	0
325	0.234709	0
335	0.226386	0
345	0.225276	0
355	0.225831	0
365	0.217231	0
375	0.224444	0
385	0.222502	0
395	0.214734	0
405	0.201695	0
415	0.194204	0
425	0.193926	0
435	0.175616	0
445	0.181164	0
455	0.173119	0
465	0.172564	0
475	0.162854	0
485	0.148982	0
495	0.147595	0
505	0.138994	0
515	0.135943	0
525	0.1254	0
535	0.109864	0
545	0.107922	0
555	0.109586	0
565	0.0940502	0
575	0.0846174	0
585	0.086282	0
595	0.0740749	0
605	0.077959	0
615	0.0665842	0
625	0.0535448	0
635	0.0513253	0
645	0.0493833	0
655	0.0332921	0
665	0.0463315	0
675	0.0332921	0
685	0.0255239	0
695	0.0196978	0
705	0.0185881	0
715	0.0144266	0
725	0.0138717	0
735	0.0102651	0
745	0.00943276	0
755	0.00582612	0
765	0.00693585	0
775	0.00332921	0
785	0.00499381	0
795	0.0016646	0
805	0.000554868	0
815	0.000832302	0
825	0.00110974	0
835	0.000832302	0
845	0	0
855	0	0
865	0.000277434	0
875	0	0
885	0	0
895	0	0
905	0	0
915	0	0
925	0	0
935	0	0
945	0	0
955	0	0
965	0	0
975	0	0
985	0	0
995	0	0
1005	0	0
1015	0	0
1025	0	0
1035	0	0
1045	0	0
1055	0	0
1065	0	0
1075	0	0
1085	0	0
1095	0	0
1105	0	0
1115	0	0
1125	0	0
1135	0	0
1145	0	0
1155	0	0
1165	0	0
1175	0	0
1185	0	0
1195	0	0
