FG time = 3605.81	BG time = 484.91
5	0.000554661	0
15	0	0
25	0.000554661	0
35	0.00415995	0
45	0.0244051	0
55	0.0668366	0
65	0.166121	0
75	0.241555	0
85	0.288146	0
95	0.299239	0
105	0.312274	0
115	0.332796	0
125	0.352764	0
135	0.36358	0
145	0.380497	0
155	0.383548	0
165	0.42903	0
175	0.41239	0
185	0.437905	0
195	0.444006	0
205	0.424593	0
215	0.443174	0
225	0.44872	0
235	0.437073	0
245	0.448443	0
255	0.453712	0
265	0.43735	0
275	0.447056	0
285	0.434022	0
295	0.452326	0
305	0.421265	0
315	0.425702	0
325	0.427643	0
335	0.407121	0
345	0.421542	0
355	0.397692	0
365	0.399078	0
375	0.386321	0
385	0.397414	0
395	0.371345	0
405	0.369681	0
415	0.357479	0
425	0.351378	0
435	0.320317	0
445	0.321149	0
455	0.313383	0
465	0.307282	0
475	0.28676	0
485	0.276776	0
495	0.269288	0
505	0.250429	0
515	0.241277	0
525	0.209939	0
535	0.207443	0
545	0.203283	0
555	0.183315	0
565	0.177214	0
575	0.160852	0
585	0.147817	0
595	0.140606	0
605	0.130623	0
615	0.113705	0
625	0.108991	0
635	0.100116	0
645	0.0845857	0
655	0.0768205	0
665	0.0715512	0
675	0.0610127	0
685	0.0510288	0
695	0.0493648	0
705	0.0379943	0
715	0.027733	0
725	0.0230184	0
735	0.0183038	0
745	0.0144212	0
755	0.0166398	0
765	0.00748792	0
775	0.00665593	0
785	0.00526928	0
795	0.00360529	0
805	0.00332796	0
815	0.00110932	0
825	0.00166398	0
835	0.00110932	0
845	0.000554661	0
855	0.00027733	0
865	0.00027733	0
875	0	0
885	0	0
895	0.00027733	0
905	0	0
915	0	0
925	0	0
935	0	0
945	0	0
955	0	0
965	0	0
975	0	0
985	0	0
995	0	0
1005	0	0
1015	0	0
1025	0	0
1035	0	0
1045	0	0
1055	0	0
1065	0	0
1075	0	0
1085	0	0
1095	0	0
1105	0	0
1115	0	0
1125	0	0
1135	0	0
1145	0	0
1155	0	0
1165	0	0
1175	0	0
1185	0	0
1195	0	0
