FG time = 3252.49	BG time = 485.692
5	0	0
15	0	0
25	0	0
35	0	0
45	0.000307456	0
55	0.0113759	0
65	0.0445812	0
75	0.0771715	0
85	0.104535	0
95	0.150961	0
105	0.148501	0
115	0.183244	0
125	0.199232	0
135	0.215527	0
145	0.211223	0
155	0.235512	0
165	0.253651	0
175	0.267487	0
185	0.259493	0
195	0.268409	0
205	0.269639	0
215	0.281015	0
225	0.291776	0
235	0.291469	0
245	0.298848	0
255	0.289931	0
265	0.295773	0
275	0.31914	0
285	0.293006	0
295	0.312991	0
305	0.304074	0
315	0.295773	0
325	0.273636	0
335	0.285627	0
345	0.304382	0
355	0.276711	0
365	0.277941	0
375	0.265027	0
385	0.261953	0
395	0.275788	0
405	0.252114	0
415	0.253959	0
425	0.235819	0
435	0.220754	0
445	0.225366	0
455	0.216757	0
465	0.195542	0
475	0.214912	0
485	0.205073	0
495	0.196157	0
505	0.178632	0
515	0.164182	0
525	0.175865	0
535	0.147579	0
545	0.144197	0
555	0.142967	0
565	0.127287	0
575	0.114374	0
585	0.123905	0
595	0.104535	0
605	0.0959264	0
615	0.0839356	0
625	0.0780939	0
635	0.0725597	0
645	0.0670255	0
655	0.0584167	0
665	0.0445812	0
675	0.0482706	0
685	0.0396619	0
695	0.0347426	0
705	0.0295158	0
715	0.0273636	0
725	0.0187548	0
735	0.0202921	0
745	0.0129132	0
755	0.0129132	0
765	0.00737895	0
775	0.0070715	0
785	0.00307456	0
795	0.00461185	0
805	0.00338202	0
815	0.00184474	0
825	0.00153728	0
835	0.000307456	0
845	0	0
855	0.000614913	0
865	0.000307456	0
875	0.000307456	0
885	0	0
895	0.000307456	0
905	0	0
915	0	0
925	0	0
935	0	0
945	0	0
955	0	0
965	0	0
975	0	0
985	0	0
995	0	0
1005	0	0
1015	0	0
1025	0	0
1035	0	0
1045	0	0
1055	0	0
1065	0	0
1075	0	0
1085	0	0
1095	0	0
1105	0	0
1115	0	0
1125	0	0
1135	0	0
1145	0	0
1155	0	0
1165	0	0
1175	0	0
1185	0	0
1195	0	0
