FG time = 2163.81	BG time = 264.945
5	0	0
15	0	0
25	0	0
35	0	0
45	0	0
55	0.00415932	0
65	0.0323503	0
75	0.11831	0
85	0.194102	0
95	0.233846	0
105	0.291153	0
115	0.300395	0
125	0.310101	0
135	0.311949	0
145	0.332746	0
155	0.339678	0
165	0.329511	0
175	0.324427	0
185	0.354467	0
195	0.366482	0
205	0.362323	0
215	0.381271	0
225	0.354467	0
235	0.370642	0
245	0.375725	0
255	0.387741	0
265	0.360475	0
275	0.365096	0
285	0.371566	0
295	0.369718	0
305	0.360937	0
315	0.360937	0
325	0.372953	0
335	0.335981	0
345	0.339678	0
355	0.335519	0
365	0.316108	0
375	0.323503	0
385	0.30779	0
395	0.29716	0
405	0.306403	0
415	0.289766	0
425	0.296698	0
435	0.28838	0
445	0.27128	0
455	0.253257	0
465	0.247711	0
475	0.250484	0
485	0.224603	0
495	0.211663	0
505	0.218595	0
515	0.200572	0
525	0.191329	0
535	0.172843	0
545	0.165449	0
555	0.141417	0
565	0.149273	0
575	0.140493	0
585	0.134023	0
595	0.112302	0
605	0.121545	0
615	0.0891944	0
625	0.0841107	0
635	0.0767164	0
645	0.0670113	0
655	0.0610034	0
665	0.0554576	0
675	0.0443661	0
685	0.0355853	0
695	0.0383582	0
705	0.0286531	0
715	0.0221831	0
725	0.0244938	0
735	0.0161751	0
745	0.0110915	0
755	0.0101672	0
765	0.0101672	0
775	0.00970508	0
785	0.0069322	0
795	0.00369718	0
805	0.00323503	0
815	0.00277288	0
825	0.000462147	0
835	0.000462147	0
845	0.000462147	0
855	0	0
865	0.000462147	0
875	0.000462147	0
885	0.000462147	0
895	0	0
905	0	0
915	0	0
925	0	0
935	0	0
945	0	0
955	0	0
965	0	0
975	0	0
985	0	0
995	0	0
1005	0	0
1015	0	0
1025	0	0
1035	0	0
1045	0	0
1055	0	0
1065	0	0
1075	0	0
1085	0	0
1095	0	0
1105	0	0
1115	0	0
1125	0	0
1135	0	0
1145	0	0
1155	0	0
1165	0	0
1175	0	0
1185	0	0
1195	0	0
