FG time = 3611.76	BG time = 485.869
5	0	0
15	0	0
25	0	0
35	0	0
45	0.00470684	0
55	0.0138437	0
65	0.0387622	0
75	0.0564821	0
85	0.0733714	0
95	0.0897069	0
105	0.101889	0
115	0.105212	0
125	0.103827	0
135	0.130407	0
145	0.140375	0
155	0.145358	0
165	0.162248	0
175	0.165847	0
185	0.156433	0
195	0.157264	0
205	0.16114	0
215	0.181906	0
225	0.173876	0
235	0.192981	0
245	0.188274	0
255	0.193257	0
265	0.183567	0
275	0.192704	0
285	0.179691	0
295	0.189104	0
305	0.181629	0
315	0.193534	0
325	0.175538	0
335	0.180798	0
345	0.181352	0
355	0.176368	0
365	0.175814	0
375	0.178583	0
385	0.168062	0
395	0.152834	0
405	0.16557	0
415	0.163632	0
425	0.155326	0
435	0.135668	0
445	0.145081	0
455	0.150619	0
465	0.134837	0
475	0.128469	0
485	0.111026	0
495	0.12127	0
505	0.113795	0
515	0.112964	0
525	0.106596	0
535	0.0966287	0
545	0.0957981	0
555	0.0877688	0
565	0.0794626	0
575	0.0730945	0
585	0.0775245	0
595	0.0647883	0
605	0.0631271	0
615	0.0528828	0
625	0.0495603	0
635	0.0431922	0
645	0.0329479	0
655	0.0401466	0
665	0.0301792	0
675	0.0299023	0
685	0.0224267	0
695	0.0274104	0
705	0.0191042	0
715	0.015228	0
725	0.0127362	0
735	0.00941368	0
745	0.00941368	0
755	0.00664495	0
765	0.00664495	0
775	0.00221498	0
785	0.00470684	0
795	0.00221498	0
805	0.00110749	0
815	0.00138437	0
825	0.000276873	0
835	0.000553746	0
845	0.000553746	0
855	0	0
865	0.000276873	0
875	0	0
885	0.000553746	0
895	0	0
905	0	0
915	0	0
925	0	0
935	0	0
945	0	0
955	0	0
965	0	0
975	0	0
985	0	0
995	0	0
1005	0	0
1015	0	0
1025	0	0
1035	0	0
1045	0	0
1055	0	0
1065	0	0
1075	0	0
1085	0	0
1095	0	0
1105	0	0
1115	0	0
1125	0	0
1135	0	0
1145	0	0
1155	0	0
1165	0	0
1175	0	0
1185	0	0
1195	0	0
