FG time = 3612.96	BG time = 486.089
5	0	0
15	0	0
25	0	0
35	0	0
45	0.00221425	0
55	0.0141159	0
65	0.035428	0
75	0.0464993	0
85	0.0686418	0
95	0.0858023	0
105	0.0957664	0
115	0.106838	0
125	0.120123	0
135	0.128427	0
145	0.130918	0
155	0.141435	0
165	0.151953	0
175	0.155828	0
185	0.151953	0
195	0.161917	0
205	0.162748	0
215	0.167176	0
225	0.174926	0
235	0.181569	0
245	0.187658	0
255	0.183229	0
265	0.173542	0
275	0.176033	0
285	0.174926	0
295	0.181015	0
305	0.171051	0
315	0.185167	0
325	0.172988	0
335	0.158319	0
345	0.172158	0
355	0.157489	0
365	0.158319	0
375	0.156105	0
385	0.153337	0
395	0.151123	0
405	0.142266	0
415	0.148355	0
425	0.142819	0
435	0.127873	0
445	0.141712	0
455	0.132025	0
465	0.124552	0
475	0.1204	0
485	0.102963	0
495	0.118462	0
505	0.110989	0
515	0.106838	0
525	0.0946593	0
535	0.0885701	0
545	0.0822041	0
555	0.0833112	0
565	0.0763917	0
575	0.0736239	0
585	0.0697489	0
595	0.063383	0
605	0.0531421	0
615	0.04816	0
625	0.0473296	0
635	0.0384726	0
645	0.041794	0
655	0.0337673	0
665	0.039303	0
675	0.0257407	0
685	0.0235264	0
695	0.0204818	0
705	0.0168837	0
715	0.0185444	0
725	0.00885701	0
735	0.0110713	0
745	0.00774988	0
755	0.0074731	0
765	0.0044285	0
775	0.00415172	0
785	0.00332138	0
795	0.00193747	0
805	0.00110713	0
815	0.00138391	0
825	0.00166069	0
835	0.000830345	0
845	0.000830345	0
855	0	0
865	0.000276782	0
875	0	0
885	0	0
895	0	0
905	0	0
915	0	0
925	0	0
935	0	0
945	0	0
955	0	0
965	0	0
975	0	0
985	0	0
995	0	0
1005	0	0
1015	0	0
1025	0	0
1035	0	0
1045	0	0
1055	0	0
1065	0	0
1075	0	0
1085	0	0
1095	0	0
1105	0	0
1115	0	0
1125	0	0
1135	0	0
1145	0	0
1155	0	0
1165	0	0
1175	0	0
1185	0	0
1195	0	0
