FG time = 2709.37	BG time = 426.47
5	0	0
15	0	0
25	0	0
35	0	0
45	0.000369089	0
55	0.00295271	0
65	0.0177163	0
75	0.0542561	0
85	0.0771396	0
95	0.100392	0
105	0.126967	0
115	0.135456	0
125	0.163506	0
135	0.180115	0
145	0.175686	0
155	0.186759	0
165	0.197832	0
175	0.211488	0
185	0.244706	0
195	0.229204	0
205	0.236955	0
215	0.244706	0
225	0.240277	0
235	0.247659	0
245	0.25541	0
255	0.256148	0
265	0.249873	0
275	0.256886	0
285	0.257255	0
295	0.2591	0
305	0.263899	0
315	0.252088	0
325	0.242122	0
335	0.256148	0
345	0.247659	0
355	0.232895	0
365	0.238062	0
375	0.225513	0
385	0.239539	0
395	0.220346	0
405	0.21887	0
415	0.215179	0
425	0.205583	0
435	0.191188	0
445	0.197463	0
455	0.182699	0
465	0.168305	0
475	0.180115	0
485	0.183806	0
495	0.16203	0
505	0.160185	0
515	0.140992	0
525	0.144314	0
535	0.140992	0
545	0.126228	0
555	0.115525	0
565	0.114418	0
575	0.107036	0
585	0.0848905	0
595	0.0978086	0
605	0.0778778	0
615	0.0620069	0
625	0.0620069	0
635	0.0549943	0
645	0.0453979	0
655	0.0483507	0
665	0.0446598	0
675	0.0446598	0
685	0.0343253	0
695	0.0258362	0
705	0.0265744	0
715	0.0225144	0
725	0.0232526	0
735	0.0114418	0
745	0.0147636	0
755	0.0110727	0
765	0.00922722	0
775	0.0103345	0
785	0.00553633	0
795	0.00369089	0
805	0.00110727	0
815	0.00184544	0
825	0.00369089	0
835	0.00147636	0
845	0.000738178	0
855	0.000369089	0
865	0.00147636	0
875	0.000738178	0
885	0	0
895	0	0
905	0	0
915	0	0
925	0	0
935	0	0
945	0.000369089	0
955	0	0
965	0	0
975	0	0
985	0	0
995	0	0
1005	0	0
1015	0	0
1025	0	0
1035	0	0
1045	0	0
1055	0	0
1065	0	0
1075	0	0
1085	0	0
1095	0	0
1105	0	0
1115	0	0
1125	0	0
1135	0	0
1145	0	0
1155	0	0
1165	0	0
1175	0	0
1185	0	0
1195	0	0
