FG time = 3264.18	BG time = 484.977
5	0.000306356	0
15	0	0
25	0	0
35	0.00183813	0
45	0.0119479	0
55	0.0444216	0
65	0.112126	0
75	0.177074	0
85	0.221495	0
95	0.245085	0
105	0.250293	0
115	0.260402	0
125	0.265917	0
135	0.287362	0
145	0.297165	0
155	0.326882	0
165	0.30513	0
175	0.314627	0
185	0.335153	0
195	0.326269	0
205	0.318916	0
215	0.329332	0
225	0.344344	0
235	0.341893	0
245	0.33209	0
255	0.341893	0
265	0.326269	0
275	0.339442	0
285	0.329945	0
295	0.328107	0
305	0.326575	0
315	0.326882	0
325	0.317691	0
335	0.316159	0
345	0.3085	0
355	0.299003	0
365	0.284911	0
375	0.297471	0
385	0.298697	0
395	0.283992	0
405	0.268674	0
415	0.272657	0
425	0.26561	0
435	0.23038	0
445	0.242634	0
455	0.215674	0
465	0.248148	0
475	0.215981	0
485	0.20342	0
495	0.21353	0
505	0.19086	0
515	0.184426	0
525	0.166964	0
535	0.145825	0
545	0.14797	0
555	0.135409	0
565	0.136635	0
575	0.117641	0
585	0.107531	0
595	0.10845	0
605	0.101404	0
615	0.0845542	0
625	0.0857796	0
635	0.077508	0
645	0.0612712	0
655	0.055144	0
665	0.0471788	0
675	0.0398262	0
685	0.0398262	0
695	0.0346182	0
705	0.0245085	0
715	0.026653	0
725	0.0202195	0
735	0.0128669	0
745	0.0140924	0
755	0.00919067	0
765	0.00827161	0
775	0.00214449	0
785	0.00336991	0
795	0.00245085	0
805	0.00153178	0
815	0.00183813	0
825	0.00183813	0
835	0.000306356	0
845	0.000612712	0
855	0.000612712	0
865	0.000612712	0
875	0	0
885	0	0
895	0	0
905	0	0
915	0	0
925	0	0
935	0	0
945	0	0
955	0	0
965	0	0
975	0	0
985	0	0
995	0	0
1005	0	0
1015	0	0
1025	0	0
1035	0	0
1045	0	0
1055	0	0
1065	0	0
1075	0	0
1085	0	0
1095	0	0
1105	0	0
1115	0	0
1125	0	0
1135	0	0
1145	0	0
1155	0	0
1165	0	0
1175	0	0
1185	0	0
1195	0	0
