FG time = 3604.84	BG time = 485.415
5	0	0
15	0	0
25	0	0
35	0.000277404	0
45	0.00471588	0
55	0.0257986	0
65	0.0463266	0
75	0.0801699	0
85	0.102917	0
95	0.134264	0
105	0.154237	0
115	0.172823	0
125	0.179203	0
135	0.193351	0
145	0.208608	0
155	0.209163	0
165	0.244948	0
175	0.242452	0
185	0.236071	0
195	0.25438	0
205	0.256322	0
215	0.280733	0
225	0.28212	0
235	0.295713	0
245	0.290443	0
255	0.297655	0
265	0.289055	0
275	0.29072	0
285	0.276572	0
295	0.290997	0
305	0.302371	0
315	0.296823	0
325	0.279069	0
335	0.300984	0
345	0.28434	0
355	0.289888	0
365	0.261592	0
375	0.251883	0
385	0.284062	0
395	0.269915	0
405	0.251328	0
415	0.234962	0
425	0.233297	0
435	0.226917	0
445	0.217763	0
455	0.218872	0
465	0.221369	0
475	0.21166	0
485	0.203615	0
495	0.187248	0
505	0.172268	0
515	0.16561	0
525	0.162559	0
535	0.153682	0
545	0.145915	0
555	0.143696	0
565	0.121781	0
575	0.128716	0
585	0.109575	0
595	0.104304	0
605	0.103472	0
615	0.0945949	0
625	0.0818343	0
635	0.0660223	0
645	0.071293	0
655	0.0599194	0
665	0.0554809	0
675	0.0482684	0
685	0.0429977	0
695	0.037727	0
705	0.0266308	0
715	0.0280179	0
725	0.0169217	0
735	0.0171991	0
745	0.0147024	0
755	0.00804473	0
765	0.00416107	0
775	0.00554809	0
785	0.00582549	0
795	0.00471588	0
805	0.00221924	0
815	0.00138702	0
825	0.00194183	0
835	0.000554809	0
845	0.000832213	0
855	0.000554809	0
865	0.000277404	0
875	0	0
885	0	0
895	0.000277404	0
905	0	0
915	0	0
925	0	0
935	0	0
945	0	0
955	0	0
965	0	0
975	0	0
985	0	0
995	0	0
1005	0	0
1015	0	0
1025	0	0
1035	0	0
1045	0	0
1055	0	0
1065	0	0
1075	0	0
1085	0	0
1095	0	0
1105	0	0
1115	0	0
1125	0	0
1135	0	0
1145	0	0
1155	0	0
1165	0	0
1175	0	0
1185	0	0
1195	0	0
