FG time = 1505.16	BG time = 364.756
5	0	0
15	0	0
25	0	0
35	0	0
45	0.000664383	0
55	0.00199315	0
65	0.0126233	0
75	0.039863	0
85	0.057137	0
95	0.0690959	0
105	0.0896917	0
115	0.097	0
125	0.112281	0
135	0.108959	0
145	0.135534	0
155	0.125568	0
165	0.130219	0
175	0.13952	0
185	0.133541	0
195	0.136863	0
205	0.138192	0
215	0.154801	0
225	0.154137	0
235	0.150815	0
245	0.16211	0
255	0.175397	0
265	0.170082	0
275	0.170746	0
285	0.141514	0
295	0.164103	0
305	0.157459	0
315	0.156794	0
325	0.152808	0
335	0.1455	0
345	0.161445	0
355	0.144171	0
365	0.152808	0
375	0.153473	0
385	0.140185	0
395	0.146829	0
405	0.142842	0
415	0.13487	0
425	0.137527	0
435	0.136199	0
445	0.117596	0
455	0.11826	0
465	0.114274	0
475	0.118925	0
485	0.115603	0
495	0.108294	0
505	0.0870342	0
515	0.0890274	0
525	0.0943424	0
535	0.0637808	0
545	0.0777328	0
555	0.0750753	0
565	0.0764041	0
575	0.0697602	0
585	0.0671027	0
595	0.0584657	0
605	0.0498287	0
615	0.0451781	0
625	0.0391986	0
635	0.0458424	0
645	0.0418561	0
655	0.0391986	0
665	0.0179383	0
675	0.031226	0
685	0.022589	0
695	0.0205959	0
705	0.0232534	0
715	0.0106301	0
725	0.00863698	0
735	0.017274	0
745	0.0112945	0
755	0.00465068	0
765	0.00930137	0
775	0.00199315	0
785	0.00265753	0
795	0.00265753	0
805	0.00265753	0
815	0.00132877	0
825	0	0
835	0.000664383	0
845	0.00132877	0
855	0	0
865	0	0
875	0	0
885	0	0
895	0	0
905	0	0
915	0	0
925	0	0
935	0	0
945	0	0
955	0	0
965	0	0
975	0	0
985	0	0
995	0	0
1005	0	0
1015	0	0
1025	0	0
1035	0	0
1045	0	0
1055	0	0
1065	0	0
1075	0	0
1085	0	0
1095	0	0
1105	0	0
1115	0	0
1125	0	0
1135	0	0
1145	0	0
1155	0	0
1165	0	0
1175	0	0
1185	0	0
1195	0	0
