FG time = 2713.33	BG time = 798.569
5	0	0
15	0	0
25	0	0
35	0	0
45	0.00257985	0
55	0.00884521	0
65	0.0416462	0
75	0.0556511	0
85	0.0818182	0
95	0.0932432	0
105	0.0954545	0
115	0.117199	0
125	0.111302	0
135	0.120884	0
145	0.12457	0
155	0.134521	0
165	0.142629	0
175	0.149263	0
185	0.134889	0
195	0.147052	0
205	0.154423	0
215	0.152948	0
225	0.143735	0
235	0.155528	0
245	0.148526	0
255	0.163268	0
265	0.150737	0
275	0.145946	0
285	0.150737	0
295	0.155897	0
305	0.148526	0
315	0.142629	0
325	0.157002	0
335	0.158108	0
345	0.148157	0
355	0.131941	0
365	0.149263	0
375	0.142629	0
385	0.134521	0
395	0.133047	0
405	0.143735	0
415	0.120147	0
425	0.11683	0
435	0.113145	0
445	0.109828	0
455	0.120516	0
465	0.11683	0
475	0.0969287	0
485	0.0972973	0
495	0.0891892	0
505	0.0880835	0
515	0.0855037	0
525	0.0847666	0
535	0.0799754	0
545	0.0773956	0
555	0.0626535	0
565	0.058968	0
575	0.0578624	0
585	0.0630221	0
595	0.0438575	0
605	0.0453317	0
615	0.0431204	0
625	0.0431204	0
635	0.0394349	0
645	0.029484	0
655	0.02543	0
665	0.0246929	0
675	0.0173219	0
685	0.0206388	0
695	0.0158477	0
705	0.018059	0
715	0.0143735	0
725	0.00958231	0
735	0.0117936	0
745	0.0066339	0
755	0.0051597	0
765	0.00331695	0
775	0.00479115	0
785	0.00331695	0
795	0.0022113	0
805	0.0014742	0
815	0.00257985	0
825	0.0022113	0
835	0	0
845	0.0007371	0
855	0.00036855	0
865	0.00036855	0
875	0.0007371	0
885	0	0
895	0	0
905	0	0
915	0	0
925	0	0
935	0	0
945	0	0
955	0	0
965	0.00036855	0
975	0	0
985	0	0
995	0	0
1005	0	0
1015	0	0
1025	0	0
1035	0	0
1045	0	0
1055	0	0
1065	0	0
1075	0	0
1085	0	0
1095	0	0
1105	0	0
1115	0	0
1125	0	0
1135	0	0
1145	0	0
1155	0	0
1165	0	0
1175	0	0
1185	0	0
1195	0	0
