FG time = 2703.87	BG time = 425.305
5	0	0
15	0	0
25	0	0
35	0	0
45	0.00036984	0
55	0.0036984	0
65	0.0295872	0
75	0.0806252	0
85	0.113911	0
95	0.150525	0
105	0.150895	0
115	0.171606	0
125	0.183441	0
135	0.188619	0
145	0.182701	0
155	0.179003	0
165	0.197125	0
175	0.200454	0
185	0.211919	0
195	0.218576	0
205	0.227082	0
215	0.229671	0
225	0.233739	0
235	0.20933	0
245	0.223753	0
255	0.222644	0
265	0.232999	0
275	0.23078	0
285	0.23152	0
295	0.201563	0
305	0.197125	0
315	0.204892	0
325	0.205631	0
335	0.201563	0
345	0.199714	0
355	0.199714	0
365	0.215617	0
375	0.194906	0
385	0.198604	0
395	0.192687	0
405	0.183441	0
415	0.165689	0
425	0.156812	0
435	0.165319	0
445	0.154223	0
455	0.142019	0
465	0.158662	0
475	0.131663	0
485	0.125006	0
495	0.127965	0
505	0.106884	0
515	0.113171	0
525	0.109843	0
535	0.0968982	0
545	0.102076	0
555	0.0869125	0
565	0.0869125	0
575	0.0795157	0
585	0.0784062	0
595	0.0643522	0
605	0.0643522	0
615	0.0551062	0
625	0.0539967	0
635	0.0465999	0
645	0.0355047	0
655	0.0388332	0
665	0.0295872	0
675	0.0295872	0
685	0.0281079	0
695	0.0218206	0
705	0.0136841	0
715	0.0133143	0
725	0.0122047	0
735	0.00887617	0
745	0.00776665	0
755	0.00480793	0
765	0.00591745	0
775	0.00591745	0
785	0.00295872	0
795	0.0018492	0
805	0.00110952	0
815	0.00147936	0
825	0.000739681	0
835	0.00036984	0
845	0.00110952	0
855	0	0
865	0	0
875	0	0
885	0	0
895	0.00036984	0
905	0	0
915	0	0
925	0	0
935	0	0
945	0	0
955	0	0
965	0	0
975	0	0
985	0	0
995	0	0
1005	0	0
1015	0	0
1025	0	0
1035	0	0
1045	0	0
1055	0	0
1065	0	0
1075	0	0
1085	0	0
1095	0	0
1105	0	0
1115	0	0
1125	0	0
1135	0	0
1145	0	0
1155	0	0
1165	0	0
1175	0	0
1185	0	0
1195	0	0
