FG time = 2890.57	BG time = 306.231
5	0	0
15	0	0
25	0	0
35	0	0
45	0.00449739	0
55	0.0162598	0
65	0.029752	0
75	0.0477415	0
85	0.0595039	0
95	0.0826828	0
105	0.0771475	0
115	0.103094	0
125	0.0989426	0
135	0.103094	0
145	0.127657	0
155	0.127311	0
165	0.1453	0
175	0.134576	0
185	0.145992	0
195	0.16329	0
205	0.159484	0
215	0.146684	0
225	0.154641	0
235	0.170901	0
245	0.163982	0
255	0.166403	0
265	0.170555	0
275	0.16502	0
285	0.165366	0
295	0.167095	0
305	0.156717	0
315	0.175744	0
325	0.16329	0
335	0.165366	0
345	0.163636	0
355	0.160176	0
365	0.159138	0
375	0.159138	0
385	0.152219	0
395	0.14703	0
405	0.142879	0
415	0.137343	0
425	0.134576	0
435	0.136651	0
445	0.118316	0
455	0.125581	0
465	0.124543	0
475	0.106554	0
485	0.108629	0
495	0.104132	0
505	0.0940992	0
515	0.104824	0
525	0.0916775	0
535	0.088564	0
545	0.0785313	0
555	0.0747259	0
565	0.0688447	0
575	0.0719582	0
585	0.0536227	0
595	0.0550065	0
605	0.0487794	0
615	0.0432441	0
625	0.0401305	0
635	0.0339034	0
645	0.0318277	0
655	0.0356332	0
665	0.0304439	0
675	0.0262924	0
685	0.0242167	0
695	0.0176436	0
705	0.01453	0
715	0.0162598	0
725	0.0107245	0
735	0.00934073	0
745	0.00553525	0
755	0.00761097	0
765	0.00380548	0
775	0.00415144	0
785	0.00415144	0
795	0.000345953	0
805	0.00138381	0
815	0.00103786	0
825	0	0
835	0	0
845	0.000345953	0
855	0	0
865	0	0
875	0	0
885	0	0
895	0	0
905	0	0
915	0	0
925	0	0
935	0	0
945	0	0
955	0	0
965	0	0
975	0	0
985	0	0
995	0	0
1005	0	0
1015	0	0
1025	0	0
1035	0	0
1045	0	0
1055	0	0
1065	0	0
1075	0	0
1085	0	0
1095	0	0
1105	0	0
1115	0	0
1125	0	0
1135	0	0
1145	0	0
1155	0	0
1165	0	0
1175	0	0
1185	0	0
1195	0	0
