FG time = 2339.31	BG time = 365.453
5	0	0
15	0	0
25	0	0
35	0	0
45	0.00128243	0
55	0.0115419	0
65	0.0577094	0
75	0.136365	0
85	0.199632	0
95	0.24067	0
105	0.221433	0
115	0.260761	0
125	0.291539	0
135	0.289829	0
145	0.301799	0
155	0.306501	0
165	0.326592	0
175	0.347966	0
185	0.324455	0
195	0.339844	0
205	0.320608	0
215	0.315478	0
225	0.336424	0
235	0.33557	0
245	0.341127	0
255	0.352669	0
265	0.32702	0
275	0.323173	0
285	0.319753	0
295	0.311631	0
305	0.306929	0
315	0.303936	0
325	0.31847	0
335	0.296669	0
345	0.307356	0
355	0.301799	0
365	0.297952	0
375	0.282562	0
385	0.287692	0
395	0.258624	0
405	0.265891	0
415	0.268883	0
425	0.254349	0
435	0.223998	0
445	0.227845	0
455	0.220151	0
465	0.208181	0
475	0.210746	0
485	0.187235	0
495	0.173556	0
505	0.176121	0
515	0.175693	0
525	0.178258	0
535	0.153892	0
545	0.136365	0
555	0.13551	0
565	0.117556	0
575	0.110289	0
585	0.107724	0
595	0.0948999	0
605	0.0807932	0
615	0.074381	0
625	0.0790833	0
635	0.0662589	0
645	0.0666864	0
655	0.0534346	0
665	0.0427477	0
675	0.0453126	0
685	0.0346256	0
695	0.0359081	0
705	0.027786	0
715	0.0213739	0
725	0.0158167	0
735	0.0119694	0
745	0.0128243	0
755	0.0119694	0
765	0.00470225	0
775	0.00812206	0
785	0.00427477	0
795	0.00384729	0
805	0.00128243	0
815	0.00170991	0
825	0.00128243	0
835	0.000427477	0
845	0	0
855	0.000854954	0
865	0	0
875	0.000427477	0
885	0	0
895	0	0
905	0	0
915	0	0
925	0	0
935	0	0
945	0	0
955	0	0
965	0	0
975	0	0
985	0	0
995	0	0
1005	0	0
1015	0	0
1025	0	0
1035	0	0
1045	0	0
1055	0	0
1065	0	0
1075	0	0
1085	0	0
1095	0	0
1105	0	0
1115	0	0
1125	0	0
1135	0	0
1145	0	0
1155	0	0
1165	0	0
1175	0	0
1185	0	0
1195	0	0
