FG time = 3003.74	BG time = 487.291
5	0.000665837	0
15	0	0
25	0	0
35	0.00432794	0
45	0.0186434	0
55	0.0679153	0
65	0.164795	0
75	0.23504	0
85	0.244695	0
95	0.274325	0
105	0.285311	0
115	0.312943	0
125	0.335249	0
135	0.331254	0
145	0.341574	0
155	0.365544	0
165	0.370205	0
175	0.362881	0
185	0.378528	0
195	0.393842	0
205	0.396839	0
215	0.385852	0
225	0.389514	0
235	0.39584	0
245	0.392844	0
255	0.398503	0
265	0.377529	0
275	0.383855	0
285	0.398836	0
295	0.401167	0
305	0.394841	0
315	0.396173	0
325	0.368208	0
335	0.378861	0
345	0.356556	0
355	0.373201	0
365	0.359552	0
375	0.362548	0
385	0.326593	0
395	0.32393	0
405	0.313609	0
415	0.32393	0
425	0.320933	0
435	0.287309	0
445	0.294633	0
455	0.268665	0
465	0.267333	0
475	0.250355	0
485	0.23038	0
495	0.233376	0
505	0.228382	0
515	0.21673	0
525	0.194757	0
535	0.184437	0
545	0.180775	0
555	0.170787	0
565	0.169455	0
575	0.147816	0
585	0.138494	0
595	0.127508	0
605	0.114857	0
615	0.100874	0
625	0.0872246	0
635	0.0875575	0
645	0.089555	0
655	0.0685812	0
665	0.0595924	0
675	0.044944	0
685	0.0412819	0
695	0.0379527	0
705	0.0359552	0
715	0.0233043	0
725	0.0216397	0
735	0.0176447	0
745	0.0109863	0
755	0.00998755	0
765	0.00565961	0
775	0.0036621	0
785	0.00299627	0
795	0.00466086	0
805	0.000665837	0
815	0.00266335	0
825	0.000998755	0
835	0	0
845	0	0
855	0	0
865	0	0
875	0	0
885	0	0
895	0	0
905	0	0
915	0	0
925	0	0
935	0	0
945	0	0
955	0	0
965	0	0
975	0	0
985	0	0
995	0	0
1005	0	0
1015	0	0
1025	0	0
1035	0	0
1045	0	0
1055	0	0
1065	0	0
1075	0	0
1085	0	0
1095	0	0
1105	0	0
1115	0	0
1125	0	0
1135	0	0
1145	0	0
1155	0	0
1165	0	0
1175	0	0
1185	0	0
1195	0	0
