FG time = 3511.53	BG time = 486.958
5	0	0
15	0	0
25	0	0
35	0.000569553	0
45	0.00455642	0
55	0.0301863	0
65	0.0973935	0
75	0.205609	0
85	0.262849	0
95	0.310976	0
105	0.31183	0
115	0.324645	0
125	0.365083	0
135	0.378183	0
145	0.38217	0
155	0.396978	0
165	0.435138	0
175	0.415489	0
185	0.410078	0
195	0.435138	0
205	0.465894	0
215	0.454503	0
225	0.449947	0
235	0.423178	0
245	0.451371	0
255	0.444251	0
265	0.460768	0
275	0.448808	0
285	0.451086	0
295	0.449662	0
305	0.41435	0
315	0.437701	0
325	0.412641	0
335	0.409793	0
345	0.409508	0
355	0.416913	0
365	0.401535	0
375	0.384163	0
385	0.364514	0
395	0.378183	0
405	0.353692	0
415	0.359957	0
425	0.322367	0
435	0.333758	0
445	0.310976	0
455	0.294744	0
465	0.279081	0
475	0.26769	0
485	0.271392	0
495	0.271107	0
505	0.252312	0
515	0.235795	0
525	0.231238	0
535	0.201622	0
545	0.201052	0
555	0.189376	0
565	0.185674	0
575	0.171151	0
585	0.150931	0
595	0.134984	0
605	0.130428	0
615	0.1085	0
625	0.102804	0
635	0.0928371	0
645	0.0808765	0
655	0.0760353	0
665	0.0629356	0
675	0.0566705	0
685	0.0486968	0
695	0.0373057	0
705	0.0358818	0
715	0.0299015	0
725	0.0224973	0
735	0.0193648	0
745	0.016517	0
755	0.0128149	0
765	0.00740419	0
775	0.00683463	0
785	0.0059803	0
795	0.00256299	0
805	0.00170866	0
815	0.00142388	0
825	0.00170866	0
835	0.00113911	0
845	0	0
855	0.000854329	0
865	0.000284776	0
875	0	0
885	0	0
895	0	0
905	0	0
915	0	0
925	0	0
935	0	0
945	0	0
955	0	0
965	0	0
975	0	0
985	0	0
995	0	0
1005	0	0
1015	0	0
1025	0	0
1035	0	0
1045	0	0
1055	0	0
1065	0	0
1075	0	0
1085	0	0
1095	0	0
1105	0	0
1115	0	0
1125	0	0
1135	0	0
1145	0	0
1155	0	0
1165	0	0
1175	0	0
1185	0	0
1195	0	0
