FG time = 3320.02	BG time = 735.406
5	0	0
15	0	0
25	0	0
35	0	0
45	0.000602406	0
55	0.00873488	0
65	0.0349395	0
75	0.0563249	0
85	0.0701803	0
95	0.0807224	0
105	0.086144	0
115	0.0912645	0
125	0.108132	0
135	0.104216	0
145	0.117469	0
155	0.121385	0
165	0.128312	0
175	0.124999	0
185	0.12771	0
195	0.12771	0
205	0.128614	0
215	0.146686	0
225	0.140059	0
235	0.140963	0
245	0.147891	0
255	0.146385	0
265	0.143071	0
275	0.144276	0
285	0.152107	0
295	0.147288	0
305	0.145481	0
315	0.135843	0
325	0.136445	0
335	0.135843	0
345	0.134939	0
355	0.131927	0
365	0.133433	0
375	0.109939	0
385	0.133132	0
395	0.116867	0
405	0.124096	0
415	0.116867	0
425	0.11506	0
435	0.0969873	0
445	0.101505	0
455	0.104216	0
465	0.104216	0
475	0.0939753	0
485	0.0966861	0
495	0.0789152	0
505	0.0798188	0
515	0.0789152	0
525	0.0707827	0
535	0.0677707	0
545	0.0725899	0
555	0.057831	0
565	0.0584334	0
575	0.0478913	0
585	0.0554213	0
595	0.0475901	0
605	0.0409636	0
615	0.043072	0
625	0.0331323	0
635	0.0328311	0
645	0.0246986	0
655	0.0274095	0
665	0.0225902	0
675	0.0189758	0
685	0.0165662	0
695	0.0171686	0
705	0.0117469	0
715	0.0108433	0
725	0.00873488	0
735	0.00753007	0
745	0.00542165	0
755	0.00481925	0
765	0.00391564	0
775	0.00210842	0
785	0.00210842	0
795	0.000602406	0
805	0.000903609	0
815	0.000903609	0
825	0.000301203	0
835	0	0
845	0.000301203	0
855	0	0
865	0	0
875	0	0
885	0	0
895	0	0
905	0	0
915	0	0
925	0	0
935	0	0
945	0	0
955	0	0
965	0	0
975	0	0
985	0	0
995	0	0
1005	0	0
1015	0	0
1025	0	0
1035	0	0
1045	0	0
1055	0	0
1065	0	0
1075	0	0
1085	0	0
1095	0	0
1105	0	0
1115	0	0
1125	0	0
1135	0	0
1145	0	0
1155	0	0
1165	0	0
1175	0	0
1185	0	0
1195	0	0
