FG time = 3604.71	BG time = 484.971
5	0.000277415	0
15	0	0
25	0	0
35	0.00194191	0
45	0.00887728	0
55	0.0380059	0
65	0.0987598	0
75	0.162565	0
85	0.182539	0
95	0.189197	0
105	0.20501	0
115	0.206119	0
125	0.232196	0
135	0.258273	0
145	0.241074	0
155	0.268815	0
165	0.272976	0
175	0.276305	0
185	0.267706	0
195	0.287957	0
205	0.283518	0
215	0.28435	0
225	0.296834	0
235	0.29295	0
245	0.289066	0
255	0.289066	0
265	0.313479	0
275	0.277138	0
285	0.281854	0
295	0.293505	0
305	0.282686	0
315	0.280467	0
325	0.28546	0
335	0.266318	0
345	0.265209	0
355	0.26937	0
365	0.251061	0
375	0.265486	0
385	0.249674	0
395	0.260215	0
405	0.247732	0
415	0.219158	0
425	0.231364	0
435	0.216661	0
445	0.206397	0
455	0.192249	0
465	0.184204	0
475	0.177823	0
485	0.175604	0
495	0.171443	0
505	0.166726	0
515	0.157017	0
525	0.141204	0
535	0.137598	0
545	0.128443	0
555	0.125114	0
565	0.120121	0
575	0.0993146	0
585	0.103476	0
595	0.0785085	0
605	0.0787859	0
615	0.0760117	0
625	0.0646377	0
635	0.0618636	0
645	0.0579797	0
655	0.0499347	0
665	0.0427219	0
675	0.0382833	0
685	0.0366188	0
695	0.0296834	0
705	0.0219158	0
715	0.0216384	0
725	0.0155352	0
735	0.0119288	0
745	0.0116514	0
755	0.00859987	0
765	0.00388381	0
775	0.00471606	0
785	0.00443864	0
795	0.00166449	0
805	0.00110966	0
815	0.00110966	0
825	0	0
835	0.000832245	0
845	0.000277415	0
855	0	0
865	0.000277415	0
875	0	0
885	0	0
895	0	0
905	0	0
915	0	0
925	0	0
935	0	0
945	0	0
955	0	0
965	0	0
975	0	0
985	0	0
995	0	0
1005	0	0
1015	0	0
1025	0	0
1035	0	0
1045	0	0
1055	0	0
1065	0	0
1075	0	0
1085	0	0
1095	0	0
1105	0	0
1115	0	0
1125	0	0
1135	0	0
1145	0	0
1155	0	0
1165	0	0
1175	0	0
1185	0	0
1195	0	0
