FG time = 3546.72	BG time = 1949.43
5	0	0
15	0	0
25	0	0
35	0.00310146	0
45	0.0118419	0
55	0.0465218	0
65	0.0989646	0
75	0.180166	0
85	0.188625	0
95	0.199903	0
105	0.196801	0
115	0.203568	0
125	0.236275	0
135	0.245861	0
145	0.239658	0
155	0.25291	0
165	0.259394	0
175	0.257139	0
185	0.268981	0
195	0.26306	0
205	0.266725	0
215	0.275184	0
225	0.265597	0
235	0.279131	0
245	0.280823	0
255	0.272646	0
265	0.289281	0
275	0.253474	0
285	0.279695	0
295	0.274338	0
305	0.267571	0
315	0.27321	0
325	0.262496	0
335	0.251218	0
345	0.241914	0
355	0.255165	0
365	0.246707	0
375	0.230917	0
385	0.237402	0
395	0.226406	0
405	0.220203	0
415	0.207516	0
425	0.202159	0
435	0.197647	0
445	0.208643	0
455	0.186087	0
465	0.170016	0
475	0.176219	0
485	0.181576	0
495	0.156764	0
505	0.144923	0
515	0.139002	0
525	0.132235	0
535	0.138438	0
545	0.117009	0
555	0.111652	0
565	0.108833	0
575	0.102348	0
585	0.0888144	0
595	0.0828935	0
605	0.0792281	0
615	0.0716154	0
625	0.0662584	0
635	0.062593	0
645	0.0530067	0
655	0.045394	0
665	0.0406009	0
675	0.0338341	0
685	0.0335521	0
695	0.0304507	0
705	0.0180448	0
715	0.0163531	0
725	0.0160712	0
735	0.0135336	0
745	0.00761266	0
755	0.00592096	0
765	0.00507511	0
775	0.00479316	0
785	0.00197365	0
795	0.00281951	0
805	0.0016917	0
815	0.00197365	0
825	0.000563901	0
835	0.000281951	0
845	0	0
855	0	0
865	0	0
875	0	0
885	0	0
895	0	0
905	0	0
915	0.000281951	0
925	0	0
935	0	0
945	0	0
955	0	0
965	0	0
975	0	0
985	0	0
995	0	0
1005	0	0
1015	0	0
1025	0	0
1035	0	0
1045	0	0
1055	0	0
1065	0	0
1075	0	0
1085	0	0
1095	0	0
1105	0	0
1115	0	0
1125	0	0
1135	0	0
1145	0	0
1155	0	0
1165	0	0
1175	0	0
1185	0	0
1195	0	0
