FG time = 3250.9	BG time = 486.362
5	0	0
15	0	0
25	0	0
35	0.000307607	0
45	0.00922822	0
55	0.0252238	0
65	0.0498324	0
75	0.058753	0
85	0.0802856	0
95	0.0950507	0
105	0.116583	0
115	0.128272	0
125	0.139346	0
135	0.147344	0
145	0.157803	0
155	0.166416	0
165	0.181181	0
175	0.180873	0
185	0.167338	0
195	0.184872	0
205	0.195638	0
215	0.198714	0
225	0.199945	0
235	0.217786	0
245	0.209481	0
255	0.228552	0
265	0.225476	0
275	0.215018	0
285	0.203944	0
295	0.223938	0
305	0.213787	0
315	0.213787	0
325	0.206097	0
335	0.20056	0
345	0.218094	0
355	0.191024	0
365	0.211634	0
375	0.183026	0
385	0.207635	0
395	0.199945	0
405	0.187641	0
415	0.18641	0
425	0.179643	0
435	0.16334	0
445	0.167031	0
455	0.162417	0
465	0.161186	0
475	0.155649	0
485	0.136885	0
495	0.131348	0
505	0.136578	0
515	0.130118	0
525	0.113815	0
535	0.1132	0
545	0.101818	0
555	0.0984344	0
565	0.088591	0
575	0.0959735	0
585	0.0713649	0
595	0.0750562	0
605	0.0630595	0
615	0.0630595	0
625	0.0596759	0
635	0.0544465	0
645	0.0467563	0
655	0.0412194	0
665	0.0412194	0
675	0.0353749	0
685	0.0279923	0
695	0.0199945	0
705	0.0199945	0
715	0.0175336	0
725	0.0129195	0
735	0.0153804	0
745	0.00645976	0
755	0.00522933	0
765	0.00615215	0
775	0.00369129	0
785	0.00276847	0
795	0.00369129	0
805	0.000922822	0
815	0.00123043	0
825	0.000307607	0
835	0.000307607	0
845	0.000307607	0
855	0	0
865	0	0
875	0	0
885	0.000307607	0
895	0	0
905	0	0
915	0	0
925	0	0
935	0	0
945	0	0
955	0	0
965	0	0
975	0	0
985	0	0
995	0	0
1005	0	0
1015	0	0
1025	0	0
1035	0	0
1045	0	0
1055	0	0
1065	0	0
1075	0	0
1085	0	0
1095	0	0
1105	0	0
1115	0	0
1125	0	0
1135	0	0
1145	0	0
1155	0	0
1165	0	0
1175	0	0
1185	0	0
1195	0	0
