FG time = 3431.01	BG time = 425.945
5	0	0
15	0	0
25	0	0
35	0	0
45	0.00378897	0
55	0.0265228	0
65	0.0460506	0
75	0.0693673	0
85	0.108714	0
95	0.116875	0
105	0.136111	0
115	0.144564	0
125	0.156514	0
135	0.187117	0
145	0.199941	0
155	0.208393	0
165	0.204604	0
175	0.224715	0
185	0.239871	0
195	0.237248	0
205	0.241328	0
215	0.245117	0
225	0.238122	0
235	0.251238	0
245	0.245992	0
255	0.258816	0
265	0.250072	0
275	0.250072	0
285	0.254735	0
295	0.272223	0
305	0.254735	0
315	0.256484	0
325	0.260273	0
335	0.249489	0
345	0.23958	0
355	0.234333	0
365	0.2457	0
375	0.241328	0
385	0.24162	0
395	0.229378	0
405	0.234042	0
415	0.195861	0
425	0.218012	0
435	0.212474	0
445	0.195861	0
455	0.186825	0
465	0.180996	0
475	0.183036	0
485	0.17167	0
495	0.164383	0
505	0.153891	0
515	0.145147	0
525	0.142524	0
535	0.131157	0
545	0.119498	0
555	0.122996	0
565	0.108423	0
575	0.103177	0
585	0.106383	0
595	0.0865634	0
605	0.0883122	0
615	0.0813171	0
625	0.0632467	0
635	0.0673271	0
645	0.05392	0
655	0.0492566	0
665	0.0416787	0
675	0.0381812	0
685	0.0396385	0
695	0.0236082	0
705	0.0244826	0
715	0.0204021	0
725	0.0221509	0
735	0.0163217	0
745	0.0110755	0
755	0.0102011	0
765	0.0078694	0
775	0.00466335	0
785	0.00291459	0
795	0.00262313	0
805	0.0014573	0
815	0.00116584	0
825	0.0014573	0
835	0.00174876	0
845	0.000874378	0
855	0.000291459	0
865	0	0
875	0.000291459	0
885	0	0
895	0.000291459	0
905	0	0
915	0	0
925	0	0
935	0	0
945	0	0
955	0	0
965	0	0
975	0	0
985	0	0
995	0	0
1005	0	0
1015	0	0
1025	0	0
1035	0	0
1045	0	0
1055	0	0
1065	0	0
1075	0	0
1085	0	0
1095	0	0
1105	0	0
1115	0	0
1125	0	0
1135	0	0
1145	0	0
1155	0	0
1165	0	0
1175	0	0
1185	0	0
1195	0	0
