FG time = 3312.43	BG time = 733.164
5	0	0
15	0	0
25	0	0
35	0	0
45	0	0
55	0.00392461	0
65	0.0259628	0
75	0.0585673	0
85	0.0730582	0
95	0.0869453	0
105	0.105059	0
115	0.118644	0
125	0.124078	0
135	0.122569	0
145	0.137361	0
155	0.135852	0
165	0.139173	0
175	0.140984	0
185	0.152758	0
195	0.15789	0
205	0.157286	0
215	0.155173	0
225	0.149135	0
235	0.15155	0
245	0.169664	0
255	0.164532	0
265	0.163022	0
275	0.160003	0
285	0.154267	0
295	0.165739	0
305	0.167853	0
315	0.149437	0
325	0.156381	0
335	0.158192	0
345	0.156381	0
355	0.144607	0
365	0.153966	0
375	0.148833	0
385	0.14823	0
395	0.138871	0
405	0.126795	0
415	0.122871	0
425	0.124984	0
435	0.116531	0
445	0.116531	0
455	0.107776	0
465	0.11804	0
475	0.107474	0
485	0.111701	0
495	0.105059	0
505	0.099021	0
515	0.0938888	0
525	0.0830206	0
535	0.0754733	0
545	0.0745676	0
555	0.0745676	0
565	0.067926	0
575	0.0600768	0
585	0.0576616	0
595	0.0546427	0
605	0.0489067	0
615	0.0461897	0
625	0.0419632	0
635	0.0329064	0
645	0.0307931	0
655	0.0320007	0
665	0.0268685	0
675	0.0235477	0
685	0.0205287	0
695	0.0178117	0
705	0.0117738	0
715	0.016906	0
725	0.0129814	0
735	0.00694355	0
745	0.00966058	0
755	0.00603787	0
765	0.00754733	0
775	0.00392461	0
785	0.00211325	0
795	0.00181136	0
805	0.00211325	0
815	0.00090568	0
825	0.000603787	0
835	0.000603787	0
845	0.000301893	0
855	0.000301893	0
865	0.000603787	0
875	0	0
885	0.000603787	0
895	0	0
905	0	0
915	0	0
925	0	0
935	0	0
945	0	0
955	0	0
965	0	0
975	0	0
985	0	0
995	0	0
1005	0	0
1015	0	0
1025	0	0
1035	0	0
1045	0	0
1055	0	0
1065	0	0
1075	0	0
1085	0	0
1095	0	0
1105	0	0
1115	0	0
1125	0	0
1135	0	0
1145	0	0
1155	0	0
1165	0	0
1175	0	0
1185	0	0
1195	0	0
