FG time = 3004.02	BG time = 484.673
5	0	0
15	0	0
25	0	0
35	0.000332887	0
45	0.0109853	0
55	0.0456055	0
65	0.0742338	0
75	0.0978688	0
85	0.125831	0
95	0.157788	0
105	0.183088	0
115	0.204726	0
125	0.213381	0
135	0.244006	0
145	0.250664	0
155	0.256323	0
165	0.265311	0
175	0.302927	0
185	0.281955	0
195	0.312914	0
205	0.312581	0
215	0.304259	0
225	0.329558	0
235	0.335217	0
245	0.33555	0
255	0.362514	0
265	0.3482	0
275	0.338546	0
285	0.340876	0
295	0.342208	0
305	0.325896	0
315	0.347534	0
325	0.32057	0
335	0.348866	0
345	0.31824	0
355	0.319905	0
365	0.32856	0
375	0.304259	0
385	0.312914	0
395	0.308253	0
405	0.28595	0
415	0.279625	0
425	0.278627	0
435	0.274965	0
445	0.270304	0
455	0.257655	0
465	0.23868	0
475	0.240012	0
485	0.232688	0
495	0.229359	0
505	0.211383	0
515	0.208387	0
525	0.196071	0
535	0.193075	0
545	0.172103	0
555	0.138814	0
565	0.140478	0
575	0.135818	0
585	0.140478	0
595	0.118841	0
605	0.113182	0
615	0.101863	0
625	0.105858	0
635	0.082556	0
645	0.0815573	0
655	0.0705721	0
665	0.0699063	0
675	0.0645801	0
685	0.0452726	0
695	0.0429424	0
705	0.0372834	0
715	0.0256323	0
725	0.0219706	0
735	0.0183088	0
745	0.0153128	0
755	0.011651	0
765	0.00466042	0
775	0.00665774	0
785	0.00233021	0
795	0.00466042	0
805	0.00366176	0
815	0.000332887	0
825	0.000665774	0
835	0.000665774	0
845	0	0
855	0	0
865	0	0
875	0	0
885	0	0
895	0	0
905	0	0
915	0	0
925	0	0
935	0	0
945	0	0
955	0	0
965	0	0
975	0	0
985	0	0
995	0	0
1005	0	0
1015	0	0
1025	0	0
1035	0	0
1045	0	0
1055	0	0
1065	0	0
1075	0	0
1085	0	0
1095	0	0
1105	0	0
1115	0	0
1125	0	0
1135	0	0
1145	0	0
1155	0	0
1165	0	0
1175	0	0
1185	0	0
1195	0	0
