FG time = 3287.04	BG time = 725.983
5	0	0
15	0	0
25	0	0
35	0	0
45	0.000304225	0
55	0.0012169	0
65	0.0136901	0
75	0.0462423	0
85	0.0794028	0
95	0.120473	0
105	0.152113	0
115	0.171279	0
125	0.184056	0
135	0.211132	0
145	0.21813	0
155	0.219042	0
165	0.233949	0
175	0.235775	0
185	0.229994	0
195	0.236687	0
205	0.245206	0
215	0.258896	0
225	0.269239	0
235	0.258896	0
245	0.263763	0
255	0.285363	0
265	0.265285	0
275	0.264676	0
285	0.274107	0
295	0.259504	0
305	0.260113	0
315	0.279279	0
325	0.268631	0
335	0.276541	0
345	0.293273	0
355	0.262242	0
365	0.263155	0
375	0.257375	0
385	0.235775	0
395	0.248856	0
405	0.240034	0
415	0.248552	0
425	0.230299	0
435	0.217521	0
445	0.209003	0
455	0.203831	0
465	0.189532	0
475	0.1944	0
485	0.175842	0
495	0.170366	0
505	0.171887	0
515	0.161848	0
525	0.156068	0
535	0.153634	0
545	0.132034	0
555	0.125949	0
565	0.118952	0
575	0.110434	0
585	0.10009	0
595	0.104654	0
605	0.0894423	0
615	0.0854873	0
625	0.0775775	0
635	0.0608451	0
645	0.0608451	0
655	0.0565859	0
665	0.0520225	0
675	0.0371155	0
685	0.0450254	0
695	0.0325521	0
705	0.0298141	0
715	0.0225127	0
725	0.0206873	0
735	0.0164282	0
745	0.0133859	0
755	0.0112563	0
765	0.00760563	0
775	0.00699718	0
785	0.00456338	0
795	0.00547606	0
805	0.00334648	0
815	0.00212958	0
825	0.00273803	0
835	0.0012169	0
845	0.000608451	0
855	0.000608451	0
865	0.000608451	0
875	0.000304225	0
885	0.000304225	0
895	0.000304225	0
905	0	0
915	0	0
925	0	0
935	0	0
945	0	0
955	0	0
965	0	0
975	0	0
985	0	0
995	0	0
1005	0	0
1015	0	0
1025	0	0
1035	0	0
1045	0	0
1055	0	0
1065	0	0
1075	0	0
1085	0	0
1095	0	0
1105	0	0
1115	0	0
1125	0	0
1135	0	0
1145	0	0
1155	0	0
1165	0	0
1175	0	0
1185	0	0
1195	0	0
