FG time = 1636.3	BG time = 313.584
5	0	0
15	0	0
25	0	0
35	0	0
45	0.00244453	0
55	0.018334	0
65	0.0268899	0
75	0.0513352	0
85	0.0690581	0
95	0.0806696	0
105	0.0861698	0
115	0.101448	0
125	0.104504	0
135	0.109393	0
145	0.110004	0
155	0.106948	0
165	0.124671	0
175	0.130783	0
185	0.108171	0
195	0.126505	0
205	0.143616	0
215	0.133227	0
225	0.137505	0
235	0.144839	0
245	0.130171	0
255	0.144227	0
265	0.142394	0
275	0.139338	0
285	0.132005	0
295	0.138116	0
305	0.146672	0
315	0.130171	0
325	0.128949	0
335	0.128949	0
345	0.132616	0
355	0.12406	0
365	0.136894	0
375	0.116115	0
385	0.119782	0
395	0.108171	0
405	0.119171	0
415	0.10267	0
425	0.106337	0
435	0.106337	0
445	0.0892255	0
455	0.0996148	0
465	0.0892255	0
475	0.0892255	0
485	0.082503	0
495	0.0696692	0
505	0.0757805	0
515	0.0806696	0
525	0.0702803	0
535	0.0757805	0
545	0.0745583	0
555	0.0580577	0
565	0.0543909	0
575	0.0519463	0
585	0.0531686	0
595	0.0525575	0
605	0.0427793	0
615	0.0409459	0
625	0.0360569	0
635	0.0293344	0
645	0.0220008	0
655	0.0244453	0
665	0.0177229	0
675	0.0171117	0
685	0.0207785	0
695	0.00977814	0
705	0.0110004	0
715	0.0122227	0
725	0.00977814	0
735	0.009167	0
745	0.00611133	0
755	0.0036668	0
765	0.00244453	0
775	0.00244453	0
785	0.000611133	0
795	0.000611133	0
805	0.0018334	0
815	0.000611133	0
825	0.000611133	0
835	0.000611133	0
845	0	0
855	0	0
865	0	0
875	0	0
885	0	0
895	0	0
905	0	0
915	0	0
925	0	0
935	0	0
945	0	0
955	0	0
965	0	0
975	0	0
985	0	0
995	0	0
1005	0	0
1015	0	0
1025	0	0
1035	0	0
1045	0	0
1055	0	0
1065	0	0
1075	0	0
1085	0	0
1095	0	0
1105	0	0
1115	0	0
1125	0	0
1135	0	0
1145	0	0
1155	0	0
1165	0	0
1175	0	0
1185	0	0
1195	0	0
