FG time = 2703.15	BG time = 424.726
5	0	0
15	0	0
25	0	0
35	0.000369939	0
45	0.0107282	0
55	0.0340344	0
65	0.0455025	0
75	0.0799068	0
85	0.0961841	0
95	0.128739	0
105	0.138357	0
115	0.146496	0
125	0.151305	0
135	0.173501	0
145	0.189039	0
155	0.191998	0
165	0.216044	0
175	0.202357	0
185	0.234171	0
195	0.24268	0
205	0.221223	0
215	0.24527	0
225	0.254518	0
235	0.256368	0
245	0.251928	0
255	0.259697	0
265	0.269316	0
275	0.259697	0
285	0.253778	0
295	0.247119	0
305	0.24231	0
315	0.254518	0
325	0.254148	0
335	0.265246	0
345	0.266356	0
355	0.253038	0
365	0.239351	0
375	0.2449	0
385	0.24083	0
395	0.234541	0
405	0.220484	0
415	0.213085	0
425	0.211975	0
435	0.197917	0
445	0.189039	0
455	0.211605	0
465	0.185709	0
475	0.18016	0
485	0.170542	0
495	0.165733	0
505	0.156484	0
515	0.150565	0
525	0.139467	0
535	0.130958	0
545	0.140207	0
555	0.104323	0
565	0.118011	0
575	0.117641	0
585	0.0943344	0
595	0.0921148	0
605	0.0880455	0
615	0.0780571	0
625	0.0747277	0
635	0.0636295	0
645	0.0510516	0
655	0.0510516	0
665	0.0466123	0
675	0.0358841	0
685	0.0310749	0
695	0.0273755	0
705	0.0288552	0
715	0.0177571	0
725	0.0151675	0
735	0.0159074	0
745	0.0140577	0
755	0.00776872	0
765	0.00776872	0
775	0.00554908	0
785	0.00443927	0
795	0.000739878	0
805	0.00184969	0
815	0.00184969	0
825	0.000369939	0
835	0.000739878	0
845	0.00147976	0
855	0	0
865	0	0
875	0	0
885	0.000369939	0
895	0	0
905	0	0
915	0	0
925	0	0
935	0	0
945	0	0
955	0	0
965	0	0
975	0	0
985	0	0
995	0	0
1005	0	0
1015	0	0
1025	0	0
1035	0	0
1045	0	0
1055	0	0
1065	0	0
1075	0	0
1085	0	0
1095	0	0
1105	0	0
1115	0	0
1125	0	0
1135	0	0
1145	0	0
1155	0	0
1165	0	0
1175	0	0
1185	0	0
1195	0	0
