FG time = 3018.82	BG time = 614.544
5	0	0
15	0	0
25	0	0
35	0	0
45	0	0
55	0.00795012	0
65	0.0301442	0
75	0.0536633	0
85	0.0791699	0
95	0.0993764	0
105	0.105008	0
115	0.113289	0
125	0.120245	0
135	0.126539	0
145	0.119914	0
155	0.140783	0
165	0.145752	0
175	0.148733	0
185	0.154365	0
195	0.152046	0
205	0.161984	0
215	0.164965	0
225	0.161652	0
235	0.165627	0
245	0.16629	0
255	0.159665	0
265	0.160659	0
275	0.157677	0
285	0.161321	0
295	0.160659	0
305	0.15834	0
315	0.157346	0
325	0.150058	0
335	0.157015	0
345	0.159996	0
355	0.149396	0
365	0.137471	0
375	0.161321	0
385	0.133827	0
395	0.143433	0
405	0.131508	0
415	0.134821	0
425	0.130183	0
435	0.125546	0
445	0.126539	0
455	0.109977	0
465	0.113952	0
475	0.110308	0
485	0.109977	0
495	0.0960639	0
505	0.0891075	0
515	0.0907638	0
525	0.0838075	0
535	0.0804949	0
545	0.0824824	0
555	0.0602884	0
565	0.0672447	0
575	0.0629384	0
585	0.0523383	0
595	0.050682	0
605	0.0563133	0
615	0.0443881	0
625	0.0361068	0
635	0.035113	0
645	0.0361068	0
655	0.0318005	0
665	0.0278254	0
675	0.0228566	0
685	0.0205378	0
695	0.0188815	0
705	0.0135814	0
715	0.0129189	0
725	0.0115939	0
735	0.00960639	0
745	0.00795012	0
755	0.00728761	0
765	0.00530008	0
775	0.0036438	0
785	0.00298129	0
795	0.00231878	0
805	0.00265004	0
815	0.00231878	0
825	0.00165627	0
835	0.000331255	0
845	0.000331255	0
855	0.000331255	0
865	0.00066251	0
875	0	0
885	0	0
895	0	0
905	0	0
915	0	0
925	0	0
935	0	0
945	0	0
955	0	0
965	0	0
975	0	0
985	0	0
995	0	0
1005	0	0
1015	0	0
1025	0	0
1035	0	0
1045	0	0
1055	0	0
1065	0	0
1075	0	0
1085	0	0
1095	0	0
1105	0	0
1115	0	0
1125	0	0
1135	0	0
1145	0	0
1155	0	0
1165	0	0
1175	0	0
1185	0	0
1195	0	0
