FG time = 2598.39	BG time = 494.533
5	0	0
15	0	0
25	0	0
35	0	0
45	0.00115456	0
55	0.0057728	0
65	0.0238609	0
75	0.0592674	0
85	0.0869768	0
95	0.0973678	0
105	0.0989072	0
115	0.119304	0
125	0.13085	0
135	0.123538	0
145	0.138162	0
155	0.133929	0
165	0.155096	0
175	0.145859	0
185	0.147399	0
195	0.152402	0
205	0.158559	0
215	0.147399	0
225	0.162023	0
235	0.148168	0
245	0.158175	0
255	0.170105	0
265	0.158559	0
275	0.165872	0
285	0.154711	0
295	0.164717	0
305	0.161253	0
315	0.155481	0
325	0.153941	0
335	0.145474	0
345	0.152787	0
355	0.153941	0
365	0.151632	0
375	0.143165	0
385	0.142396	0
395	0.132389	0
405	0.127001	0
415	0.128156	0
425	0.128541	0
435	0.124308	0
445	0.096983	0
455	0.105835	0
465	0.108529	0
475	0.102756	0
485	0.10391	0
495	0.0985224	0
505	0.0800494	0
515	0.0800494	0
525	0.075816	0
535	0.0750463	0
545	0.0769706	0
555	0.0677341	0
565	0.0661947	0
575	0.0677341	0
585	0.0596522	0
595	0.0546491	0
605	0.0492612	0
615	0.0407944	0
625	0.0381004	0
635	0.0327125	0
645	0.0242457	0
655	0.0319428	0
665	0.0284791	0
675	0.023476	0
685	0.0238609	0
695	0.015779	0
705	0.0153941	0
715	0.0142396	0
725	0.0065425	0
735	0.00731221	0
745	0.00769706	0
755	0.00769706	0
765	0.0065425	0
775	0.0057728	0
785	0.00115456	0
795	0.00192427	0
805	0.00115456	0
815	0.00192427	0
825	0.000384853	0
835	0.00153941	0
845	0	0
855	0.000769706	0
865	0	0
875	0.000384853	0
885	0	0
895	0.000384853	0
905	0	0
915	0	0
925	0	0
935	0	0
945	0	0
955	0	0
965	0	0
975	0	0
985	0	0
995	0	0
1005	0	0
1015	0	0
1025	0	0
1035	0	0
1045	0	0
1055	0	0
1065	0	0
1075	0	0
1085	0	0
1095	0	0
1105	0	0
1115	0	0
1125	0	0
1135	0	0
1145	0	0
1155	0	0
1165	0	0
1175	0	0
1185	0	0
1195	0	0
