FG time = 3018.9	BG time = 614.336
5	0	0
15	0	0
25	0	0
35	0	0
45	0.00132499	0
55	0.0105999	0
65	0.0281559	0
75	0.0476995	0
85	0.0520057	0
95	0.0616118	0
105	0.0798304	0
115	0.0788366	0
125	0.0834741	0
135	0.0937427	0
145	0.091424	0
155	0.0963927	0
165	0.10633	0
175	0.105668	0
185	0.10368	0
195	0.113286	0
205	0.115274	0
215	0.129517	0
225	0.113286	0
235	0.114943	0
245	0.109643	0
255	0.111961	0
265	0.110636	0
275	0.125874	0
285	0.117261	0
295	0.119911	0
305	0.118586	0
315	0.123886	0
325	0.122561	0
335	0.107655	0
345	0.105336	0
355	0.104011	0
365	0.102355	0
375	0.0950677	0
385	0.101361	0
395	0.0960615	0
405	0.107655	0
415	0.0993739	0
425	0.0891053	0
435	0.088774	0
445	0.0851303	0
455	0.0751929	0
465	0.0844678	0
475	0.0814866	0
485	0.0771804	0
495	0.0708867	0
505	0.0655868	0
515	0.0669118	0
525	0.0549869	0
535	0.0559806	0
545	0.0513432	0
555	0.0506807	0
565	0.044387	0
575	0.0400808	0
585	0.0351121	0
595	0.0357746	0
605	0.0420683	0
615	0.0354434	0
625	0.0278247	0
635	0.0271622	0
645	0.0321309	0
655	0.0195435	0
665	0.0168936	0
675	0.0152373	0
685	0.0172248	0
695	0.0135811	0
705	0.00728742	0
715	0.0092749	0
725	0.00463745	0
735	0.00695617	0
745	0.0049687	0
755	0.0043062	0
765	0.00331246	0
775	0.00198748	0
785	0.000993739	0
795	0.000662493	0
805	0.000993739	0
815	0.000331246	0
825	0.00132499	0
835	0.000331246	0
845	0	0
855	0	0
865	0	0
875	0	0
885	0	0
895	0	0
905	0	0
915	0	0
925	0	0
935	0	0
945	0	0
955	0	0
965	0	0
975	0	0
985	0	0
995	0	0
1005	0	0
1015	0	0
1025	0	0
1035	0	0
1045	0	0
1055	0	0
1065	0	0
1075	0	0
1085	0	0
1095	0	0
1105	0	0
1115	0	0
1125	0	0
1135	0	0
1145	0	0
1155	0	0
1165	0	0
1175	0	0
1185	0	0
1195	0	0
