FG time = 2404.79	BG time = 364.908
5	0	0
15	0	0
25	0	0
35	0.000415838	0
45	0.0033267	0
55	0.0141385	0
65	0.0569697	0
75	0.113939	0
85	0.140969	0
95	0.148038	0
105	0.181721	0
115	0.172157	0
125	0.197523	0
135	0.214572	0
145	0.190869	0
155	0.216651	0
165	0.21582	0
175	0.241602	0
185	0.219562	0
195	0.222889	0
205	0.226216	0
215	0.234532	0
225	0.232869	0
235	0.238691	0
245	0.23578	0
255	0.209582	0
265	0.239938	0
275	0.244097	0
285	0.233285	0
295	0.224552	0
305	0.227879	0
315	0.234948	0
325	0.232453	0
335	0.24576	0
345	0.225384	0
355	0.20085	0
365	0.21083	0
375	0.205424	0
385	0.211245	0
395	0.209166	0
405	0.177978	0
415	0.185464	0
425	0.196691	0
435	0.163424	0
445	0.177563	0
455	0.14887	0
465	0.162177	0
475	0.146375	0
485	0.15386	0
495	0.150117	0
505	0.123504	0
515	0.117266	0
525	0.106454	0
535	0.108949	0
545	0.12184	0
555	0.0993852	0
565	0.0856625	0
575	0.0952268	0
585	0.0856625	0
595	0.0661182	0
605	0.0748508	0
615	0.0619598	0
625	0.0532272	0
635	0.048653	0
645	0.0374254	0
655	0.0415838	0
665	0.0340987	0
675	0.0340987	0
685	0.0257819	0
695	0.028277	0
705	0.0182969	0
715	0.0162177	0
725	0.0166335	0
735	0.0137226	0
745	0.00831675	0
755	0.00790091	0
765	0.00457421	0
775	0.00457421	0
785	0.00207919	0
795	0.000415838	0
805	0.00207919	0
815	0.000831675	0
825	0.000415838	0
835	0.000415838	0
845	0	0
855	0	0
865	0	0
875	0	0
885	0	0
895	0	0
905	0	0
915	0	0
925	0	0
935	0	0
945	0	0
955	0	0
965	0	0
975	0	0
985	0	0
995	0	0
1005	0	0
1015	0	0
1025	0	0
1035	0	0
1045	0	0
1055	0	0
1065	0	0
1075	0	0
1085	0	0
1095	0	0
1105	0	0
1115	0	0
1125	0	0
1135	0	0
1145	0	0
1155	0	0
1165	0	0
1175	0	0
1185	0	0
1195	0	0
