FG time = 3612.76	BG time = 486.973
5	0	0
15	0	0
25	0	0
35	0.000276796	0
45	0.00138398	0
55	0.0132862	0
65	0.0603416	0
75	0.140613	0
85	0.186007	0
95	0.228634	0
105	0.228634	0
115	0.24192	0
125	0.260465	0
135	0.262126	0
145	0.27735	0
155	0.288699	0
165	0.293127	0
175	0.293404	0
185	0.303369	0
195	0.294511	0
205	0.31361	0
215	0.321914	0
225	0.330218	0
235	0.331602	0
245	0.324682	0
255	0.314994	0
265	0.311396	0
275	0.311119	0
285	0.309182	0
295	0.308628	0
305	0.299771	0
315	0.305306	0
325	0.294788	0
335	0.300324	0
345	0.279564	0
355	0.270707	0
365	0.28427	0
375	0.252438	0
385	0.261296	0
395	0.258805	0
405	0.260742	0
415	0.246349	0
425	0.238322	0
435	0.234723	0
445	0.223098	0
455	0.216455	0
465	0.216732	0
475	0.206767	0
485	0.191543	0
495	0.174105	0
505	0.181302	0
515	0.158604	0
525	0.164694	0
535	0.152238	0
545	0.14172	0
555	0.12788	0
565	0.118192	0
575	0.117915	0
585	0.0874677	0
595	0.0877445	0
605	0.0808246	0
615	0.0791638	0
625	0.0683687	0
635	0.0661544	0
645	0.0498234	0
655	0.0658776	0
665	0.0473322	0
675	0.0384747	0
685	0.0343228	0
695	0.0329388	0
705	0.0221437	0
715	0.0218669	0
725	0.0132862	0
735	0.0132862	0
745	0.012179	0
755	0.00968788	0
765	0.00608952	0
775	0.00442874	0
785	0.00276796	0
795	0.00221437	0
805	0.00332156	0
815	0.00138398	0
825	0.000830389	0
835	0.00138398	0
845	0.000553593	0
855	0	0
865	0	0
875	0	0
885	0	0
895	0	0
905	0	0
915	0	0
925	0	0
935	0	0
945	0	0
955	0	0
965	0	0
975	0	0
985	0	0
995	0	0
1005	0	0
1015	0	0
1025	0	0
1035	0	0
1045	0	0
1055	0	0
1065	0	0
1075	0	0
1085	0	0
1095	0	0
1105	0	0
1115	0	0
1125	0	0
1135	0	0
1145	0	0
1155	0	0
1165	0	0
1175	0	0
1185	0	0
1195	0	0
