FG time = 2704.3	BG time = 423.85
5	0	0
15	0	0
25	0	0
35	0	0
45	0.00702585	0
55	0.0277336	0
65	0.0528787	0
75	0.0717376	0
85	0.0961432	0
95	0.106127	0
105	0.122398	0
115	0.134231	0
125	0.180823	0
135	0.159006	0
145	0.194135	0
155	0.198573	0
165	0.199312	0
175	0.240358	0
185	0.224457	0
195	0.216692	0
205	0.232592	0
215	0.246644	0
225	0.226676	0
235	0.242946	0
245	0.251821	0
255	0.248123	0
265	0.235551	0
275	0.242207	0
285	0.250712	0
295	0.247014	0
305	0.255889	0
315	0.249602	0
325	0.247384	0
335	0.239618	0
345	0.225936	0
355	0.224457	0
365	0.23666	0
375	0.239618	0
385	0.231113	0
395	0.215213	0
405	0.217062	0
415	0.210406	0
425	0.18674	0
435	0.213364	0
445	0.186	0
455	0.188958	0
465	0.171209	0
475	0.155678	0
485	0.163443	0
495	0.146433	0
505	0.143475	0
515	0.145694	0
525	0.129423	0
535	0.138668	0
545	0.126465	0
555	0.124616	0
565	0.109825	0
575	0.0950338	0
585	0.0905964	0
595	0.0861591	0
605	0.0876382	0
615	0.0687793	0
625	0.0636024	0
635	0.0669304	0
645	0.0465925	0
655	0.0480716	0
665	0.0462227	0
675	0.0454831	0
685	0.0347594	0
695	0.0306919	0
705	0.0306919	0
715	0.0173797	0
725	0.0159006	0
735	0.0166402	0
745	0.0129423	0
755	0.0103539	0
765	0.00850497	0
775	0.00369781	0
785	0.00369781	0
795	0.00480716	0
805	0.00295825	0
815	0.00184891	0
825	0.000739563	0
835	0.000739563	0
845	0	0
855	0	0
865	0.000369781	0
875	0.000369781	0
885	0	0
895	0	0
905	0	0
915	0	0
925	0	0
935	0	0
945	0	0
955	0	0
965	0	0
975	0	0
985	0	0
995	0	0
1005	0	0
1015	0	0
1025	0	0
1035	0	0
1045	0	0
1055	0	0
1065	0	0
1075	0	0
1085	0	0
1095	0	0
1105	0	0
1115	0	0
1125	0	0
1135	0	0
1145	0	0
1155	0	0
1165	0	0
1175	0	0
1185	0	0
1195	0	0
