FG time = 2709.45	BG time = 425.605
5	0	0
15	0	0
25	0	0
35	0	0
45	0	0
55	0.00147632	0
65	0.0217757	0
75	0.0542546	0
85	0.0708632	0
95	0.103342	0
105	0.12438	0
115	0.143203	0
125	0.174205	0
135	0.172729	0
145	0.190445	0
155	0.205208	0
165	0.181956	0
175	0.201148	0
185	0.205208	0
195	0.21259	0
205	0.222555	0
215	0.238425	0
225	0.229567	0
235	0.2244	0
245	0.243592	0
255	0.231413	0
265	0.241009	0
275	0.238425	0
285	0.246545	0
295	0.226984	0
305	0.229567	0
315	0.239532	0
325	0.219233	0
335	0.217388	0
345	0.228091	0
355	0.214066	0
365	0.22846	0
375	0.201517	0
385	0.205208	0
395	0.205946	0
405	0.201517	0
415	0.192659	0
425	0.181956	0
435	0.164609	0
445	0.184909	0
455	0.164609	0
465	0.15612	0
475	0.153168	0
485	0.155751	0
495	0.153906	0
505	0.139512	0
515	0.142465	0
525	0.125118	0
535	0.116998	0
545	0.106295	0
555	0.109617	0
565	0.102604	0
575	0.093377	0
585	0.0863645	0
595	0.088579	0
605	0.0679106	0
615	0.0638507	0
625	0.0649579	0
635	0.0564691	0
645	0.0561	0
655	0.0472421	0
665	0.0413369	0
675	0.0332171	0
685	0.0295263	0
695	0.0287882	0
705	0.0269428	0
715	0.0221447	0
725	0.0195612	0
735	0.0136559	0
745	0.00664342	0
755	0.0110724	0
765	0.0107033	0
775	0.00664342	0
785	0.00516711	0
795	0.00369079	0
805	0.00258355	0
815	0.00221447	0
825	0.00110724	0
835	0.0018454	0
845	0.00110724	0
855	0.000738158	0
865	0.000738158	0
875	0.000369079	0
885	0.000369079	0
895	0	0
905	0	0
915	0	0
925	0	0
935	0	0
945	0	0
955	0	0
965	0	0
975	0	0
985	0	0
995	0	0
1005	0	0
1015	0	0
1025	0	0
1035	0	0
1045	0	0
1055	0	0
1065	0	0
1075	0	0
1085	0	0
1095	0	0
1105	0	0
1115	0	0
1125	0	0
1135	0	0
1145	0	0
1155	0	0
1165	0	0
1175	0	0
1185	0	0
1195	0	0
