FG time = 2224.46	BG time = 482.043
5	0.000449546	0
15	0	0
25	0.000899093	0
35	0.00494501	0
45	0.0179819	0
55	0.0714779	0
65	0.17847	0
75	0.266581	0
85	0.257141	0
95	0.328618	0
105	0.318728	0
115	0.341206	0
125	0.370426	0
135	0.35649	0
145	0.371325	0
155	0.417179	0
165	0.439207	0
175	0.443702	0
185	0.445501	0
195	0.451345	0
205	0.458987	0
215	0.454941	0
225	0.457189	0
235	0.47562	0
245	0.454042	0
255	0.474721	0
265	0.453143	0
275	0.468427	0
285	0.458088	0
295	0.464382	0
305	0.430216	0
315	0.442803	0
325	0.45584	0
335	0.411335	0
345	0.432913	0
355	0.414931	0
365	0.423473	0
375	0.433812	0
385	0.405491	0
395	0.394702	0
405	0.371325	0
415	0.355142	0
425	0.343903	0
435	0.32727	0
445	0.333563	0
455	0.334463	0
465	0.316481	0
475	0.263884	0
485	0.303444	0
495	0.270627	0
505	0.257141	0
515	0.23826	0
525	0.231516	0
535	0.196002	0
545	0.200048	0
555	0.210837	0
565	0.179819	0
575	0.160488	0
585	0.151048	0
595	0.133515	0
605	0.133965	0
615	0.128121	0
625	0.0948543	0
635	0.0786706	0
645	0.0930561	0
655	0.0804688	0
665	0.0687806	0
675	0.062487	0
685	0.0400096	0
695	0.0516978	0
705	0.0463033	0
715	0.0319178	0
725	0.0265232	0
735	0.018881	0
745	0.0112387	0
755	0.0116882	0
765	0.00809184	0
775	0.00764229	0
785	0.00854138	0
795	0.00404592	0
805	0.00179819	0
815	0.00224773	0
825	0.000449546	0
835	0.000899093	0
845	0.00134864	0
855	0	0
865	0.000449546	0
875	0	0
885	0	0
895	0	0
905	0	0
915	0	0
925	0	0
935	0	0
945	0	0
955	0	0
965	0	0
975	0	0
985	0	0
995	0	0
1005	0	0
1015	0	0
1025	0	0
1035	0	0
1045	0	0
1055	0	0
1065	0	0
1075	0	0
1085	0	0
1095	0	0
1105	0	0
1115	0	0
1125	0	0
1135	0	0
1145	0	0
1155	0	0
1165	0	0
1175	0	0
1185	0	0
1195	0	0
