FG time = 2078.26	BG time = 426.47
5	0	0
15	0	0
25	0	0
35	0	0
45	0	0
55	0.00914226	0
65	0.0442678	0
75	0.145314	0
85	0.199686	0
95	0.253096	0
105	0.290147	0
115	0.293034	0
125	0.31228	0
135	0.343557	0
145	0.332009	0
155	0.359435	0
165	0.370983	0
175	0.370983	0
185	0.370983	0
195	0.37387	0
205	0.349812	0
215	0.381088	0
225	0.391674	0
235	0.368578	0
245	0.398891	0
255	0.380126	0
265	0.377239	0
275	0.388306	0
285	0.376757	0
295	0.37772	0
305	0.372427	0
315	0.365209	0
325	0.327678	0
335	0.354142	0
345	0.34885	0
355	0.318536	0
365	0.337783	0
375	0.346444	0
385	0.32864	0
395	0.318536	0
405	0.289184	0
415	0.285816	0
425	0.280042	0
435	0.274268	0
445	0.270419	0
455	0.260795	0
465	0.245398	0
475	0.237218	0
485	0.223745	0
495	0.219895	0
505	0.202573	0
515	0.191988	0
525	0.178515	0
535	0.1891	0
545	0.166967	0
555	0.158787	0
565	0.156862	0
575	0.140021	0
585	0.123661	0
595	0.122699	0
605	0.103452	0
615	0.105377	0
625	0.0967155	0
635	0.0827615	0
645	0.067364	0
655	0.0688076	0
665	0.0538912	0
675	0.0514854	0
685	0.0495607	0
695	0.0356067	0
705	0.0317573	0
715	0.0283891	0
725	0.0230962	0
735	0.0163598	0
745	0.0163598	0
755	0.0158787	0
765	0.0101046	0
775	0.0120293	0
785	0.00384937	0
795	0.00481172	0
805	0.00384937	0
815	0.000962343	0
825	0.00144352	0
835	0.000481172	0
845	0.000481172	0
855	0.000481172	0
865	0	0
875	0	0
885	0.000481172	0
895	0	0
905	0	0
915	0	0
925	0	0
935	0	0
945	0	0
955	0	0
965	0	0
975	0	0
985	0	0
995	0	0
1005	0	0
1015	0	0
1025	0	0
1035	0	0
1045	0	0
1055	0	0
1065	0	0
1075	0	0
1085	0	0
1095	0	0
1105	0	0
1115	0	0
1125	0	0
1135	0	0
1145	0	0
1155	0	0
1165	0	0
1175	0	0
1185	0	0
1195	0	0
