FG time = 2833.04	BG time = 613.56
5	0	0
15	0	0
25	0	0
35	0	0
45	0.00211787	0
55	0.01659	0
65	0.064242	0
75	0.132367	0
85	0.170841	0
95	0.189196	0
105	0.21214	0
115	0.222376	0
125	0.234024	0
135	0.231906	0
145	0.241084	0
155	0.233671	0
165	0.269322	0
175	0.263322	0
185	0.25485	0
195	0.275323	0
205	0.262616	0
215	0.30462	0
225	0.298619	0
235	0.268616	0
245	0.27497	0
255	0.272852	0
265	0.27144	0
275	0.2845	0
285	0.250614	0
295	0.270734	0
305	0.270381	0
315	0.263674	0
325	0.260498	0
335	0.25132	0
345	0.269675	0
355	0.264027	0
365	0.230848	0
375	0.224141	0
385	0.229436	0
395	0.226965	0
405	0.220258	0
415	0.226965	0
425	0.206845	0
435	0.204727	0
445	0.198727	0
455	0.191314	0
465	0.190961	0
475	0.18249	0
485	0.176136	0
495	0.15531	0
505	0.147545	0
515	0.139426	0
525	0.131308	0
535	0.133779	0
545	0.114365	0
555	0.123895	0
565	0.111894	0
575	0.105893	0
585	0.0829498	0
595	0.0783611	0
605	0.0737724	0
615	0.0656539	0
625	0.0617711	0
635	0.063889	0
645	0.0578884	0
655	0.048358	0
665	0.0367097	0
675	0.0342389	0
685	0.0345918	0
695	0.0254144	0
705	0.0232965	0
715	0.0208257	0
725	0.0144721	0
735	0.0105893	0
745	0.00811849	0
755	0.00882445	0
765	0.00600062	0
775	0.00423573	0
785	0.00211787	0
795	0.00176489	0
805	0.00105893	0
815	0.00141191	0
825	0.00105893	0
835	0.000705956	0
845	0	0
855	0	0
865	0	0
875	0	0
885	0.000352978	0
895	0	0
905	0	0
915	0	0
925	0	0
935	0	0
945	0	0
955	0	0
965	0	0
975	0	0
985	0	0
995	0	0
1005	0	0
1015	0	0
1025	0	0
1035	0	0
1045	0	0
1055	0	0
1065	0	0
1075	0	0
1085	0	0
1095	0	0
1105	0	0
1115	0	0
1125	0	0
1135	0	0
1145	0	0
1155	0	0
1165	0	0
1175	0	0
1185	0	0
1195	0	0
