FG time = 2704.37	BG time = 424.469
5	0	0
15	0	0
25	0	0
35	0	0
45	0	0
55	0.00147909	0
65	0.0184886	0
75	0.04881	0
85	0.0632311	0
95	0.0891152	0
105	0.123134	0
115	0.139034	0
125	0.153825	0
135	0.176012	0
145	0.17823	0
155	0.183407	0
165	0.207442	0
175	0.200047	0
185	0.220015	0
195	0.224822	0
205	0.224082	0
215	0.22704	0
225	0.237394	0
235	0.22778	0
245	0.248117	0
255	0.245529	0
265	0.255513	0
275	0.250706	0
285	0.246638	0
295	0.231847	0
305	0.251815	0
315	0.250336	0
325	0.238503	0
335	0.235545	0
345	0.252924	0
355	0.232587	0
365	0.241831	0
375	0.230368	0
385	0.225561	0
395	0.217426	0
405	0.220015	0
415	0.203375	0
425	0.199677	0
435	0.19561	0
445	0.190803	0
455	0.185996	0
465	0.184516	0
475	0.177491	0
485	0.158632	0
495	0.147169	0
505	0.150867	0
515	0.137555	0
525	0.137186	0
535	0.12979	0
545	0.120176	0
555	0.116109	0
565	0.101687	0
575	0.104276	0
585	0.100578	0
595	0.0857872	0
605	0.090964	0
615	0.0765429	0
625	0.0658195	0
635	0.0643404	0
645	0.0595334	0
655	0.045482	0
665	0.0410447	0
675	0.0332795	0
685	0.0314307	0
695	0.0391959	0
705	0.0255143	0
715	0.0281027	0
725	0.0166398	0
735	0.0166398	0
745	0.0136816	0
755	0.00887454	0
765	0.008135	0
775	0.00554659	0
785	0.00369773	0
795	0.0040675	0
805	0.00369773	0
815	0.00258841	0
825	0.00221864	0
835	0	0
845	0.000739545	0
855	0	0
865	0.000739545	0
875	0.000739545	0
885	0.000369773	0
895	0	0
905	0.000369773	0
915	0	0
925	0	0
935	0	0
945	0	0
955	0	0
965	0	0
975	0	0
985	0	0
995	0	0
1005	0	0
1015	0	0
1025	0	0
1035	0	0
1045	0	0
1055	0	0
1065	0	0
1075	0	0
1085	0	0
1095	0	0
1105	0	0
1115	0	0
1125	0	0
1135	0	0
1145	0	0
1155	0	0
1165	0	0
1175	0	0
1185	0	0
1195	0	0
