FG time = 3319.18	BG time = 494.147
5	0	0
15	0	0
25	0	0
35	0	0
45	0.000602558	0
55	0.00933966	0
65	0.0418778	0
75	0.0846595	0
85	0.114185	0
95	0.136479	0
105	0.159678	0
115	0.165402	0
125	0.179562	0
135	0.186492	0
145	0.207581	0
155	0.206979	0
165	0.212402	0
175	0.225357	0
185	0.239216	0
195	0.24012	0
205	0.240421	0
215	0.249459	0
225	0.260607	0
235	0.251267	0
245	0.253677	0
255	0.24494	0
265	0.262414	0
275	0.26151	0
285	0.253677	0
295	0.233491	0
305	0.24494	0
315	0.243735	0
325	0.231684	0
335	0.225658	0
345	0.227767	0
355	0.23078	0
365	0.242228	0
375	0.224152	0
385	0.222344	0
395	0.206075	0
405	0.206678	0
415	0.201556	0
425	0.20969	0
435	0.193421	0
445	0.188902	0
455	0.187998	0
465	0.164197	0
475	0.16721	0
485	0.148832	0
495	0.163595	0
505	0.133467	0
515	0.135576	0
525	0.126537	0
535	0.122319	0
545	0.119005	0
555	0.102435	0
565	0.10123	0
575	0.0849607	0
585	0.0888774	0
595	0.0846595	0
605	0.0789352	0
615	0.0701981	0
625	0.0569418	0
635	0.0572431	0
645	0.0521213	0
655	0.0448906	0
665	0.0406727	0
675	0.0337433	0
685	0.0268139	0
695	0.0298266	0
705	0.018378	0
715	0.018378	0
725	0.0186793	0
735	0.0114486	0
745	0.0087371	0
755	0.0105448	0
765	0.00843582	0
775	0.00753198	0
785	0.00331407	0
795	0.00361535	0
805	0.00331407	0
815	0.00210895	0
825	0.00120512	0
835	0.000903838	0
845	0.000602558	0
855	0	0
865	0	0
875	0.000602558	0
885	0	0
895	0	0
905	0	0
915	0	0
925	0.000301279	0
935	0	0
945	0.000301279	0
955	0	0
965	0	0
975	0	0
985	0	0
995	0	0
1005	0	0
1015	0	0
1025	0	0
1035	0	0
1045	0	0
1055	0	0
1065	0	0
1075	0	0
1085	0	0
1095	0	0
1105	0	0
1115	0	0
1125	0	0
1135	0	0
1145	0	0
1155	0	0
1165	0	0
1175	0	0
1185	0	0
1195	0	0
