FG time = 3604.42	BG time = 484.882
5	0	0
15	0	0
25	0	0
35	0	0
45	0.000554874	0
55	0.00638105	0
65	0.0238596	0
75	0.0438351	0
85	0.0696367	0
95	0.0976579	0
105	0.108755	0
115	0.1082	0
125	0.132892	0
135	0.134002	0
145	0.142048	0
155	0.155642	0
165	0.172843	0
175	0.172566	0
185	0.168127	0
195	0.194206	0
205	0.18727	0
215	0.188102	0
225	0.196148	0
235	0.19698	0
245	0.197535	0
255	0.203916	0
265	0.206413	0
275	0.198645	0
285	0.204471	0
295	0.202252	0
305	0.193096	0
315	0.203639	0
325	0.192819	0
335	0.196703	0
345	0.183941	0
355	0.207246	0
365	0.193374	0
375	0.191709	0
385	0.179224	0
395	0.176173	0
405	0.17867	0
415	0.167572	0
425	0.172288	0
435	0.16341	0
445	0.148984	0
455	0.151481	0
465	0.147597	0
475	0.138996	0
485	0.125402	0
495	0.135944	0
505	0.127066	0
515	0.115414	0
525	0.118466	0
535	0.109033	0
545	0.0973804	0
555	0.0998774	0
565	0.0848958	0
575	0.0851732	0
585	0.0785147	0
595	0.0682495	0
605	0.0715788	0
615	0.0643654	0
625	0.0496613	0
635	0.0524356	0
645	0.0441125	0
655	0.0405058	0
665	0.0321827	0
675	0.0391186	0
685	0.0271888	0
695	0.0205304	0
705	0.0163688	0
715	0.0208078	0
725	0.0138719	0
735	0.0141493	0
745	0.00860055	0
755	0.00638105	0
765	0.00693593	0
775	0.00638105	0
785	0.00249693	0
795	0.00277437	0
805	0.00138719	0
815	0.00110975	0
825	0	0
835	0.000554874	0
845	0.000554874	0
855	0.000832312	0
865	0	0
875	0	0
885	0	0
895	0	0
905	0	0
915	0.000277437	0
925	0	0
935	0	0
945	0	0
955	0	0
965	0	0
975	0	0
985	0	0
995	0	0
1005	0	0
1015	0	0
1025	0	0
1035	0	0
1045	0	0
1055	0	0
1065	0	0
1075	0	0
1085	0	0
1095	0	0
1105	0	0
1115	0	0
1125	0	0
1135	0	0
1145	0	0
1155	0	0
1165	0	0
1175	0	0
1185	0	0
1195	0	0
