FG time = 3542.94	BG time = 486.123
5	0	0
15	0	0
25	0	0
35	0.000282251	0
45	0.000564503	0
55	0.0129836	0
65	0.0626598	0
75	0.1479	0
85	0.233704	0
95	0.25826	0
105	0.284792	0
115	0.308218	0
125	0.316686	0
135	0.318097	0
145	0.33475	0
155	0.33475	0
165	0.349992	0
175	0.349992	0
185	0.360153	0
195	0.362975	0
205	0.366927	0
215	0.373419	0
225	0.375677	0
235	0.375959	0
245	0.375394	0
255	0.367491	0
265	0.359306	0
275	0.372007	0
285	0.362975	0
295	0.346322	0
305	0.363257	0
315	0.331928	0
325	0.360999	0
335	0.353379	0
345	0.331645	0
355	0.324307	0
365	0.322896	0
375	0.317251	0
385	0.320638	0
395	0.306525	0
405	0.28705	0
415	0.296646	0
425	0.261365	0
435	0.290437	0
445	0.272937	0
455	0.268703	0
465	0.247817	0
475	0.224108	0
485	0.221003	0
495	0.216205	0
505	0.202656	0
515	0.185439	0
525	0.197294	0
535	0.175278	0
545	0.151569	0
555	0.161166	0
565	0.145924	0
575	0.140279	0
585	0.125037	0
595	0.120239	0
605	0.09653	0
615	0.09653	0
625	0.0826996	0
635	0.0762079	0
645	0.0649178	0
655	0.0652001	0
665	0.0578615	0
675	0.0389507	0
685	0.0406442	0
695	0.0302009	0
705	0.0290719	0
715	0.0222979	0
725	0.0208866	0
735	0.0152416	0
745	0.0135481	0
755	0.010161	0
765	0.00762079	0
775	0.00564503	0
785	0.00395152	0
795	0.00282251	0
805	0.00282251	0
815	0.00225801	0
825	0.000846754	0
835	0.000564503	0
845	0.000846754	0
855	0	0
865	0.000282251	0
875	0.000282251	0
885	0.000564503	0
895	0	0
905	0	0
915	0	0
925	0	0
935	0	0
945	0	0
955	0	0
965	0	0
975	0	0
985	0	0
995	0	0
1005	0	0
1015	0	0
1025	0	0
1035	0	0
1045	0	0
1055	0	0
1065	0	0
1075	0	0
1085	0	0
1095	0	0
1105	0	0
1115	0	0
1125	0	0
1135	0	0
1145	0	0
1155	0	0
1165	0	0
1175	0	0
1185	0	0
1195	0	0
