FG time = 3313.24	BG time = 733.378
5	0	0
15	0	0
25	0	0
35	0	0
45	0.000603638	0
55	0.00664002	0
65	0.0325965	0
75	0.071833	0
85	0.111975	0
95	0.123444	0
105	0.125859	0
115	0.131593	0
125	0.145477	0
135	0.156946	0
145	0.159662	0
155	0.16419	0
165	0.161473	0
175	0.18743	0
185	0.17083	0
195	0.184713	0
205	0.184412	0
215	0.177772	0
225	0.182601	0
235	0.195579	0
245	0.182299	0
255	0.188939	0
265	0.174452	0
275	0.191353	0
285	0.18411	0
295	0.192862	0
305	0.181393	0
315	0.161473	0
325	0.177772	0
335	0.171433	0
345	0.171132	0
355	0.171735	0
365	0.169019	0
375	0.172641	0
385	0.162077	0
395	0.161775	0
405	0.153626	0
415	0.153022	0
425	0.136422	0
435	0.133404	0
445	0.125859	0
455	0.121331	0
465	0.120728	0
475	0.117106	0
485	0.112277	0
495	0.100204	0
505	0.109259	0
515	0.104128	0
525	0.0938658	0
535	0.0811894	0
545	0.0830003	0
555	0.0712293	0
565	0.0703239	0
575	0.0673057	0
585	0.0691166	0
595	0.0606657	0
605	0.0491965	0
615	0.0507056	0
625	0.0476874	0
635	0.0404438	0
645	0.0338038	0
655	0.0274656	0
665	0.0280692	0
675	0.0277674	0
685	0.0196183	0
695	0.0159964	0
705	0.0156946	0
715	0.0108655	0
725	0.00965822	0
735	0.00965822	0
745	0.00754548	0
755	0.00543275	0
765	0.00301819	0
775	0.00513093	0
785	0.00271637	0
795	0.00120728	0
805	0.00211273	0
815	0.00181092	0
825	0.000603638	0
835	0.000905458	0
845	0.000603638	0
855	0.000301819	0
865	0.000905458	0
875	0	0
885	0	0
895	0	0
905	0	0
915	0	0
925	0	0
935	0	0
945	0	0
955	0	0
965	0	0
975	0	0
985	0	0
995	0	0
1005	0	0
1015	0	0
1025	0	0
1035	0	0
1045	0	0
1055	0	0
1065	0	0
1075	0	0
1085	0	0
1095	0	0
1105	0	0
1115	0	0
1125	0	0
1135	0	0
1145	0	0
1155	0	0
1165	0	0
1175	0	0
1185	0	0
1195	0	0
