FG time = 3612.54	BG time = 732.685
5	0	0
15	0	0
25	0	0
35	0	0
45	0.000276814	0
55	0.00498265	0
65	0.035709	0
75	0.065328	0
85	0.0852586	0
95	0.0990993	0
105	0.115154	0
115	0.120137	0
125	0.116815	0
135	0.125673	0
145	0.143666	0
155	0.127888	0
165	0.131486	0
175	0.135085	0
185	0.148095	0
195	0.150863	0
205	0.1564	0
215	0.143389	0
225	0.154739	0
235	0.151971	0
245	0.150587	0
255	0.141175	0
265	0.139237	0
275	0.140621	0
285	0.157784	0
295	0.146434	0
305	0.147818	0
315	0.146988	0
325	0.142282	0
335	0.135362	0
345	0.136469	0
355	0.127611	0
365	0.133701	0
375	0.145604	0
385	0.125673	0
395	0.127334	0
405	0.119583	0
415	0.11377	0
425	0.125673	0
435	0.124566	0
445	0.10602	0
455	0.105743	0
465	0.0977152	0
475	0.10685	0
485	0.0930094	0
495	0.0883035	0
505	0.0910717	0
515	0.0799991	0
525	0.0741861	0
535	0.0780614	0
545	0.0614526	0
555	0.0678193	0
565	0.0611758	0
575	0.0556395	0
585	0.048996	0
595	0.0429061	0
605	0.0417989	0
615	0.0404148	0
625	0.0293422	0
635	0.0318336	0
645	0.0315568	0
655	0.0279582	0
665	0.0213146	0
675	0.0202074	0
685	0.0199306	0
695	0.0160552	0
705	0.0143943	0
715	0.00968848	0
725	0.00858122	0
735	0.00830441	0
745	0.00498265	0
755	0.00470583	0
765	0.00332176	0
775	0.00221451	0
785	0.00249132	0
795	0.0019377	0
805	0.000830441	0
815	0.000830441	0
825	0.000830441	0
835	0.000553627	0
845	0.000276814	0
855	0.000553627	0
865	0.000276814	0
875	0	0
885	0	0
895	0	0
905	0	0
915	0	0
925	0	0
935	0	0
945	0	0
955	0	0
965	0	0
975	0	0
985	0	0
995	0	0
1005	0	0
1015	0	0
1025	0	0
1035	0	0
1045	0	0
1055	0	0
1065	0	0
1075	0	0
1085	0	0
1095	0	0
1105	0	0
1115	0	0
1125	0	0
1135	0	0
1145	0	0
1155	0	0
1165	0	0
1175	0	0
1185	0	0
1195	0	0
