FG time = 3313.11	BG time = 733.913
5	0	0
15	0	0
25	0	0
35	0.000905493	0
45	0.0039238	0
55	0.0132806	0
65	0.041049	0
75	0.0784761	0
85	0.104434	0
95	0.123449	0
105	0.127976	0
115	0.143068	0
125	0.141257	0
135	0.151821	0
145	0.155443	0
155	0.167214	0
165	0.166007	0
175	0.165102	0
185	0.165705	0
195	0.177778	0
205	0.184419	0
215	0.186532	0
225	0.180495	0
235	0.180797	0
245	0.177175	0
255	0.191059	0
265	0.180193	0
275	0.174156	0
285	0.188644	0
295	0.169025	0
305	0.176873	0
315	0.166007	0
325	0.160574	0
335	0.176571	0
345	0.181099	0
355	0.183211	0
365	0.152425	0
375	0.155443	0
385	0.168422	0
395	0.147294	0
405	0.153632	0
415	0.144275	0
425	0.149406	0
435	0.1319	0
445	0.126467	0
455	0.126165	0
465	0.118016	0
475	0.117714	0
485	0.112583	0
495	0.102924	0
505	0.105037	0
515	0.105641	0
525	0.100812	0
535	0.0896438	0
545	0.0805889	0
555	0.0718358	0
565	0.0799852	0
575	0.0694211	0
585	0.058857	0
595	0.0564424	0
605	0.0452746	0
615	0.0485948	0
625	0.0386344	0
635	0.0452746	0
645	0.0325977	0
655	0.0286739	0
665	0.0283721	0
675	0.023241	0
685	0.019619	0
695	0.019619	0
705	0.017808	0
715	0.0135824	0
725	0.00845127	0
735	0.0114696	0
745	0.00633845	0
755	0.00573479	0
765	0.00543296	0
775	0.00332014	0
785	0.00120732	0
795	0.00332014	0
805	0.000905493	0
815	0.000603662	0
825	0.000301831	0
835	0.000905493	0
845	0.000301831	0
855	0.000301831	0
865	0.000603662	0
875	0	0
885	0	0
895	0	0
905	0	0
915	0	0
925	0	0
935	0	0
945	0	0
955	0	0
965	0	0
975	0	0
985	0	0
995	0	0
1005	0	0
1015	0	0
1025	0	0
1035	0	0
1045	0	0
1055	0	0
1065	0	0
1075	0	0
1085	0	0
1095	0	0
1105	0	0
1115	0	0
1125	0	0
1135	0	0
1145	0	0
1155	0	0
1165	0	0
1175	0	0
1185	0	0
1195	0	0
