FG time = 3314.33	BG time = 493.563
5	0	0
15	0	0
25	0	0
35	0	0
45	0.00181032	0
55	0.0102585	0
65	0.0455598	0
75	0.0941367	0
85	0.114654	0
95	0.139998	0
105	0.156593	0
115	0.160817	0
125	0.172886	0
135	0.187368	0
145	0.190386	0
155	0.18948	0
165	0.186463	0
175	0.186161	0
185	0.202153	0
195	0.210601	0
205	0.214523	0
215	0.204265	0
225	0.212109	0
235	0.216333	0
245	0.212109	0
255	0.219049	0
265	0.218747	0
275	0.217239	0
285	0.206075	0
295	0.214221	0
305	0.204566	0
315	0.19823	0
325	0.211506	0
335	0.193704	0
345	0.207584	0
355	0.183446	0
365	0.197627	0
375	0.186463	0
385	0.179825	0
395	0.168058	0
405	0.171075	0
415	0.162627	0
425	0.164136	0
435	0.153877	0
445	0.145731	0
455	0.153877	0
465	0.142412	0
475	0.136076	0
485	0.131248	0
495	0.122498	0
505	0.112542	0
515	0.107111	0
525	0.111637	0
535	0.102585	0
545	0.0980591	0
555	0.0947402	0
565	0.0941367	0
575	0.0778439	0
585	0.0618527	0
595	0.0675854	0
605	0.0597406	0
615	0.0612492	0
625	0.0531028	0
635	0.0515942	0
645	0.0455598	0
655	0.0428443	0
665	0.0337927	0
675	0.0262497	0
685	0.0211204	0
695	0.0178015	0
705	0.0193101	0
715	0.0141809	0
725	0.0147843	0
735	0.00874989	0
745	0.00784473	0
755	0.00512925	0
765	0.00422408	0
775	0.00452581	0
785	0.00271548	0
795	0.00241376	0
805	0.00241376	0
815	0.0015086	0
825	0.000603441	0
835	0.000905161	0
845	0.000905161	0
855	0.00030172	0
865	0	0
875	0	0
885	0	0
895	0	0
905	0	0
915	0	0
925	0	0
935	0	0
945	0	0
955	0	0
965	0	0
975	0	0
985	0	0
995	0	0
1005	0	0
1015	0	0
1025	0	0
1035	0	0
1045	0	0
1055	0	0
1065	0	0
1075	0	0
1085	0	0
1095	0	0
1105	0	0
1115	0	0
1125	0	0
1135	0	0
1145	0	0
1155	0	0
1165	0	0
1175	0	0
1185	0	0
1195	0	0
