FG time = 3604.19	BG time = 484.972
5	0	0
15	0	0
25	0	0
35	0	0
45	0.00721383	0
55	0.0205317	0
65	0.043283	0
75	0.0704736	0
85	0.0846238	0
95	0.111814	0
105	0.114034	0
115	0.146496	0
125	0.1526	0
135	0.175352	0
145	0.179513	0
155	0.181456	0
165	0.203652	0
175	0.206149	0
185	0.211698	0
195	0.209479	0
205	0.221409	0
215	0.228901	0
225	0.235837	0
235	0.23445	0
245	0.241663	0
255	0.244438	0
265	0.234172	0
275	0.241109	0
285	0.244161	0
295	0.237224	0
305	0.236114	0
315	0.231953	0
325	0.232507	0
335	0.238057	0
345	0.234727	0
355	0.239166	0
365	0.226126	0
375	0.228346	0
385	0.222797	0
395	0.228901	0
405	0.21697	0
415	0.217525	0
425	0.196993	0
435	0.18756	0
445	0.191167	0
455	0.176184	0
465	0.177016	0
475	0.170357	0
485	0.160369	0
495	0.155652	0
505	0.143999	0
515	0.132624	0
525	0.132346	0
535	0.121803	0
545	0.120416	0
555	0.114866	0
565	0.102936	0
575	0.0912828	0
585	0.0943348	0
595	0.0857336	0
605	0.0793522	0
615	0.0729707	0
625	0.0607627	0
635	0.0624274	0
645	0.0596529	0
655	0.0496645	0
665	0.0438379	0
675	0.0357917	0
685	0.031075	0
695	0.0271906	0
705	0.0271906	0
715	0.0191444	0
725	0.0177571	0
735	0.01526	0
745	0.0110982	0
755	0.00776874	0
765	0.00943348	0
775	0.00582656	0
785	0.00360692	0
795	0.00332946	0
805	0.00110982	0
815	0.00166473	0
825	0.00221964	0
835	0.00055491	0
845	0.00055491	0
855	0	0
865	0.00055491	0
875	0	0
885	0.000277455	0
895	0	0
905	0	0
915	0	0
925	0	0
935	0	0
945	0	0
955	0	0
965	0	0
975	0	0
985	0	0
995	0	0
1005	0	0
1015	0	0
1025	0	0
1035	0	0
1045	0	0
1055	0	0
1065	0	0
1075	0	0
1085	0	0
1095	0	0
1105	0	0
1115	0	0
1125	0	0
1135	0	0
1145	0	0
1155	0	0
1165	0	0
1175	0	0
1185	0	0
1195	0	0
