FG time = 3093.6	BG time = 484.534
5	0	0
15	0	0
25	0.00226273	0
35	0.00808119	0
45	0.0235971	0
55	0.071761	0
65	0.171645	0
75	0.232092	0
85	0.258275	0
95	0.277023	0
105	0.297388	0
115	0.30159	0
125	0.310964	0
135	0.307732	0
145	0.341996	0
155	0.35428	0
165	0.362361	0
175	0.36527	0
185	0.366886	0
195	0.35331	0
205	0.380463	0
215	0.367856	0
225	0.377877	0
235	0.372058	0
245	0.366563	0
255	0.374967	0
265	0.370765	0
275	0.37917	0
285	0.38919	0
295	0.365916	0
305	0.395009	0
315	0.358805	0
325	0.351047	0
335	0.375937	0
345	0.368179	0
355	0.352987	0
365	0.330359	0
375	0.329066	0
385	0.309671	0
395	0.320015	0
405	0.308055	0
415	0.30159	0
425	0.298034	0
435	0.27573	0
445	0.295125	0
455	0.271205	0
465	0.250194	0
475	0.235324	0
485	0.255042	0
495	0.234031	0
505	0.202353	0
515	0.196535	0
525	0.222071	0
535	0.181989	0
545	0.166149	0
555	0.17714	0
565	0.134794	0
575	0.139966	0
585	0.119925	0
595	0.119278	0
605	0.108288	0
615	0.0989138	0
625	0.0921256	0
635	0.071761	0
645	0.0698215	0
655	0.0627101	0
665	0.0549521	0
675	0.0449314	0
685	0.0384665	0
695	0.0387897	0
705	0.0248901	0
715	0.0287691	0
725	0.0216576	0
735	0.0142229	0
745	0.0103439	0
755	0.0122834	0
765	0.00775795	0
775	0.00549521	0
785	0.00420222	0
795	0.00193949	0
805	0.00129299	0
815	0.000969743	0
825	0.000323248	0
835	0.000646496	0
845	0	0
855	0	0
865	0	0
875	0.000323248	0
885	0	0
895	0	0
905	0	0
915	0	0
925	0	0
935	0	0
945	0	0
955	0	0
965	0	0
975	0	0
985	0	0
995	0	0
1005	0	0
1015	0	0
1025	0	0
1035	0	0
1045	0	0
1055	0	0
1065	0	0
1075	0	0
1085	0	0
1095	0	0
1105	0	0
1115	0	0
1125	0	0
1135	0	0
1145	0	0
1155	0	0
1165	0	0
1175	0	0
1185	0	0
1195	0	0
