FG time = 3495.1	BG time = 485.199
5	0	0
15	0	0
25	0.000286114	0
35	0.0040056	0
45	0.0203141	0
55	0.0766787	0
65	0.182827	0
75	0.247203	0
85	0.304426	0
95	0.32989	0
105	0.361363	0
115	0.366799	0
125	0.39026	0
135	0.396269	0
145	0.388543	0
155	0.398271	0
165	0.420874	0
175	0.415438	0
185	0.428886	0
195	0.427741	0
205	0.4389	0
215	0.452919	0
225	0.442619	0
235	0.44405	0
245	0.434608	0
255	0.4492	0
265	0.466081	0
275	0.457211	0
285	0.442047	0
295	0.434894	0
305	0.447197	0
315	0.440902	0
325	0.418013	0
335	0.422305	0
345	0.416583	0
355	0.432033	0
365	0.414294	0
375	0.366799	0
385	0.388257	0
395	0.365654	0
405	0.371377	0
415	0.358788	0
425	0.354496	0
435	0.341048	0
445	0.323882	0
455	0.31444	0
465	0.308718	0
475	0.295842	0
485	0.281251	0
495	0.254642	0
505	0.238619	0
515	0.248633	0
525	0.226603	0
535	0.21945	0
545	0.199994	0
555	0.190266	0
565	0.161655	0
575	0.161082	0
585	0.155932	0
595	0.143629	0
605	0.138766	0
615	0.129038	0
625	0.106721	0
635	0.107293	0
645	0.082401	0
655	0.082401	0
665	0.0741037	0
675	0.0563646	0
685	0.0434894	0
695	0.0437755	0
705	0.0354782	0
715	0.0314726	0
725	0.027467	0
735	0.0191697	0
745	0.0134474	0
755	0.0131613	0
765	0.0123029	0
775	0.00629452	0
785	0.00543618	0
795	0.00343337	0
805	0.00286114	0
815	0.00171669	0
825	0.000572229	0
835	0.000572229	0
845	0	0
855	0	0
865	0	0
875	0	0
885	0	0
895	0	0
905	0	0
915	0	0
925	0	0
935	0	0
945	0	0
955	0	0
965	0	0
975	0	0
985	0	0
995	0	0
1005	0	0
1015	0	0
1025	0	0
1035	0	0
1045	0	0
1055	0	0
1065	0	0
1075	0	0
1085	0	0
1095	0	0
1105	0	0
1115	0	0
1125	0	0
1135	0	0
1145	0	0
1155	0	0
1165	0	0
1175	0	0
1185	0	0
1195	0	0
