FG time = 3462.83	BG time = 487.128
5	0	0
15	0	0
25	0	0
35	0	0
45	0	0
55	0.00577563	0
65	0.0358089	0
75	0.0753719	0
85	0.102806	0
95	0.129085	0
105	0.170381	0
115	0.175579	0
125	0.187708	0
135	0.216586	0
145	0.233913	0
155	0.238533	0
165	0.261925	0
175	0.275786	0
185	0.266545	0
195	0.271454	0
205	0.286182	0
215	0.278674	0
225	0.291092	0
235	0.304087	0
245	0.313328	0
255	0.303798	0
265	0.307841	0
275	0.289648	0
285	0.310729	0
295	0.306686	0
305	0.297733	0
315	0.292247	0
325	0.306397	0
335	0.302354	0
345	0.29138	0
355	0.284738	0
365	0.282139	0
375	0.259614	0
385	0.287626	0
395	0.268278	0
405	0.264812	0
415	0.259037	0
425	0.258748	0
435	0.2394	0
445	0.245753	0
455	0.228426	0
465	0.211099	0
475	0.216586	0
485	0.206479	0
495	0.199259	0
505	0.185109	0
515	0.187997	0
525	0.167204	0
535	0.159696	0
545	0.145546	0
555	0.155076	0
565	0.142369	0
575	0.127641	0
585	0.112047	0
595	0.11378	0
605	0.0952978	0
615	0.0886558	0
625	0.0776822	0
635	0.0698851	0
645	0.0695963	0
655	0.0641094	0
665	0.0511143	0
675	0.0392743	0
685	0.0412957	0
695	0.0363864	0
705	0.0314772	0
715	0.0219474	0
725	0.0193483	0
735	0.018482	0
745	0.0153054	0
755	0.00895222	0
765	0.00779709	0
775	0.00750831	0
785	0.00375416	0
795	0.00375416	0
805	0.00317659	0
815	0.00317659	0
825	0.000288781	0
835	0.000866344	0
845	0.000577563	0
855	0	0
865	0	0
875	0.000288781	0
885	0	0
895	0	0
905	0	0
915	0	0
925	0	0
935	0	0
945	0	0
955	0	0
965	0	0
975	0	0
985	0	0
995	0	0
1005	0	0
1015	0	0
1025	0	0
1035	0	0
1045	0	0
1055	0	0
1065	0	0
1075	0	0
1085	0	0
1095	0	0
1105	0	0
1115	0	0
1125	0	0
1135	0	0
1145	0	0
1155	0	0
1165	0	0
1175	0	0
1185	0	0
1195	0	0
