FG time = 2969.53	BG time = 736.119
5	0	0
15	0	0
25	0	0
35	0	0
45	0	0
55	0	0
65	0	0
75	0	0
85	0	0
95	0	0
105	0	0
115	0	0
125	0	0
135	0.000336754	0
145	0.00101026	0
155	0.000673508	0
165	0.00235728	0
175	0.000673508	0
185	0.00269403	0
195	0.00303079	0
205	0.00168377	0
215	0.00303079	0
225	0.0043778	0
235	0.0043778	0
245	0.0043778	0
255	0.00505131	0
265	0.00404105	0
275	0.00336754	0
285	0.00471456	0
295	0.00673508	0
305	0.00303079	0
315	0.00471456	0
325	0.00538806	0
335	0.0080821	0
345	0.00404105	0
355	0.00370429	0
365	0.00370429	0
375	0.00740859	0
385	0.00505131	0
395	0.00572482	0
405	0.00572482	0
415	0.00707183	0
425	0.00538806	0
435	0.00370429	0
445	0.00606157	0
455	0.00370429	0
465	0.00370429	0
475	0.0043778	0
485	0.00336754	0
495	0.00404105	0
505	0.00269403	0
515	0.00606157	0
525	0.00235728	0
535	0.00370429	0
545	0.00336754	0
555	0.00269403	0
565	0.00202052	0
575	0.00202052	0
585	0	0
595	0.00235728	0
605	0.00202052	0
615	0.00269403	0
625	0.000336754	0
635	0.00101026	0
645	0.00134702	0
655	0.00134702	0
665	0.00101026	0
675	0.000336754	0
685	0.00134702	0
695	0.000336754	0
705	0.00101026	0
715	0.00134702	0
725	0	0
735	0	0
745	0.000336754	0
755	0	0
765	0	0
775	0	0
785	0	0
795	0	0
805	0	0
815	0	0
825	0	0
835	0	0
845	0	0
855	0	0
865	0	0
875	0	0
885	0	0
895	0	0
905	0	0
915	0	0
925	0	0
935	0	0
945	0	0
955	0	0
965	0	0
975	0	0
985	0	0
995	0	0
1005	0	0
1015	0	0
1025	0	0
1035	0	0
1045	0	0
1055	0	0
1065	0	0
1075	0	0
1085	0	0
1095	0	0
1105	0	0
1115	0	0
1125	0	0
1135	0	0
1145	0	0
1155	0	0
1165	0	0
1175	0	0
1185	0	0
1195	0	0
