FG time = 1516.26	BG time = 314.161
5	0	0
15	0	0
25	0	0
35	0	0
45	0.00131903	0
55	0.00923322	0
65	0.0356139	0
75	0.0639731	0
85	0.0791419	0
95	0.102225	0
105	0.0857371	0
115	0.100906	0
125	0.100906	0
135	0.104863	0
145	0.108161	0
155	0.110799	0
165	0.144434	0
175	0.134541	0
185	0.137839	0
195	0.117394	0
205	0.131244	0
215	0.137839	0
225	0.147072	0
235	0.141796	0
245	0.131244	0
255	0.125968	0
265	0.125968	0
275	0.126627	0
285	0.145753	0
295	0.127946	0
305	0.114756	0
315	0.134541	0
325	0.116734	0
335	0.145753	0
345	0.114756	0
355	0.118053	0
365	0.119372	0
375	0.117394	0
385	0.10948	0
395	0.114096	0
405	0.104204	0
415	0.123989	0
425	0.0969489	0
435	0.102884	0
445	0.084418	0
455	0.0956298	0
465	0.0870561	0
475	0.0705682	0
485	0.0870561	0
495	0.0863966	0
505	0.0573779	0
515	0.0639731	0
525	0.0639731	0
535	0.060016	0
545	0.0725468	0
555	0.0586969	0
565	0.0455066	0
575	0.0494637	0
585	0.0481447	0
595	0.0329758	0
605	0.039571	0
615	0.0342948	0
625	0.0296782	0
635	0.0224235	0
645	0.0244021	0
655	0.0211045	0
665	0.0118713	0
675	0.0138498	0
685	0.0125308	0
695	0.0105523	0
705	0.0105523	0
715	0.00725468	0
725	0.00923322	0
735	0.00329758	0
745	0.00197855	0
755	0.0039571	0
765	0.00329758	0
775	0.00197855	0
785	0.00131903	0
795	0.00131903	0
805	0	0
815	0.000659516	0
825	0.000659516	0
835	0	0
845	0	0
855	0	0
865	0	0
875	0.000659516	0
885	0	0
895	0	0
905	0	0
915	0	0
925	0	0
935	0	0
945	0	0
955	0	0
965	0	0
975	0	0
985	0	0
995	0	0
1005	0	0
1015	0	0
1025	0	0
1035	0	0
1045	0	0
1055	0	0
1065	0	0
1075	0	0
1085	0	0
1095	0	0
1105	0	0
1115	0	0
1125	0	0
1135	0	0
1145	0	0
1155	0	0
1165	0	0
1175	0	0
1185	0	0
1195	0	0
