FG time = 2408.94	BG time = 366.644
5	0	0
15	0	0
25	0	0
35	0.00124536	0
45	0.00788728	0
55	0.0357003	0
65	0.0859298	0
75	0.119555	0
85	0.133669	0
95	0.152764	0
105	0.151934	0
115	0.152349	0
125	0.167708	0
135	0.168124	0
145	0.163142	0
155	0.17186	0
165	0.173935	0
175	0.194276	0
185	0.203409	0
195	0.163972	0
205	0.185559	0
215	0.20839	0
225	0.186804	0
235	0.2059	0
245	0.182238	0
255	0.185559	0
265	0.198427	0
275	0.198427	0
285	0.18971	0
295	0.190125	0
305	0.190125	0
315	0.188049	0
325	0.17186	0
335	0.188049	0
345	0.178917	0
355	0.192616	0
365	0.148613	0
375	0.161897	0
385	0.160651	0
395	0.163972	0
405	0.151519	0
415	0.146122	0
425	0.150689	0
435	0.133254	0
445	0.132008	0
455	0.144462	0
465	0.125366	0
475	0.119555	0
485	0.119555	0
495	0.108346	0
505	0.102535	0
515	0.0946474	0
525	0.096723	0
535	0.100874	0
545	0.0842694	0
555	0.0821938	0
565	0.0730611	0
575	0.0635134	0
585	0.062268	0
595	0.0568714	0
605	0.065589	0
615	0.0456632	0
625	0.0435876	0
635	0.0369457	0
645	0.0336247	0
655	0.0323794	0
665	0.0265677	0
675	0.0236618	0
685	0.0186804	0
695	0.024077	0
705	0.0157746	0
715	0.0124536	0
725	0.0116234	0
735	0.00788728	0
745	0.0062268	0
755	0.00664192	0
765	0.0020756	0
775	0.00498144	0
785	0.00124536	0
795	0.00083024	0
805	0.00083024	0
815	0.0020756	0
825	0	0
835	0	0
845	0	0
855	0	0
865	0.00041512	0
875	0.00041512	0
885	0	0
895	0	0
905	0	0
915	0	0
925	0	0
935	0	0
945	0	0
955	0	0
965	0	0
975	0	0
985	0	0
995	0	0
1005	0	0
1015	0	0
1025	0	0
1035	0	0
1045	0	0
1055	0	0
1065	0	0
1075	0	0
1085	0	0
1095	0	0
1105	0	0
1115	0	0
1125	0	0
1135	0	0
1145	0	0
1155	0	0
1165	0	0
1175	0	0
1185	0	0
1195	0	0
