FG time = 3611.86	BG time = 486.386
5	0.0016612	0
15	0	0
25	0.000276866	0
35	0.00221493	0
45	0.0119052	0
55	0.0415299	0
65	0.112131	0
75	0.16695	0
85	0.181624	0
95	0.204881	0
105	0.205711	0
115	0.223154	0
125	0.214848	0
135	0.258039	0
145	0.259146	0
155	0.243642	0
165	0.250287	0
175	0.248902	0
185	0.280465	0
195	0.263853	0
205	0.260254	0
215	0.271605	0
225	0.281573	0
235	0.265514	0
245	0.28268	0
255	0.26856	0
265	0.263576	0
275	0.263576	0
285	0.290709	0
295	0.290432	0
305	0.275205	0
315	0.274374	0
325	0.278527	0
335	0.2597	0
345	0.247518	0
355	0.260808	0
365	0.243642	0
375	0.259146	0
385	0.237274	0
395	0.228137	0
405	0.21374	0
415	0.21291	0
425	0.20322	0
435	0.199067	0
445	0.183285	0
455	0.199067	0
465	0.179963	0
475	0.179132	0
485	0.170549	0
495	0.165289	0
505	0.152553	0
515	0.132619	0
525	0.153384	0
535	0.124313	0
545	0.121821	0
555	0.115176	0
565	0.106316	0
575	0.101333	0
585	0.0863821	0
595	0.0777993	0
605	0.0830598	0
615	0.0725388	0
625	0.0670015	0
635	0.0581418	0
645	0.0526045	0
655	0.041253	0
665	0.0401455	0
675	0.0393149	0
685	0.0238105	0
695	0.0215955	0
705	0.0196575	0
715	0.0196575	0
725	0.0168888	0
735	0.00885971	0
745	0.00885971	0
755	0.00609105	0
765	0.00498359	0
775	0.00359926	0
785	0.00359926	0
795	0.00110746	0
805	0.00221493	0
815	0.0016612	0
825	0.000830598	0
835	0.000830598	0
845	0.000553732	0
855	0.000276866	0
865	0.000276866	0
875	0	0
885	0	0
895	0	0
905	0	0
915	0	0
925	0	0
935	0	0
945	0	0
955	0	0
965	0	0
975	0	0
985	0	0
995	0	0
1005	0	0
1015	0	0
1025	0	0
1035	0	0
1045	0	0
1055	0	0
1065	0	0
1075	0	0
1085	0	0
1095	0	0
1105	0	0
1115	0	0
1125	0	0
1135	0	0
1145	0	0
1155	0	0
1165	0	0
1175	0	0
1185	0	0
1195	0	0
