FG time = 3011.4	BG time = 486.096
5	0	0
15	0	0
25	0	0
35	0	0
45	0.000996213	0
55	0.0162715	0
65	0.0408447	0
75	0.0806933	0
85	0.115893	0
95	0.138142	0
105	0.168692	0
115	0.190609	0
125	0.201567	0
135	0.210865	0
145	0.241084	0
155	0.2454	0
165	0.25968	0
175	0.277611	0
185	0.293883	0
195	0.296207	0
205	0.293883	0
215	0.307498	0
225	0.298532	0
235	0.314139	0
245	0.308494	0
255	0.29986	0
265	0.325098	0
275	0.309158	0
285	0.325762	0
295	0.3158	0
305	0.306834	0
315	0.320449	0
325	0.313143	0
335	0.305837	0
345	0.312479	0
355	0.285581	0
365	0.302517	0
375	0.300856	0
385	0.293551	0
395	0.274291	0
405	0.254698	0
415	0.268645	0
425	0.263996	0
435	0.254366	0
445	0.239423	0
455	0.228797	0
465	0.222156	0
475	0.212858	0
485	0.20688	0
495	0.20688	0
505	0.205552	0
515	0.190609	0
525	0.183635	0
535	0.158398	0
545	0.152089	0
555	0.136813	0
565	0.134821	0
575	0.127183	0
585	0.128179	0
595	0.119546	0
605	0.116225	0
615	0.106263	0
625	0.0750481	0
635	0.0770405	0
645	0.0707311	0
655	0.0627614	0
665	0.0501427	0
675	0.0438334	0
685	0.0411768	0
695	0.0345354	0
705	0.037524	0
715	0.027894	0
725	0.0242412	0
735	0.0179318	0
745	0.0132828	0
755	0.0119546	0
765	0.0109583	0
775	0.00431692	0
785	0.00431692	0
795	0.00398485	0
805	0.00332071	0
815	0.00199243	0
825	0.000664142	0
835	0.000664142	0
845	0.000664142	0
855	0.000332071	0
865	0	0
875	0.000332071	0
885	0	0
895	0	0
905	0	0
915	0	0
925	0.000332071	0
935	0	0
945	0	0
955	0	0
965	0	0
975	0	0
985	0	0
995	0	0
1005	0	0
1015	0	0
1025	0	0
1035	0	0
1045	0	0
1055	0	0
1065	0	0
1075	0	0
1085	0	0
1095	0	0
1105	0	0
1115	0	0
1125	0	0
1135	0	0
1145	0	0
1155	0	0
1165	0	0
1175	0	0
1185	0	0
1195	0	0
