FG time = 2412.97	BG time = 493.74
5	0	0
15	0	0
25	0	0
35	0	0
45	0	0
55	0.0211358	0
65	0.0530466	0
75	0.0845431	0
85	0.103192	0
95	0.127229	0
105	0.152095	0
115	0.147536	0
125	0.169501	0
135	0.169915	0
145	0.195195	0
155	0.195195	0
165	0.203898	0
175	0.198096	0
185	0.220475	0
195	0.210529	0
205	0.215916	0
215	0.2097	0
225	0.234151	0
235	0.215088	0
245	0.228764	0
255	0.21716	0
265	0.249071	0
275	0.240368	0
285	0.221718	0
295	0.23125	0
305	0.215916	0
315	0.214259	0
325	0.223376	0
335	0.22752	0
345	0.214259	0
355	0.214673	0
365	0.206385	0
375	0.208871	0
385	0.208042	0
395	0.186078	0
405	0.193537	0
415	0.194781	0
425	0.192294	0
435	0.162041	0
445	0.170329	0
455	0.154996	0
465	0.167428	0
475	0.155825	0
485	0.152924	0
495	0.141734	0
505	0.140905	0
515	0.124743	0
525	0.106922	0
535	0.118526	0
545	0.106922	0
555	0.104436	0
565	0.0969759	0
575	0.0866152	0
585	0.0808132	0
595	0.0716959	0
605	0.0687949	0
615	0.0605063	0
625	0.0580198	0
635	0.0505601	0
645	0.0534611	0
655	0.0414427	0
665	0.036884	0
675	0.0319109	0
685	0.0302532	0
695	0.0290099	0
705	0.0244512	0
715	0.0124328	0
725	0.0161626	0
735	0.011604	0
745	0.00787411	0
755	0.00745968	0
765	0.00414427	0
775	0.00372984	0
785	0.00248656	0
795	0.0045587	0
805	0.00248656	0
815	0	0
825	0.000414427	0
835	0.00124328	0
845	0.000414427	0
855	0	0
865	0	0
875	0	0
885	0	0
895	0	0
905	0	0
915	0	0
925	0.000414427	0
935	0	0
945	0	0
955	0	0
965	0	0
975	0	0
985	0	0
995	0	0
1005	0	0
1015	0	0
1025	0	0
1035	0	0
1045	0	0
1055	0	0
1065	0	0
1075	0	0
1085	0	0
1095	0	0
1105	0	0
1115	0	0
1125	0	0
1135	0	0
1145	0	0
1155	0	0
1165	0	0
1175	0	0
1185	0	0
1195	0	0
