FG time = 3611.84	BG time = 486.127
5	0	0
15	0	0
25	0	0
35	0	0
45	0.000276867	0
55	0.00636795	0
65	0.0335009	0
75	0.0703243	0
85	0.106317	0
95	0.150339	0
105	0.185778	0
115	0.192976	0
125	0.22537	0
135	0.244197	0
145	0.243089	0
155	0.243643	0
165	0.264408	0
175	0.290987	0
185	0.291264	0
195	0.295971	0
205	0.312306	0
215	0.29874	0
225	0.324765	0
235	0.329195	0
245	0.329195	0
255	0.328088	0
265	0.334732	0
275	0.338885	0
285	0.332794	0
295	0.353283	0
305	0.317567	0
315	0.320335	0
325	0.306492	0
335	0.317567	0
345	0.313967	0
355	0.306492	0
365	0.320612	0
375	0.293756	0
385	0.307046	0
395	0.282128	0
405	0.271884	0
415	0.278805	0
425	0.259148	0
435	0.260532	0
445	0.250288	0
455	0.233399	0
465	0.237275	0
475	0.225647	0
485	0.215126	0
495	0.205712	0
505	0.199898	0
515	0.177195	0
525	0.171658	0
535	0.169443	0
545	0.165567	0
555	0.14757	0
565	0.13871	0
575	0.123483	0
585	0.12902	0
595	0.107424	0
605	0.0971804	0
615	0.0966267	0
625	0.0786303	0
635	0.0861057	0
645	0.0736467	0
655	0.0592496	0
665	0.0573115	0
675	0.0484518	0
685	0.043745	0
695	0.0387614	0
705	0.0340547	0
715	0.0243643	0
725	0.0240874	0
735	0.0149508	0
745	0.0135665	0
755	0.012459	0
765	0.0102441	0
775	0.00609108	0
785	0.00498361	0
795	0.00415301	0
805	0.00332241	0
815	0.000553734	0
825	0.000276867	0
835	0.0016612	0
845	0.00110747	0
855	0.000553734	0
865	0	0
875	0	0
885	0.000276867	0
895	0	0
905	0	0
915	0	0
925	0	0
935	0	0
945	0	0
955	0	0
965	0	0
975	0	0
985	0	0
995	0	0
1005	0	0
1015	0	0
1025	0	0
1035	0	0
1045	0	0
1055	0	0
1065	0	0
1075	0	0
1085	0	0
1095	0	0
1105	0	0
1115	0	0
1125	0	0
1135	0	0
1145	0	0
1155	0	0
1165	0	0
1175	0	0
1185	0	0
1195	0	0
