FG time = 3013.98	BG time = 493.021
5	0	0
15	0	0
25	0	0
35	0	0
45	0.00232251	0
55	0.0209026	0
65	0.0690118	0
75	0.103518	0
85	0.138355	0
95	0.134374	0
105	0.167221	0
115	0.169875	0
125	0.191773	0
135	0.189119	0
145	0.199404	0
155	0.210685	0
165	0.197745	0
175	0.212012	0
185	0.242868	0
195	0.222298	0
205	0.215994	0
215	0.235237	0
225	0.210685	0
235	0.221302	0
245	0.239551	0
255	0.214003	0
265	0.236233	0
275	0.221966	0
285	0.213008	0
295	0.220639	0
305	0.217653	0
315	0.242537	0
325	0.218648	0
335	0.224952	0
345	0.195091	0
355	0.193764	0
365	0.213008	0
375	0.192105	0
385	0.190446	0
395	0.189782	0
405	0.183478	0
415	0.179829	0
425	0.163903	0
435	0.16158	0
445	0.14665	0
455	0.157599	0
465	0.14665	0
475	0.144991	0
485	0.150963	0
495	0.134374	0
505	0.118116	0
515	0.121102	0
525	0.113471	0
535	0.105508	0
545	0.105508	0
555	0.0935641	0
565	0.0829469	0
575	0.0826151	0
585	0.0783018	0
595	0.0710025	0
605	0.0627078	0
615	0.0547449	0
625	0.0534178	0
635	0.0547449	0
645	0.0444595	0
655	0.0325152	0
665	0.035833	0
675	0.0308562	0
685	0.0242205	0
695	0.0199072	0
705	0.0192437	0
715	0.0129397	0
725	0.0132715	0
735	0.00929005	0
745	0.00431324	0
755	0.0053086	0
765	0.00232251	0
775	0.00232251	0
785	0.00232251	0
795	0.00165894	0
805	0	0
815	0.000331787	0
825	0.000663575	0
835	0	0
845	0.000331787	0
855	0	0
865	0	0
875	0	0
885	0	0
895	0	0
905	0	0
915	0	0
925	0	0
935	0	0
945	0	0
955	0	0
965	0	0
975	0	0
985	0	0
995	0	0
1005	0	0
1015	0	0
1025	0	0
1035	0	0
1045	0	0
1055	0	0
1065	0	0
1075	0	0
1085	0	0
1095	0	0
1105	0	0
1115	0	0
1125	0	0
1135	0	0
1145	0	0
1155	0	0
1165	0	0
1175	0	0
1185	0	0
1195	0	0
