FG time = 3611.46	BG time = 396.357
5	0	0
15	0	0
25	0	0
35	0.000830688	0
45	0.00553792	0
55	0.0359965	0
65	0.105774	0
75	0.19355	0
85	0.239792	0
95	0.279942	0
105	0.307355	0
115	0.318707	0
125	0.323415	0
135	0.331168	0
145	0.332552	0
155	0.363288	0
165	0.362734	0
175	0.380732	0
185	0.371318	0
195	0.361903	0
205	0.377132	0
215	0.387378	0
225	0.418667	0
235	0.392085	0
245	0.386547	0
255	0.397623	0
265	0.391254	0
275	0.3907	0
285	0.383224	0
295	0.376025	0
305	0.385162	0
315	0.38184	0
325	0.371594	0
335	0.372702	0
345	0.344736	0
355	0.356919	0
365	0.345012	0
375	0.351658	0
385	0.332829	0
395	0.312339	0
405	0.322307	0
415	0.310954	0
425	0.292679	0
435	0.300155	0
445	0.284095	0
455	0.271081	0
465	0.255021	0
475	0.247268	0
485	0.243115	0
495	0.243945	0
505	0.222348	0
515	0.212102	0
525	0.204626	0
535	0.194658	0
545	0.188843	0
555	0.165307	0
565	0.149247	0
575	0.147032	0
585	0.127372	0
595	0.12128	0
605	0.107989	0
615	0.112697	0
625	0.0858378	0
635	0.0764233	0
645	0.0808536	0
655	0.0598095	0
665	0.063963	0
675	0.0528871	0
685	0.0429189	0
695	0.0371041	0
705	0.0337813	0
715	0.026582	0
725	0.021321	0
735	0.0177213	0
745	0.0157831	0
755	0.010522	0
765	0.00802999	0
775	0.00553792	0
785	0.00526102	0
795	0.00332275	0
805	0.00110758	0
815	0.000553792	0
825	0.000830688	0
835	0.000830688	0
845	0.000276896	0
855	0.000830688	0
865	0	0
875	0	0
885	0	0
895	0	0
905	0	0
915	0	0
925	0	0
935	0	0
945	0	0
955	0	0
965	0	0
975	0	0
985	0	0
995	0	0
1005	0	0
1015	0	0
1025	0	0
1035	0	0
1045	0	0
1055	0	0
1065	0	0
1075	0	0
1085	0	0
1095	0	0
1105	0	0
1115	0	0
1125	0	0
1135	0	0
1145	0	0
1155	0	0
1165	0	0
1175	0	0
1185	0	0
1195	0	0
