FG time = 2229.7	BG time = 305.688
5	0	0
15	0	0
25	0	0
35	0	0
45	0.00672736	0
55	0.0260125	0
65	0.0466431	0
75	0.0627887	0
85	0.0780374	0
95	0.108535	0
105	0.105395	0
115	0.13679	0
125	0.132753	0
135	0.153384	0
145	0.161905	0
155	0.184778	0
165	0.197785	0
175	0.187021	0
185	0.201372	0
195	0.207203	0
205	0.19913	0
215	0.208548	0
225	0.230973	0
235	0.212585	0
245	0.219761	0
255	0.230076	0
265	0.241737	0
275	0.210791	0
285	0.220209	0
295	0.243979	0
305	0.228282	0
315	0.229179	0
325	0.217967	0
335	0.218864	0
345	0.211239	0
355	0.212585	0
365	0.208997	0
375	0.20496	0
385	0.201821	0
395	0.195991	0
405	0.182536	0
415	0.194197	0
425	0.187469	0
435	0.177602	0
445	0.191506	0
455	0.165942	0
465	0.153384	0
475	0.155178	0
485	0.159663	0
495	0.140826	0
505	0.139481	0
515	0.135893	0
525	0.124232	0
535	0.131856	0
545	0.112571	0
555	0.110329	0
565	0.0874557	0
575	0.0910437	0
585	0.0919406	0
595	0.0789344	0
605	0.0896982	0
615	0.0695161	0
625	0.0560614	0
635	0.0578553	0
645	0.0520249	0
655	0.0426066	0
665	0.0417097	0
675	0.0313944	0
685	0.0282549	0
695	0.026461	0
705	0.0201821	0
715	0.0192851	0
725	0.0121093	0
735	0.0139032	0
745	0.0112123	0
755	0.00672736	0
765	0.00538189	0
775	0.00672736	0
785	0.00358793	0
795	0.00448491	0
805	0.00403642	0
815	0.00134547	0
825	0.000448491	0
835	0.00224245	0
845	0.000448491	0
855	0	0
865	0.000448491	0
875	0	0
885	0	0
895	0	0
905	0	0
915	0	0
925	0	0
935	0	0
945	0	0
955	0	0
965	0	0
975	0	0
985	0	0
995	0	0
1005	0	0
1015	0	0
1025	0	0
1035	0	0
1045	0	0
1055	0	0
1065	0	0
1075	0	0
1085	0	0
1095	0	0
1105	0	0
1115	0	0
1125	0	0
1135	0	0
1145	0	0
1155	0	0
1165	0	0
1175	0	0
1185	0	0
1195	0	0
