FG time = 2830.24	BG time = 305.926
5	0	0
15	0	0
25	0	0
35	0	0
45	0.000706654	0
55	0.00635989	0
65	0.0310928	0
75	0.0646588	0
85	0.120838	0
95	0.127198	0
105	0.168537	0
115	0.184437	0
125	0.207403	0
135	0.221889	0
145	0.238142	0
155	0.246622	0
165	0.253689	0
175	0.281248	0
185	0.275595	0
195	0.288668	0
205	0.295381	0
215	0.294321	0
225	0.318348	0
235	0.299268	0
245	0.318348	0
255	0.305981	0
265	0.302095	0
275	0.310221	0
285	0.317288	0
295	0.313401	0
305	0.308454	0
315	0.310928	0
325	0.304568	0
335	0.307394	0
345	0.298208	0
355	0.301388	0
365	0.291848	0
375	0.294675	0
385	0.285488	0
395	0.306334	0
405	0.249802	0
415	0.260755	0
425	0.247329	0
435	0.233549	0
445	0.248389	0
455	0.235316	0
465	0.214823	0
475	0.211643	0
485	0.21129	0
495	0.209523	0
505	0.17843	0
515	0.180197	0
525	0.172777	0
535	0.165357	0
545	0.152991	0
555	0.139211	0
565	0.132498	0
575	0.127904	0
585	0.112005	0
595	0.125431	0
605	0.101758	0
615	0.092925	0
625	0.0727854	0
635	0.0791452	0
645	0.0628922	0
655	0.0582989	0
665	0.0554723	0
675	0.0522924	0
685	0.0434592	0
695	0.037806	0
705	0.0310928	0
715	0.0243796	0
725	0.0222596	0
735	0.0158997	0
745	0.0144864	0
755	0.0130731	0
765	0.0113065	0
775	0.00635989	0
785	0.00423992	0
795	0.00282662	0
805	0.00423992	0
815	0.00141331	0
825	0.000706654	0
835	0.00176663	0
845	0.00141331	0
855	0.000353327	0
865	0.000353327	0
875	0	0
885	0.000353327	0
895	0	0
905	0	0
915	0	0
925	0	0
935	0	0
945	0	0
955	0	0
965	0	0
975	0	0
985	0	0
995	0	0
1005	0	0
1015	0	0
1025	0	0
1035	0	0
1045	0	0
1055	0	0
1065	0	0
1075	0	0
1085	0	0
1095	0	0
1105	0	0
1115	0	0
1125	0	0
1135	0	0
1145	0	0
1155	0	0
1165	0	0
1175	0	0
1185	0	0
1195	0	0
