FG time = 3604.08	BG time = 484.824
5	0	0
15	0	0
25	0	0
35	0	0
45	0.00194224	0
55	0.011376	0
65	0.0421744	0
75	0.0984995	0
85	0.136235	0
95	0.172582	0
105	0.172027	0
115	0.180629	0
125	0.19034	0
135	0.205045	0
145	0.206155	0
155	0.206433	0
165	0.237509	0
175	0.230017	0
185	0.225855	0
195	0.242226	0
205	0.242226	0
215	0.230295	0
225	0.223081	0
235	0.243335	0
245	0.245278	0
255	0.239728	0
265	0.238341	0
275	0.244445	0
285	0.243335	0
295	0.252492	0
305	0.240838	0
315	0.237231	0
325	0.229462	0
335	0.221138	0
345	0.219751	0
355	0.231404	0
365	0.217254	0
375	0.218641	0
385	0.209207	0
395	0.204213	0
405	0.212259	0
415	0.190062	0
425	0.194502	0
435	0.177022	0
445	0.170085	0
455	0.174247	0
465	0.166478	0
475	0.160651	0
485	0.156489	0
495	0.144281	0
505	0.131518	0
515	0.138454	0
525	0.130963	0
535	0.111818	0
545	0.119032	0
555	0.113205	0
565	0.0962798	0
575	0.0885108	0
585	0.079632	0
595	0.0793545	0
605	0.0638166	0
615	0.0743602	0
625	0.0693658	0
635	0.0507758	0
645	0.049111	0
655	0.0430068	0
665	0.0316308	0
675	0.0349604	0
685	0.0269139	0
695	0.0238618	0
705	0.0180351	0
715	0.0196999	0
725	0.0135957	0
735	0.0108211	0
745	0.00915629	0
755	0.00776897	0
765	0.00443941	0
775	0.00416195	0
785	0.0030521	0
795	0.00138732	0
805	0.00138732	0
815	0.000277463	0
825	0.000554927	0
835	0.000277463	0
845	0.000554927	0
855	0	0
865	0	0
875	0	0
885	0	0
895	0	0
905	0	0
915	0	0
925	0	0
935	0	0
945	0	0
955	0	0
965	0	0
975	0	0
985	0	0
995	0	0
1005	0	0
1015	0	0
1025	0	0
1035	0	0
1045	0	0
1055	0	0
1065	0	0
1075	0	0
1085	0	0
1095	0	0
1105	0	0
1115	0	0
1125	0	0
1135	0	0
1145	0	0
1155	0	0
1165	0	0
1175	0	0
1185	0	0
1195	0	0
