FG time = 3611.68	BG time = 485.536
5	0	0
15	0	0
25	0	0
35	0.00110752	0
45	0.00747574	0
55	0.0260267	0
65	0.0487308	0
75	0.062021	0
85	0.0850019	0
95	0.101615	0
105	0.124596	0
115	0.13927	0
125	0.147023	0
135	0.158929	0
145	0.155329	0
155	0.176095	0
165	0.17748	0
175	0.18634	0
185	0.199076	0
195	0.191877	0
205	0.215412	0
215	0.207659	0
225	0.200461	0
235	0.196031	0
245	0.230917	0
255	0.210982	0
265	0.223165	0
275	0.222334	0
285	0.219012	0
295	0.22621	0
305	0.205998	0
315	0.223995	0
325	0.211813	0
335	0.214305	0
345	0.198522	0
355	0.228149	0
365	0.213197	0
375	0.204614	0
385	0.208213	0
395	0.204337	0
405	0.188278	0
415	0.189662	0
425	0.166404	0
435	0.168619	0
445	0.158652	0
455	0.158375	0
465	0.150622	0
475	0.141762	0
485	0.149792	0
495	0.158652	0
505	0.13844	0
515	0.117674	0
525	0.123211	0
535	0.127641	0
545	0.110752	0
555	0.0874939	0
565	0.0888783	0
575	0.0866632	0
585	0.0836175	0
595	0.075588	0
605	0.0747574	0
615	0.0653435	0
625	0.0545452	0
635	0.0589753	0
645	0.0409781	0
655	0.0454082	0
665	0.0357174	0
675	0.0348868	0
685	0.0279648	0
695	0.0307336	0
705	0.029903	0
715	0.0163359	0
725	0.0168896	0
735	0.0130133	0
745	0.00996765	0
755	0.00747574	0
765	0.0094139	0
775	0.00470695	0
785	0.00415319	0
795	0.00249191	0
805	0.00166128	0
815	0.0013844	0
825	0.00166128	0
835	0.000553759	0
845	0.000830638	0
855	0.000276879	0
865	0	0
875	0	0
885	0.000276879	0
895	0	0
905	0	0
915	0	0
925	0.000276879	0
935	0	0
945	0	0
955	0	0
965	0	0
975	0	0
985	0	0
995	0	0
1005	0	0
1015	0	0
1025	0	0
1035	0	0
1045	0	0
1055	0	0
1065	0	0
1075	0	0
1085	0	0
1095	0	0
1105	0	0
1115	0	0
1125	0	0
1135	0	0
1145	0	0
1155	0	0
1165	0	0
1175	0	0
1185	0	0
1195	0	0
