FG time = 1207.28	BG time = 185.018
5	0.00248492	0
15	0	0
25	0	0
35	0.00331323	0
45	0.0157378	0
55	0.0372738	0
65	0.0935987	0
75	0.144954	0
85	0.159035	0
95	0.175601	0
105	0.197137	0
115	0.203764	0
125	0.202935	0
135	0.209562	0
145	0.216188	0
155	0.204592	0
165	0.236896	0
175	0.26423	0
185	0.237724	0
195	0.261745	0
205	0.24932	0
215	0.247664	0
225	0.235239	0
235	0.250977	0
245	0.276655	0
255	0.241866	0
265	0.231098	0
275	0.251805	0
285	0.25926	0
295	0.260088	0
305	0.256775	0
315	0.231926	0
325	0.250977	0
335	0.207077	0
345	0.242694	0
355	0.241037	0
365	0.22033	0
375	0.241866	0
385	0.214532	0
395	0.19548	0
405	0.2253	0
415	0.21039	0
425	0.208733	0
435	0.186369	0
445	0.178086	0
455	0.183056	0
465	0.159035	0
475	0.141641	0
485	0.159035	0
495	0.140812	0
505	0.137499	0
515	0.147439	0
525	0.115963	0
535	0.125074	0
545	0.111821	0
555	0.106023	0
565	0.104367	0
575	0.0919421	0
585	0.0894572	0
595	0.0844873	0
605	0.0637796	0
615	0.0695778	0
625	0.0612947	0
635	0.0496984	0
645	0.0397587	0
655	0.0505267	0
665	0.0397587	0
675	0.0314757	0
685	0.0190511	0
695	0.0273341	0
705	0.0289907	0
715	0.0115963	0
725	0.0157378	0
735	0.0140812	0
745	0.00828307	0
755	0.00662646	0
765	0.00828307	0
775	0.00165661	0
785	0.00248492	0
795	0.00248492	0
805	0.000828307	0
815	0	0
825	0	0
835	0	0
845	0	0
855	0	0
865	0	0
875	0	0
885	0	0
895	0	0
905	0	0
915	0	0
925	0	0
935	0	0
945	0	0
955	0	0
965	0	0
975	0	0
985	0	0
995	0	0
1005	0	0
1015	0	0
1025	0	0
1035	0	0
1045	0	0
1055	0	0
1065	0	0
1075	0	0
1085	0	0
1095	0	0
1105	0	0
1115	0	0
1125	0	0
1135	0	0
1145	0	0
1155	0	0
1165	0	0
1175	0	0
1185	0	0
1195	0	0
