FG time = 2412.78	BG time = 493.199
5	0	0
15	0	0
25	0	0
35	0	0
45	0	0
55	0.00373013	0
65	0.025282	0
75	0.065899	0
85	0.0824774	0
95	0.0940823	0
105	0.108588	0
115	0.125581	0
125	0.135528	0
135	0.138015	0
145	0.14216	0
155	0.163297	0
165	0.163297	0
175	0.177389	0
185	0.170757	0
195	0.167027	0
205	0.179461	0
215	0.179046	0
225	0.167856	0
235	0.163711	0
245	0.170343	0
255	0.185263	0
265	0.197283	0
275	0.185678	0
285	0.177803	0
295	0.177389	0
305	0.167856	0
315	0.173658	0
325	0.192309	0
335	0.176145	0
345	0.182362	0
355	0.169514	0
365	0.16454	0
375	0.161639	0
385	0.175731	0
395	0.164955	0
405	0.152107	0
415	0.152107	0
425	0.147548	0
435	0.142574	0
445	0.138844	0
455	0.144646	0
465	0.126825	0
475	0.126825	0
485	0.121022	0
495	0.0994702	0
505	0.0953256	0
515	0.0845497	0
525	0.0953256	0
535	0.0804051	0
545	0.0924244	0
555	0.091181	0
565	0.0791617	0
575	0.0725304	0
585	0.0654846	0
595	0.0617544	0
605	0.0584388	0
615	0.0509785	0
625	0.055952	0
635	0.0451761	0
645	0.0393736	0
655	0.0397881	0
665	0.035229	0
675	0.0344001	0
685	0.025282	0
695	0.0223808	0
705	0.0240386	0
715	0.015335	0
725	0.0165784	0
735	0.0116049	0
745	0.00828919	0
755	0.00870365	0
765	0.00787473	0
775	0.00414459	0
785	0.00414459	0
795	0.00165784	0
805	0.00248676	0
815	0.000414459	0
825	0.00165784	0
835	0.00124338	0
845	0.000828919	0
855	0.00124338	0
865	0.00124338	0
875	0	0
885	0	0
895	0	0
905	0.000414459	0
915	0	0
925	0	0
935	0	0
945	0	0
955	0	0
965	0	0
975	0	0
985	0	0
995	0	0
1005	0	0
1015	0	0
1025	0	0
1035	0	0
1045	0	0
1055	0	0
1065	0	0
1075	0	0
1085	0	0
1095	0	0
1105	0	0
1115	0	0
1125	0	0
1135	0	0
1145	0	0
1155	0	0
1165	0	0
1175	0	0
1185	0	0
1195	0	0
