FG time = 2233.32	BG time = 493.539
5	0	0
15	0	0
25	0	0
35	0	0
45	0	0
55	0	0
65	0	0
75	0	0
85	0	0
95	0	0
105	0	0
115	0	0
125	0.000447763	0
135	0.000447763	0
145	0.00134329	0
155	0.000447763	0
165	0.00179105	0
175	0.00179105	0
185	0.00223882	0
195	0.00223882	0
205	0.00179105	0
215	0.00179105	0
225	0.00402987	0
235	0.00626869	0
245	0.0049254	0
255	0.00671645	0
265	0.00537316	0
275	0.00223882	0
285	0.00358211	0
295	0.00447763	0
305	0.00402987	0
315	0.0049254	0
325	0.00537316	0
335	0.00537316	0
345	0.0102986	0
355	0.00716422	0
365	0.00402987	0
375	0.00582093	0
385	0.0049254	0
395	0.00716422	0
405	0.00582093	0
415	0.0049254	0
425	0.00447763	0
435	0.00537316	0
445	0.00582093	0
455	0.00671645	0
465	0.00626869	0
475	0.00626869	0
485	0.00358211	0
495	0.00850751	0
505	0.00537316	0
515	0.00626869	0
525	0.00358211	0
535	0.00223882	0
545	0.00358211	0
555	0.00447763	0
565	0.00179105	0
575	0.00447763	0
585	0.00402987	0
595	0.00223882	0
605	0.00313434	0
615	0.00179105	0
625	0.00179105	0
635	0.00134329	0
645	0.000895527	0
655	0.00179105	0
665	0.00179105	0
675	0.000895527	0
685	0.00268658	0
695	0.000895527	0
705	0.00134329	0
715	0	0
725	0.00134329	0
735	0.000447763	0
745	0.000447763	0
755	0.000447763	0
765	0	0
775	0.000895527	0
785	0	0
795	0	0
805	0	0
815	0.000447763	0
825	0	0
835	0	0
845	0	0
855	0	0
865	0	0
875	0	0
885	0	0
895	0	0
905	0	0
915	0	0
925	0	0
935	0	0
945	0	0
955	0	0
965	0	0
975	0	0
985	0	0
995	0	0
1005	0	0
1015	0	0
1025	0	0
1035	0	0
1045	0	0
1055	0	0
1065	0	0
1075	0	0
1085	0	0
1095	0	0
1105	0	0
1115	0	0
1125	0	0
1135	0	0
1145	0	0
1155	0	0
1165	0	0
1175	0	0
1185	0	0
1195	0	0
