FG time = 3010.35	BG time = 486.407
5	0	0
15	0	0
25	0	0
35	0.000332187	0
45	0.00697593	0
55	0.0362084	0
65	0.0986596	0
75	0.184364	0
85	0.217583	0
95	0.25512	0
105	0.282691	0
115	0.292325	0
125	0.313585	0
135	0.336838	0
145	0.3478	0
155	0.34016	0
165	0.354444	0
175	0.361752	0
185	0.351786	0
195	0.373046	0
205	0.374043	0
215	0.37969	0
225	0.369392	0
235	0.37205	0
245	0.386001	0
255	0.39032	0
265	0.394971	0
275	0.371053	0
285	0.377032	0
295	0.383012	0
305	0.392645	0
315	0.347136	0
325	0.383012	0
335	0.363745	0
345	0.357101	0
355	0.324879	0
365	0.336838	0
375	0.341821	0
385	0.339163	0
395	0.310927	0
405	0.307273	0
415	0.301626	0
425	0.299965	0
435	0.293321	0
445	0.274054	0
455	0.264421	0
465	0.246483	0
475	0.22788	0
485	0.261431	0
495	0.23386	0
505	0.21725	0
515	0.189679	0
525	0.193997	0
535	0.182703	0
545	0.165097	0
555	0.163436	0
565	0.151477	0
575	0.144834	0
585	0.128224	0
595	0.111615	0
605	0.109622	0
615	0.0969987	0
625	0.0963343	0
635	0.0760709	0
645	0.0797249	0
655	0.0627834	0
665	0.0531499	0
675	0.047835	0
685	0.0405268	0
695	0.0345475	0
705	0.0348797	0
715	0.0272393	0
725	0.0202634	0
735	0.0156128	0
745	0.0146162	0
755	0.0126231	0
765	0.00896905	0
775	0.00730812	0
785	0.00398625	0
795	0.000996561	0
805	0.00298968	0
815	0.00132875	0
825	0.000664374	0
835	0.000664374	0
845	0	0
855	0	0
865	0.000664374	0
875	0	0
885	0	0
895	0	0
905	0	0
915	0	0
925	0	0
935	0	0
945	0	0
955	0	0
965	0	0
975	0	0
985	0	0
995	0	0
1005	0	0
1015	0	0
1025	0	0
1035	0	0
1045	0	0
1055	0	0
1065	0	0
1075	0	0
1085	0	0
1095	0	0
1105	0	0
1115	0	0
1125	0	0
1135	0	0
1145	0	0
1155	0	0
1165	0	0
1175	0	0
1185	0	0
1195	0	0
