FG time = 3371.76	BG time = 619.828
5	0	0
15	0	0
25	0	0
35	0.000889742	0
45	0.0121598	0
55	0.0329205	0
65	0.055164	0
75	0.0854153	0
85	0.115073	0
95	0.129309	0
105	0.151553	0
115	0.162823	0
125	0.175279	0
135	0.188625	0
145	0.200192	0
155	0.227477	0
165	0.229257	0
175	0.246755	0
185	0.239637	0
195	0.255653	0
205	0.270778	0
215	0.2776	0
225	0.27671	0
235	0.278193	0
245	0.276117	0
255	0.289463	0
265	0.260991	0
275	0.281159	0
285	0.279379	0
295	0.29836	0
305	0.286497	0
315	0.295098	0
325	0.25417	0
335	0.260991	0
345	0.286794	0
355	0.26455	0
365	0.25417	0
375	0.260398	0
385	0.259212	0
395	0.247052	0
405	0.245865	0
415	0.229257	0
425	0.222732	0
435	0.234299	0
445	0.215318	0
455	0.217097	0
465	0.20642	0
475	0.204048	0
485	0.18477	0
495	0.187142	0
505	0.164306	0
515	0.156891	0
525	0.14918	0
535	0.161043	0
545	0.134648	0
555	0.132868	0
565	0.121302	0
575	0.116853	0
585	0.108845	0
595	0.0975751	0
605	0.0904572	0
615	0.0857119	0
625	0.0747384	0
635	0.0640615	0
645	0.0605025	0
655	0.0498256	0
665	0.0498256	0
675	0.049529	0
685	0.0320307	0
695	0.0349965	0
705	0.031141	0
715	0.0198709	0
725	0.0201675	0
735	0.0180914	0
745	0.0115667	0
755	0.0115667	0
765	0.0106769	0
775	0.00296581	0
785	0.00326239	0
795	0.00355897	0
805	0.00177948	0
815	0.00118632	0
825	0.000593162	0
835	0.000593162	0
845	0.000593162	0
855	0.000296581	0
865	0	0
875	0	0
885	0.000296581	0
895	0	0
905	0	0
915	0	0
925	0	0
935	0	0
945	0	0
955	0	0
965	0	0
975	0	0
985	0	0
995	0	0
1005	0	0
1015	0	0
1025	0	0
1035	0	0
1045	0	0
1055	0	0
1065	0	0
1075	0	0
1085	0	0
1095	0	0
1105	0	0
1115	0	0
1125	0	0
1135	0	0
1145	0	0
1155	0	0
1165	0	0
1175	0	0
1185	0	0
1195	0	0
