FG time = 2112.95	BG time = 313.795
5	0	0
15	0	0
25	0	0
35	0	0
45	0	0
55	0.0137249	0
65	0.0407013	0
75	0.0567926	0
85	0.0866087	0
95	0.103173	0
105	0.13015	0
115	0.122577	0
125	0.134409	0
135	0.136302	0
145	0.146241	0
155	0.157126	0
165	0.185996	0
175	0.156653	0
185	0.159019	0
195	0.174637	0
205	0.165172	0
215	0.17653	0
225	0.17937	0
235	0.17795	0
245	0.164698	0
255	0.186469	0
265	0.165645	0
275	0.175584	0
285	0.164225	0
295	0.177003	0
305	0.185049	0
315	0.182683	0
325	0.176057	0
335	0.17795	0
345	0.167065	0
355	0.169431	0
365	0.178423	0
375	0.150027	0
385	0.155233	0
395	0.159019	0
405	0.145294	0
415	0.15618	0
425	0.147187	0
435	0.141981	0
445	0.130623	0
455	0.122104	0
465	0.120684	0
475	0.121631	0
485	0.106486	0
495	0.114532	0
505	0.0979672	0
515	0.1027	0
525	0.0937077	0
535	0.0922879	0
545	0.07667	0
555	0.0695709	0
565	0.0752501	0
575	0.0690976	0
585	0.0653114	0
595	0.0619985	0
605	0.0591589	0
615	0.0520598	0
625	0.0459073	0
635	0.0354953	0
645	0.0326557	0
655	0.038335	0
665	0.0359686	0
675	0.0288696	0
685	0.0203507	0
695	0.0246101	0
705	0.0170378	0
715	0.0179843	0
725	0.0137249	0
735	0.00757234	0
745	0.00851888	0
755	0.00615253	0
765	0.00567926	0
775	0.00425944	0
785	0.0033129	0
795	0.0033129	0
805	0.00236636	0
815	0.000473271	0
825	0.000946543	0
835	0.00141981	0
845	0	0
855	0.000473271	0
865	0	0
875	0	0
885	0	0
895	0	0
905	0	0
915	0	0
925	0	0
935	0	0
945	0	0
955	0	0
965	0	0
975	0	0
985	0	0
995	0	0
1005	0	0
1015	0	0
1025	0	0
1035	0	0
1045	0	0
1055	0	0
1065	0	0
1075	0	0
1085	0	0
1095	0	0
1105	0	0
1115	0	0
1125	0	0
1135	0	0
1145	0	0
1155	0	0
1165	0	0
1175	0	0
1185	0	0
1195	0	0
