FG time = 2408.82	BG time = 365.117
5	0	0
15	0	0
25	0	0
35	0.000415141	0
45	0.00830282	0
55	0.0344567	0
65	0.0950673	0
75	0.110427	0
85	0.124957	0
95	0.151942	0
105	0.156508	0
115	0.149451	0
125	0.161905	0
135	0.166887	0
145	0.171868	0
155	0.194286	0
165	0.191795	0
175	0.19221	0
185	0.204664	0
195	0.20508	0
205	0.202589	0
215	0.203834	0
225	0.198022	0
235	0.207155	0
245	0.206325	0
255	0.199268	0
265	0.184323	0
275	0.207155	0
285	0.211307	0
295	0.198853	0
305	0.19055	0
315	0.212552	0
325	0.180586	0
335	0.185568	0
345	0.173529	0
355	0.195116	0
365	0.200928	0
375	0.173114	0
385	0.165226	0
395	0.170623	0
405	0.156093	0
415	0.154848	0
425	0.143224	0
435	0.162735	0
445	0.144884	0
455	0.125788	0
465	0.134091	0
475	0.137827	0
485	0.125788	0
495	0.119145	0
505	0.1042	0
515	0.100879	0
525	0.10337	0
535	0.0963127	0
545	0.0871796	0
555	0.0797071	0
565	0.0776314	0
575	0.0701588	0
585	0.0651771	0
595	0.0556289	0
605	0.0597803	0
615	0.0568743	0
625	0.0523078	0
635	0.0336264	0
645	0.0340416	0
655	0.0357021	0
665	0.0348718	0
675	0.0240782	0
685	0.0199268	0
695	0.0157754	0
705	0.0157754	0
715	0.0141148	0
725	0.0128694	0
735	0.00830282	0
745	0.00664226	0
755	0.00498169	0
765	0.00290599	0
775	0.00249085	0
785	0.00166056	0
795	0.000415141	0
805	0.000830282	0
815	0.000415141	0
825	0	0
835	0.000415141	0
845	0	0
855	0	0
865	0.000415141	0
875	0	0
885	0	0
895	0	0
905	0	0
915	0	0
925	0	0
935	0	0
945	0	0
955	0	0
965	0	0
975	0	0
985	0	0
995	0	0
1005	0	0
1015	0	0
1025	0	0
1035	0	0
1045	0	0
1055	0	0
1065	0	0
1075	0	0
1085	0	0
1095	0	0
1105	0	0
1115	0	0
1125	0	0
1135	0	0
1145	0	0
1155	0	0
1165	0	0
1175	0	0
1185	0	0
1195	0	0
