FG time = 1757.08	BG time = 434.807
5	0	0
15	0	0
25	0	0
35	0	0
45	0.000569124	0
55	0.004553	0
65	0.0147972	0
75	0.022765	0
85	0.0369931	0
95	0.0489447	0
105	0.0563433	0
115	0.0580507	0
125	0.054636	0
135	0.0665876	0
145	0.0785392	0
155	0.0756936	0
165	0.0876452	0
175	0.087076	0
185	0.0836613	0
195	0.0819539	0
205	0.096182	0
215	0.096182	0
225	0.091629	0
235	0.103012	0
245	0.0933364	0
255	0.0978894	0
265	0.101873	0
275	0.116671	0
285	0.0995968	0
295	0.0950438	0
305	0.102442	0
315	0.0950438	0
325	0.0978894	0
335	0.0933364	0
345	0.0978894	0
355	0.109841	0
365	0.0882143	0
375	0.087076	0
385	0.0876452	0
395	0.0791083	0
405	0.082523	0
415	0.0751244	0
425	0.0671567	0
435	0.0785392	0
445	0.0802466	0
455	0.0728479	0
465	0.0643111	0
475	0.0728479	0
485	0.0631728	0
495	0.0654493	0
505	0.0534977	0
515	0.0665876	0
525	0.0529286	0
535	0.0495138	0
545	0.0591889	0
555	0.0460991	0
565	0.0489447	0
575	0.0449608	0
585	0.0347166	0
595	0.0295945	0
605	0.031871	0
615	0.031871	0
625	0.027318	0
635	0.0250415	0
645	0.0216267	0
655	0.0165046	0
665	0.0153664	0
675	0.0130899	0
685	0.00910599	0
695	0.0125207	0
705	0.013659	0
715	0.00682949	0
725	0.004553	0
735	0.00739862	0
745	0.004553	0
755	0.00398387	0
765	0.00284562	0
775	0.00398387	0
785	0.00284562	0
795	0.00170737	0
805	0.000569124	0
815	0	0
825	0.000569124	0
835	0	0
845	0	0
855	0	0
865	0	0
875	0	0
885	0	0
895	0	0
905	0	0
915	0	0
925	0	0
935	0	0
945	0	0
955	0	0
965	0	0
975	0	0
985	0	0
995	0	0
1005	0	0
1015	0	0
1025	0	0
1035	0	0
1045	0	0
1055	0	0
1065	0	0
1075	0	0
1085	0	0
1095	0	0
1105	0	0
1115	0	0
1125	0	0
1135	0	0
1145	0	0
1155	0	0
1165	0	0
1175	0	0
1185	0	0
1195	0	0
