FG time = 3395.26	BG time = 614.351
5	0	0
15	0	0
25	0	0
35	0.000294529	0
45	0.0041234	0
55	0.0200279	0
65	0.0430012	0
75	0.0547823	0
85	0.0700978	0
95	0.0833516	0
105	0.0921874	0
115	0.0968999	0
125	0.104852	0
135	0.111037	0
145	0.117517	0
155	0.119873	0
165	0.117222	0
175	0.12812	0
185	0.129004	0
195	0.130476	0
205	0.123407	0
215	0.148148	0
225	0.131949	0
235	0.128709	0
245	0.139607	0
255	0.130476	0
265	0.136367	0
275	0.136072	0
285	0.128414	0
295	0.149326	0
305	0.133127	0
315	0.139017	0
325	0.128709	0
335	0.132832	0
345	0.129593	0
355	0.121346	0
365	0.130182	0
375	0.126647	0
385	0.120168	0
395	0.117811	0
405	0.111921	0
415	0.106325	0
425	0.106619	0
435	0.106325	0
445	0.110743	0
455	0.0845297	0
465	0.098078	0
475	0.0898312	0
485	0.0795227	0
495	0.0918929	0
505	0.0821735	0
515	0.0795227	0
525	0.0642072	0
535	0.0689197	0
545	0.0677416	0
555	0.0580221	0
565	0.0541933	0
575	0.0515425	0
585	0.0491863	0
595	0.0506589	0
605	0.0344598	0
615	0.0376997	0
625	0.035638	0
635	0.0329872	0
645	0.0247404	0
655	0.0232678	0
665	0.0229732	0
675	0.0164936	0
685	0.0197334	0
695	0.01561	0
705	0.0144319	0
715	0.0141374	0
725	0.00883586	0
735	0.00913039	0
745	0.00942491	0
755	0.00353434	0
765	0.00589057	0
775	0.00235623	0
785	0.00235623	0
795	0.00147264	0
805	0.0020617	0
815	0.000294529	0
825	0.000589057	0
835	0	0
845	0.000294529	0
855	0.000589057	0
865	0	0
875	0	0
885	0	0
895	0	0
905	0	0
915	0	0
925	0	0
935	0	0
945	0	0
955	0	0
965	0	0
975	0	0
985	0	0
995	0	0
1005	0	0
1015	0	0
1025	0	0
1035	0	0
1045	0	0
1055	0	0
1065	0	0
1075	0	0
1085	0	0
1095	0	0
1105	0	0
1115	0	0
1125	0	0
1135	0	0
1145	0	0
1155	0	0
1165	0	0
1175	0	0
1185	0	0
1195	0	0
