FG time = 3229.17	BG time = 333.583
5	0	0
15	0	0
25	0	0
35	0	0
45	0.000929031	0
55	0.00959998	0
65	0.0368516	0
75	0.0823741	0
85	0.107768	0
95	0.112103	0
105	0.130374	0
115	0.128516	0
125	0.123251	0
135	0.149574	0
145	0.149574	0
155	0.164438	0
165	0.149884	0
175	0.157006	0
185	0.165677	0
195	0.180851	0
205	0.177445	0
215	0.165058	0
225	0.165058	0
235	0.165987	0
245	0.185496	0
255	0.1728	0
265	0.1728	0
275	0.158864	0
285	0.178374	0
295	0.171871	0
305	0.168155	0
315	0.160413	0
325	0.159174	0
335	0.165058	0
345	0.16289	0
355	0.148955	0
365	0.159793	0
375	0.152051	0
385	0.156697	0
395	0.147097	0
405	0.132232	0
415	0.1248	0
425	0.117677	0
435	0.128516	0
445	0.121084	0
455	0.118606	0
465	0.113342	0
475	0.101574	0
485	0.107148	0
495	0.102193	0
505	0.0953805	0
515	0.090116	0
525	0.0873289	0
535	0.0758708	0
545	0.0706063	0
555	0.071845	0
565	0.0597676	0
575	0.060387	0
585	0.059458	0
595	0.0470709	0
605	0.051716	0
615	0.0427354	0
625	0.0439741	0
635	0.0349935	0
645	0.0294193	0
655	0.0269419	0
665	0.0244645	0
675	0.0204387	0
685	0.0207484	0
695	0.0185806	0
705	0.0161032	0
715	0.0123871	0
725	0.0120774	0
735	0.00774192	0
745	0.00557418	0
755	0.00464515	0
765	0.00247742	0
775	0.00185806	0
785	0.00185806	0
795	0.00123871	0
805	0.00123871	0
815	0	0
825	0.00123871	0
835	0.000929031	0
845	0	0
855	0	0
865	0	0
875	0	0
885	0	0
895	0	0
905	0	0
915	0	0
925	0	0
935	0	0
945	0	0
955	0	0
965	0	0
975	0	0
985	0	0
995	0	0
1005	0	0
1015	0	0
1025	0	0
1035	0	0
1045	0	0
1055	0	0
1065	0	0
1075	0	0
1085	0	0
1095	0	0
1105	0	0
1115	0	0
1125	0	0
1135	0	0
1145	0	0
1155	0	0
1165	0	0
1175	0	0
1185	0	0
1195	0	0
