FG time = 2709.45	BG time = 425.605
5	0	0
15	0	0
25	0	0
35	0	0
45	0	0
55	0.00147632	0
65	0.0217757	0
75	0.0542546	0
85	0.0708632	0
95	0.103342	0
105	0.125118	0
115	0.143572	0
125	0.175682	0
135	0.174205	0
145	0.191183	0
155	0.206684	0
165	0.183801	0
175	0.202994	0
185	0.208899	0
195	0.217388	0
205	0.228091	0
215	0.242485	0
225	0.233258	0
235	0.231044	0
245	0.248759	0
255	0.234365	0
265	0.243223	0
275	0.245438	0
285	0.254665	0
295	0.234734	0
305	0.238794	0
315	0.246914	0
325	0.22846	0
335	0.223662	0
345	0.235472	0
355	0.222555	0
365	0.23658	0
375	0.207422	0
385	0.211113	0
395	0.215542	0
405	0.209268	0
415	0.198934	0
425	0.191183	0
435	0.17236	0
445	0.190814	0
455	0.173098	0
465	0.161657	0
475	0.159811	0
485	0.159811	0
495	0.158335	0
505	0.150215	0
515	0.148001	0
525	0.129178	0
535	0.122165	0
545	0.112569	0
555	0.113676	0
565	0.107771	0
575	0.0970678	0
585	0.0907935	0
595	0.0926389	0
605	0.0716014	0
615	0.0660652	0
625	0.0686487	0
635	0.0579454	0
645	0.0579454	0
655	0.0487184	0
665	0.0417059	0
675	0.0346934	0
685	0.0302645	0
695	0.0291573	0
705	0.0276809	0
715	0.023252	0
725	0.0217757	0
735	0.0147632	0
745	0.0070125	0
755	0.0110724	0
765	0.0107033	0
775	0.0070125	0
785	0.00553619	0
795	0.00369079	0
805	0.00295263	0
815	0.00221447	0
825	0.00147632	0
835	0.0018454	0
845	0.00110724	0
855	0.00110724	0
865	0.000738158	0
875	0.000369079	0
885	0.000369079	0
895	0	0
905	0	0
915	0	0
925	0	0
935	0	0
945	0	0
955	0	0
965	0	0
975	0	0
985	0	0
995	0	0
1005	0	0
1015	0	0
1025	0	0
1035	0	0
1045	0	0
1055	0	0
1065	0	0
1075	0	0
1085	0	0
1095	0	0
1105	0	0
1115	0	0
1125	0	0
1135	0	0
1145	0	0
1155	0	0
1165	0	0
1175	0	0
1185	0	0
1195	0	0
