FG time = 3013.36	BG time = 614.161
5	0	0
15	0	0
25	0	0
35	0	0
45	0.00232299	0
55	0.0126105	0
65	0.0361723	0
75	0.069026	0
85	0.0779861	0
95	0.104866	0
105	0.105198	0
115	0.117809	0
125	0.124446	0
135	0.130419	0
145	0.130419	0
155	0.133074	0
165	0.155972	0
175	0.147344	0
185	0.156304	0
195	0.151326	0
205	0.154313	0
215	0.162941	0
225	0.154977	0
235	0.159623	0
245	0.165264	0
255	0.1646	0
265	0.162609	0
275	0.181525	0
285	0.171237	0
295	0.162609	0
305	0.17356	0
315	0.165596	0
325	0.172565	0
335	0.152654	0
345	0.155972	0
355	0.145353	0
365	0.155308	0
375	0.158627	0
385	0.152322	0
395	0.139711	0
405	0.149003	0
415	0.127101	0
425	0.129092	0
435	0.123118	0
445	0.111172	0
455	0.119136	0
465	0.11084	0
475	0.118141	0
485	0.104866	0
495	0.105862	0
505	0.0902647	0
515	0.0939151	0
525	0.0879417	0
535	0.0806409	0
545	0.082632	0
555	0.0700215	0
565	0.0670348	0
575	0.0673667	0
585	0.0633844	0
595	0.0564154	0
605	0.0448005	0
615	0.0484509	0
625	0.0444686	0
635	0.0428094	0
645	0.0305307	0
655	0.0404864	0
665	0.0374997	0
675	0.0288714	0
685	0.0242255	0
695	0.0169246	0
705	0.0155972	0
715	0.0185839	0
725	0.0126105	0
735	0.0142698	0
745	0.00829639	0
755	0.0059734	0
765	0.00730082	0
775	0.00431412	0
785	0.00398227	0
795	0.0029867	0
805	0.00199113	0
815	0.000663711	0
825	0.000663711	0
835	0.000331856	0
845	0.000663711	0
855	0	0
865	0	0
875	0.000331856	0
885	0	0
895	0.000663711	0
905	0	0
915	0	0
925	0	0
935	0	0
945	0	0
955	0	0
965	0	0
975	0	0
985	0	0
995	0	0
1005	0	0
1015	0	0
1025	0	0
1035	0	0
1045	0	0
1055	0	0
1065	0	0
1075	0	0
1085	0	0
1095	0	0
1105	0	0
1115	0	0
1125	0	0
1135	0	0
1145	0	0
1155	0	0
1165	0	0
1175	0	0
1185	0	0
1195	0	0
