FG time = 3012.76	BG time = 613.603
5	0	0
15	0	0
25	0	0
35	0	0
45	0.00165961	0
55	0.0122811	0
65	0.033524	0
75	0.0670481	0
85	0.0919422	0
95	0.112521	0
105	0.122147	0
115	0.130445	0
125	0.141067	0
135	0.155007	0
145	0.164301	0
155	0.161646	0
165	0.162973	0
175	0.171271	0
185	0.17791	0
195	0.187204	0
205	0.186208	0
215	0.178906	0
225	0.187204	0
235	0.186208	0
245	0.197161	0
255	0.205791	0
265	0.196165	0
275	0.193842	0
285	0.186208	0
295	0.184216	0
305	0.176582	0
315	0.180565	0
325	0.171603	0
335	0.184548	0
345	0.181561	0
355	0.180565	0
365	0.168948	0
375	0.168948	0
385	0.159322	0
395	0.174591	0
405	0.167952	0
415	0.155671	0
425	0.155671	0
435	0.149696	0
445	0.138743	0
455	0.135092	0
465	0.136088	0
475	0.129117	0
485	0.113185	0
495	0.114845	0
505	0.113517	0
515	0.111194	0
525	0.101236	0
535	0.0932699	0
545	0.0803249	0
555	0.0823165	0
565	0.0750142	0
575	0.075678	0
585	0.075678	0
595	0.0657204	0
605	0.059082	0
615	0.0574224	0
625	0.0468009	0
635	0.0454732	0
645	0.0408263	0
655	0.037839	0
665	0.0318644	0
675	0.0278814	0
685	0.0205791	0
695	0.0199153	0
705	0.0219068	0
715	0.0142726	0
725	0.0159322	0
735	0.0116172	0
745	0.00763419	0
755	0.00497882	0
765	0.00730227	0
775	0.00431498	0
785	0.00365113	0
795	0.00199153	0
805	0.00298729	0
815	0.00199153	0
825	0.00165961	0
835	0.000663842	0
845	0	0
855	0.000331921	0
865	0	0
875	0	0
885	0.000331921	0
895	0	0
905	0	0
915	0	0
925	0	0
935	0	0
945	0	0
955	0	0
965	0	0
975	0	0
985	0	0
995	0	0
1005	0	0
1015	0	0
1025	0	0
1035	0	0
1045	0	0
1055	0	0
1065	0	0
1075	0	0
1085	0	0
1095	0	0
1105	0	0
1115	0	0
1125	0	0
1135	0	0
1145	0	0
1155	0	0
1165	0	0
1175	0	0
1185	0	0
1195	0	0
