FG time = 3011.3	BG time = 486.74
5	0	0
15	0	0
25	0	0
35	0	0
45	0.00166041	0
55	0.012287	0
65	0.0315478	0
75	0.0514727	0
85	0.0624314	0
95	0.0833526	0
105	0.0763789	0
115	0.102281	0
125	0.101285	0
135	0.0860093	0
145	0.092983	0
155	0.119882	0
165	0.124863	0
175	0.121874	0
185	0.123202	0
195	0.130508	0
205	0.105934	0
215	0.135822	0
225	0.128848	0
235	0.124199	0
245	0.116561	0
255	0.130176	0
265	0.120214	0
275	0.120214	0
285	0.136154	0
295	0.129512	0
305	0.139807	0
315	0.122538	0
325	0.12752	0
335	0.11955	0
345	0.12918	0
355	0.116893	0
365	0.119882	0
375	0.120214	0
385	0.109919	0
395	0.101949	0
405	0.10693	0
415	0.107927	0
425	0.092983	0
435	0.0936472	0
445	0.0943113	0
455	0.0840168	0
465	0.0906584	0
475	0.0916547	0
485	0.0773751	0
495	0.085013	0
505	0.0770431	0
515	0.0677448	0
525	0.0674127	0
535	0.0624314	0
545	0.060771	0
555	0.056786	0
565	0.0591106	0
575	0.0448311	0
585	0.0498123	0
595	0.0438348	0
605	0.0421744	0
615	0.0348686	0
625	0.0278949	0
635	0.0295553	0
645	0.0189287	0
655	0.024242	0
665	0.0172683	0
675	0.016272	0
685	0.0189287	0
695	0.0142795	0
705	0.00996246	0
715	0.00963038	0
725	0.00730581	0
735	0.00630956	0
745	0.00664164	0
755	0.00464915	0
765	0.00265666	0
775	0.000996246	0
785	0.00232457	0
795	0.00132833	0
805	0.000664164	0
815	0.00132833	0
825	0.000332082	0
835	0	0
845	0	0
855	0	0
865	0	0
875	0	0
885	0	0
895	0	0
905	0	0
915	0	0
925	0	0
935	0	0
945	0	0
955	0	0
965	0	0
975	0	0
985	0	0
995	0	0
1005	0	0
1015	0	0
1025	0	0
1035	0	0
1045	0	0
1055	0	0
1065	0	0
1075	0	0
1085	0	0
1095	0	0
1105	0	0
1115	0	0
1125	0	0
1135	0	0
1145	0	0
1155	0	0
1165	0	0
1175	0	0
1185	0	0
1195	0	0
