FG time = 3399.35	BG time = 612.986
5	0	0
15	0	0
25	0.000294173	0
35	0	0
45	0.00117669	0
55	0.0132378	0
65	0.0458911	0
75	0.081486	0
85	0.104432	0
95	0.123259	0
105	0.114139	0
115	0.127083	0
125	0.127671	0
135	0.130907	0
145	0.138556	0
155	0.134731	0
165	0.128848	0
175	0.134731	0
185	0.148263	0
195	0.142086	0
205	0.153559	0
215	0.144439	0
225	0.141203	0
235	0.146498	0
245	0.148558	0
255	0.153264	0
265	0.142968	0
275	0.143557	0
285	0.16209	0
295	0.1565	0
305	0.150617	0
315	0.148558	0
325	0.138556	0
335	0.137673	0
345	0.137967	0
355	0.14238	0
365	0.129142	0
375	0.123259	0
385	0.117669	0
395	0.115316	0
405	0.117081	0
415	0.120023	0
425	0.109433	0
435	0.116199	0
445	0.110903	0
455	0.105608	0
465	0.107667	0
475	0.0929588	0
485	0.0947239	0
495	0.0900171	0
505	0.0806035	0
515	0.0870753	0
525	0.0726608	0
535	0.0700133	0
545	0.0694249	0
555	0.0617764	0
565	0.057658	0
575	0.0623648	0
585	0.050892	0
595	0.0447144	0
605	0.0417726	0
615	0.0353008	0
625	0.0382426	0
635	0.0314766	0
645	0.0276523	0
655	0.028829	0
665	0.0214747	0
675	0.0214747	0
685	0.0229455	0
695	0.0150028	0
705	0.0126495	0
715	0.0114728	0
725	0.0120611	0
735	0.00853103	0
745	0.00470678	0
755	0.0055893	0
765	0.00382426	0
775	0.00176504	0
785	0.00176504	0
795	0.00264756	0
805	0.00235339	0
815	0.00088252	0
825	0	0
835	0.00117669	0
845	0.00088252	0
855	0.000294173	0
865	0.000294173	0
875	0.000294173	0
885	0.000294173	0
895	0	0
905	0	0
915	0	0
925	0	0
935	0	0
945	0	0
955	0	0
965	0	0
975	0	0
985	0	0
995	0	0
1005	0	0
1015	0	0
1025	0	0
1035	0	0
1045	0	0
1055	0	0
1065	0	0
1075	0	0
1085	0	0
1095	0	0
1105	0	0
1115	0	0
1125	0	0
1135	0	0
1145	0	0
1155	0	0
1165	0	0
1175	0	0
1185	0	0
1195	0	0
