FG time = 3605.49	BG time = 485.166
5	0	0
15	0	0
25	0	0
35	0.000554709	0
45	0.0122036	0
55	0.0421579	0
65	0.0784913	0
75	0.117598	0
85	0.139787	0
95	0.190543	0
105	0.191097	0
115	0.225212	0
125	0.239357	0
135	0.25683	0
145	0.283734	0
155	0.284843	0
165	0.302594	0
175	0.315629	0
185	0.327833	0
195	0.35224	0
205	0.353904	0
215	0.358897	0
225	0.359174	0
235	0.37637	0
245	0.376925	0
255	0.372764	0
265	0.392457	0
275	0.361948	0
285	0.398281	0
295	0.386632	0
305	0.382194	0
315	0.376647	0
325	0.371932	0
335	0.355846	0
345	0.378589	0
355	0.35335	0
365	0.351963	0
375	0.361116	0
385	0.346138	0
395	0.336154	0
405	0.319235	0
415	0.323673	0
425	0.330329	0
435	0.314243	0
445	0.291222	0
455	0.273194	0
465	0.277077	0
475	0.257108	0
485	0.257385	0
495	0.23908	0
505	0.227708	0
515	0.216614	0
525	0.210512	0
535	0.198586	0
545	0.204133	0
555	0.171405	0
565	0.163362	0
575	0.146721	0
585	0.140619	0
595	0.131189	0
605	0.116766	0
615	0.106504	0
625	0.0948552	0
635	0.0987382	0
645	0.086812	0
655	0.0771045	0
665	0.0682292	0
675	0.0668424	0
685	0.0551935	0
695	0.0457635	0
705	0.0360561	0
715	0.034392	0
725	0.025794	0
735	0.021911	0
745	0.0191375	0
755	0.0135904	0
765	0.00887534	0
775	0.0105395	0
785	0.00665651	0
795	0.00471503	0
805	0.0030509	0
815	0.00388296	0
825	0.00194148	0
835	0.00110942	0
845	0.000832063	0
855	0.000277354	0
865	0.000277354	0
875	0	0
885	0	0
895	0	0
905	0	0
915	0	0
925	0	0
935	0	0
945	0	0
955	0	0
965	0	0
975	0	0
985	0	0
995	0	0
1005	0	0
1015	0	0
1025	0	0
1035	0	0
1045	0	0
1055	0	0
1065	0	0
1075	0	0
1085	0	0
1095	0	0
1105	0	0
1115	0	0
1125	0	0
1135	0	0
1145	0	0
1155	0	0
1165	0	0
1175	0	0
1185	0	0
1195	0	0
