FG time = 1633.82	BG time = 313.117
5	0	0
15	0	0
25	0	0
35	0	0
45	0.00306031	0
55	0.0208101	0
65	0.0581458	0
75	0.0918092	0
85	0.114455	0
95	0.129757	0
105	0.150567	0
115	0.168929	0
125	0.166481	0
135	0.171989	0
145	0.176886	0
155	0.21973	0
165	0.20504	0
175	0.224626	0
185	0.212385	0
195	0.24054	0
205	0.238704	0
215	0.238092	0
225	0.250945	0
235	0.236868	0
245	0.231359	0
255	0.222178	0
265	0.234419	0
275	0.24054	0
285	0.217282	0
295	0.231359	0
305	0.230747	0
315	0.225851	0
325	0.253393	0
335	0.226463	0
345	0.234419	0
355	0.21973	0
365	0.209937	0
375	0.203816	0
385	0.211773	0
395	0.193411	0
405	0.216058	0
415	0.203204	0
425	0.186067	0
435	0.192799	0
445	0.168929	0
455	0.175049	0
465	0.153015	0
475	0.152403	0
485	0.146895	0
495	0.137714	0
505	0.130981	0
515	0.137714	0
525	0.13649	0
535	0.0973177	0
545	0.103438	0
555	0.110171	0
565	0.104662	0
575	0.090585	0
585	0.069775	0
595	0.0911971	0
605	0.0556976	0
615	0.0550855	0
625	0.0630423	0
635	0.0575337	0
645	0.0489649	0
655	0.0477408	0
665	0.0385598	0
675	0.0361116	0
685	0.0281548	0
695	0.0257066	0
705	0.0244824	0
715	0.0220342	0
725	0.0122412	0
735	0.0140774	0
745	0.00795679	0
755	0.00489649	0
765	0.00428443	0
775	0.00183618	0
785	0.00183618	0
795	0.00244824	0
805	0.00122412	0
815	0.000612061	0
825	0.000612061	0
835	0.00122412	0
845	0	0
855	0	0
865	0	0
875	0	0
885	0	0
895	0	0
905	0	0
915	0	0
925	0	0
935	0	0
945	0	0
955	0	0
965	0	0
975	0	0
985	0	0
995	0	0
1005	0	0
1015	0	0
1025	0	0
1035	0	0
1045	0	0
1055	0	0
1065	0	0
1075	0	0
1085	0	0
1095	0	0
1105	0	0
1115	0	0
1125	0	0
1135	0	0
1145	0	0
1155	0	0
1165	0	0
1175	0	0
1185	0	0
1195	0	0
