FG time = 3604.94	BG time = 484.909
5	0	0
15	0	0
25	0	0
35	0	0
45	0	0
55	0	0
65	0	0
75	0	0
85	0	0
95	0	0
105	0.000277397	0
115	0	0
125	0.000554795	0
135	0.000832192	0
145	0.00221918	0
155	0.00416096	0
165	0.00277397	0
175	0.00638014	0
185	0.00638014	0
195	0.00638014	0
205	0.00859932	0
215	0.00998631	0
225	0.00998631	0
235	0.00998631	0
245	0.0108185	0
255	0.0102637	0
265	0.0108185	0
275	0.0130377	0
285	0.0110959	0
295	0.0185856	0
305	0.0127603	0
315	0.0124829	0
325	0.0130377	0
335	0.0147021	0
345	0.0110959	0
355	0.0105411	0
365	0.0141473	0
375	0.0138699	0
385	0.0152569	0
395	0.0152569	0
405	0.0138699	0
415	0.0138699	0
425	0.0122055	0
435	0.0147021	0
445	0.0110959	0
455	0.00943151	0
465	0.0135925	0
475	0.0113733	0
485	0.00970891	0
495	0.0119281	0
505	0.00943151	0
515	0.00804452	0
525	0.00638014	0
535	0.00943151	0
545	0.00915411	0
555	0.00499315	0
565	0.00638014	0
575	0.00721233	0
585	0.00748973	0
595	0.00693493	0
605	0.00582535	0
615	0.00471576	0
625	0.00388356	0
635	0.00471576	0
645	0.00194178	0
655	0.00360617	0
665	0.00277397	0
675	0.000277397	0
685	0.00194178	0
695	0.00110959	0
705	0.00305137	0
715	0.00110959	0
725	0.000832192	0
735	0.00166438	0
745	0.00110959	0
755	0.000277397	0
765	0.000277397	0
775	0	0
785	0	0
795	0	0
805	0	0
815	0	0
825	0.000277397	0
835	0	0
845	0	0
855	0	0
865	0	0
875	0	0
885	0	0
895	0	0
905	0	0
915	0	0
925	0	0
935	0	0
945	0	0
955	0	0
965	0	0
975	0	0
985	0	0
995	0	0
1005	0	0
1015	0	0
1025	0	0
1035	0	0
1045	0	0
1055	0	0
1065	0	0
1075	0	0
1085	0	0
1095	0	0
1105	0	0
1115	0	0
1125	0	0
1135	0	0
1145	0	0
1155	0	0
1165	0	0
1175	0	0
1185	0	0
1195	0	0
