FG time = 2329.03	BG time = 125.357
5	0.000858727	0
15	0	0
25	0.000429363	0
35	0.00257618	0
45	0.0124515	0
55	0.0343491	0
65	0.0875901	0
75	0.109917	0
85	0.15543	0
95	0.146413	0
105	0.166593	0
115	0.183338	0
125	0.20223	0
135	0.200513	0
145	0.191067	0
155	0.210388	0
165	0.215111	0
175	0.210817	0
185	0.218546	0
195	0.233144	0
205	0.223269	0
215	0.234432	0
225	0.219834	0
235	0.233574	0
245	0.230139	0
255	0.237867	0
265	0.218975	0
275	0.22241	0
285	0.211676	0
295	0.228851	0
305	0.235721	0
315	0.203948	0
325	0.22284	0
335	0.214252	0
345	0.223269	0
355	0.225416	0
365	0.20266	0
375	0.193643	0
385	0.200513	0
395	0.205665	0
405	0.178615	0
415	0.196219	0
425	0.16187	0
435	0.163158	0
445	0.165305	0
455	0.149848	0
465	0.16187	0
475	0.138684	0
485	0.135679	0
495	0.118075	0
505	0.130097	0
515	0.120222	0
525	0.115928	0
535	0.118504	0
545	0.0905957	0
555	0.0914544	0
565	0.0978949	0
575	0.0759973	0
585	0.0691275	0
595	0.0562466	0
605	0.0669807	0
615	0.0609696	0
625	0.0493768	0
635	0.0437951	0
645	0.0390721	0
655	0.0386427	0
665	0.0352078	0
675	0.0317729	0
685	0.0253324	0
695	0.0197507	0
705	0.0163158	0
715	0.0115928	0
725	0.0128809	0
735	0.0103047	0
745	0.0103047	0
755	0.00729918	0
765	0.004723	0
775	0.00386427	0
785	0.00343491	0
795	0.000858727	0
805	0.00128809	0
815	0.00128809	0
825	0	0
835	0	0
845	0.000858727	0
855	0	0
865	0	0
875	0	0
885	0	0
895	0	0
905	0	0
915	0	0
925	0	0
935	0	0
945	0	0
955	0	0
965	0	0
975	0	0
985	0	0
995	0	0
1005	0	0
1015	0	0
1025	0	0
1035	0	0
1045	0	0
1055	0	0
1065	0	0
1075	0	0
1085	0	0
1095	0	0
1105	0	0
1115	0	0
1125	0	0
1135	0	0
1145	0	0
1155	0	0
1165	0	0
1175	0	0
1185	0	0
1195	0	0
