FG time = 3455.43	BG time = 485.299
5	0.0002894	0
15	0	0
25	0	0
35	0.0002894	0
45	0.00897139	0
55	0.0471722	0
65	0.114313	0
75	0.186084	0
85	0.204027	0
95	0.229783	0
105	0.24599	0
115	0.263933	0
125	0.273193	0
135	0.270589	0
145	0.287374	0
155	0.310815	0
165	0.305317	0
175	0.31805	0
185	0.336861	0
195	0.340623	0
205	0.343517	0
215	0.359145	0
225	0.33744	0
235	0.354804	0
245	0.347858	0
255	0.346701	0
265	0.339466	0
275	0.333678	0
285	0.325285	0
295	0.331652	0
305	0.327022	0
315	0.316603	0
325	0.321812	0
335	0.307921	0
345	0.307342	0
355	0.301554	0
365	0.285348	0
375	0.27985	0
385	0.294609	0
395	0.296635	0
405	0.264801	0
415	0.261039	0
425	0.268274	0
435	0.252646	0
445	0.236729	0
455	0.237308	0
465	0.226021	0
475	0.223995	0
485	0.210972	0
495	0.196213	0
505	0.184637	0
515	0.185795	0
525	0.172193	0
535	0.158012	0
545	0.150777	0
555	0.137465	0
565	0.128783	0
575	0.123574	0
585	0.113155	0
595	0.104473	0
605	0.101869	0
615	0.0986853	0
625	0.0778485	0
635	0.0720605	0
645	0.0636679	0
655	0.0541177	0
665	0.0491979	0
675	0.044857	0
685	0.0416736	0
695	0.0315446	0
705	0.024599	0
715	0.0211262	0
725	0.0191004	0
735	0.0138912	0
745	0.011576	0
755	0.00897139	0
765	0.00810319	0
775	0.00491979	0
785	0.00578799	0
795	0.0031834	0
805	0.0011576	0
815	0.001447	0
825	0.001447	0
835	0	0
845	0.000578799	0
855	0.0002894	0
865	0.0002894	0
875	0	0
885	0	0
895	0	0
905	0	0
915	0	0
925	0	0
935	0	0
945	0	0
955	0	0
965	0	0
975	0	0
985	0	0
995	0	0
1005	0	0
1015	0	0
1025	0	0
1035	0	0
1045	0	0
1055	0	0
1065	0	0
1075	0	0
1085	0	0
1095	0	0
1105	0	0
1115	0	0
1125	0	0
1135	0	0
1145	0	0
1155	0	0
1165	0	0
1175	0	0
1185	0	0
1195	0	0
