FG time = 2404.49	BG time = 364.936
5	0	0
15	0	0
25	0	0
35	0.000831779	0
45	0.0153879	0
55	0.0573927	0
65	0.14473	0
75	0.21959	0
85	0.279062	0
95	0.27823	0
105	0.304431	0
115	0.285716	0
125	0.30152	0
135	0.342277	0
145	0.351011	0
155	0.341029	0
165	0.368062	0
175	0.380955	0
185	0.350179	0
195	0.380123	0
205	0.370973	0
215	0.361824	0
225	0.361824	0
235	0.383034	0
245	0.36723	0
255	0.371389	0
265	0.391352	0
275	0.371805	0
285	0.382202	0
295	0.387609	0
305	0.370973	0
315	0.370973	0
325	0.364735	0
335	0.357249	0
345	0.370973	0
355	0.344772	0
365	0.349347	0
375	0.3298	0
385	0.328137	0
395	0.303183	0
405	0.308174	0
415	0.274487	0
425	0.280309	0
435	0.266169	0
445	0.270328	0
455	0.275319	0
465	0.24995	0
475	0.222085	0
485	0.230403	0
495	0.22666	0
505	0.212935	0
515	0.190061	0
525	0.179664	0
535	0.179248	0
545	0.165108	0
555	0.145145	0
565	0.138075	0
575	0.131837	0
585	0.12643	0
595	0.115201	0
605	0.0910798	0
615	0.0914957	0
625	0.0885844	0
635	0.0860891	0
645	0.0761078	0
655	0.0578086	0
665	0.0515703	0
675	0.0511544	0
685	0.0436684	0
695	0.0303599	0
705	0.0341029	0
715	0.0220421	0
725	0.0162197	0
735	0.0178832	0
745	0.0108131	0
755	0.00665423	0
765	0.00665423	0
775	0.00499067	0
785	0.00291123	0
795	0.00207945	0
805	0.00166356	0
815	0.00249534	0
825	0	0
835	0.000415889	0
845	0	0
855	0.000415889	0
865	0	0
875	0.000415889	0
885	0	0
895	0	0
905	0	0
915	0	0
925	0	0
935	0	0
945	0	0
955	0	0
965	0	0
975	0	0
985	0	0
995	0	0
1005	0	0
1015	0	0
1025	0	0
1035	0	0
1045	0	0
1055	0	0
1065	0	0
1075	0	0
1085	0	0
1095	0	0
1105	0	0
1115	0	0
1125	0	0
1135	0	0
1145	0	0
1155	0	0
1165	0	0
1175	0	0
1185	0	0
1195	0	0
