FG time = 3313.11	BG time = 613.596
5	0	0
15	0	0
25	0	0
35	0	0
45	0.00211282	0
55	0.0132806	0
65	0.0347106	0
75	0.066101	0
85	0.0778724	0
95	0.0935676	0
105	0.108961	0
115	0.108357	0
125	0.111376	0
135	0.12194	0
145	0.126467	0
155	0.11711	0
165	0.147595	0
175	0.13854	0
185	0.135824	0
195	0.157858	0
205	0.153632	0
215	0.157254	0
225	0.164498	0
235	0.156952	0
245	0.151821	0
255	0.162385	0
265	0.156348	0
275	0.154236	0
285	0.16148	0
295	0.155141	0
305	0.146992	0
315	0.154537	0
325	0.172949	0
335	0.130089	0
345	0.149105	0
355	0.143672	0
365	0.145181	0
375	0.140955	0
385	0.139144	0
395	0.14337	0
405	0.135522	0
415	0.124656	0
425	0.114394	0
435	0.121034	0
445	0.117714	0
455	0.118016	0
465	0.104132	0
475	0.105943	0
485	0.100812	0
495	0.0914548	0
505	0.0938695	0
515	0.0999061	0
525	0.0854182	0
535	0.0781742	0
545	0.0709303	0
555	0.0706285	0
565	0.0676102	0
575	0.0664028	0
585	0.0558387	0
595	0.0570461	0
605	0.0546314	0
615	0.0476893	0
625	0.0383325	0
635	0.0371252	0
645	0.0289758	0
655	0.0292776	0
665	0.026863	0
675	0.0217318	0
685	0.0202227	0
695	0.0190154	0
705	0.0193172	0
715	0.0156952	0
725	0.0126769	0
735	0.0087531	0
745	0.00664028	0
755	0.00543296	0
765	0.00543296	0
775	0.00633845	0
785	0.00241465	0
795	0.00120732	0
805	0.00120732	0
815	0.000905493	0
825	0.000603662	0
835	0	0
845	0	0
855	0.000301831	0
865	0.000301831	0
875	0	0
885	0	0
895	0	0
905	0.000301831	0
915	0	0
925	0	0
935	0	0
945	0	0
955	0	0
965	0	0
975	0	0
985	0	0
995	0	0
1005	0	0
1015	0	0
1025	0	0
1035	0	0
1045	0	0
1055	0	0
1065	0	0
1075	0	0
1085	0	0
1095	0	0
1105	0	0
1115	0	0
1125	0	0
1135	0	0
1145	0	0
1155	0	0
1165	0	0
1175	0	0
1185	0	0
1195	0	0
