FG time = 3604.88	BG time = 484.689
5	0	0
15	0	0
25	0	0
35	0.000277402	0
45	0.00887687	0
55	0.0371719	0
65	0.0682409	0
75	0.113457	0
85	0.139256	0
95	0.162003	0
105	0.180034	0
115	0.199452	0
125	0.231908	0
135	0.232463	0
145	0.257984	0
155	0.272131	0
165	0.276293	0
175	0.302091	0
185	0.300426	0
195	0.313187	0
205	0.331773	0
215	0.321786	0
225	0.345366	0
235	0.369222	0
245	0.337876	0
255	0.365339	0
265	0.379763	0
275	0.368667	0
285	0.362842	0
295	0.34814	0
305	0.353965	0
315	0.346475	0
325	0.376989	0
335	0.348972	0
345	0.352023	0
355	0.348417	0
365	0.330386	0
375	0.327057	0
385	0.350081	0
395	0.315961	0
405	0.299872	0
415	0.300704	0
425	0.308471	0
435	0.294324	0
445	0.27657	0
455	0.263809	0
465	0.249384	0
475	0.244391	0
485	0.252713	0
495	0.215819	0
505	0.207219	0
515	0.2136	0
525	0.199452	0
535	0.190298	0
545	0.180311	0
555	0.160061	0
565	0.150629	0
575	0.162558	0
585	0.135372	0
595	0.124276	0
605	0.108742	0
615	0.110129	0
625	0.102916	0
635	0.0923749	0
645	0.0812788	0
655	0.0721245	0
665	0.0679635	0
675	0.052429	0
685	0.0493776	0
695	0.0441069	0
705	0.0349527	0
715	0.0321786	0
725	0.0246888	0
735	0.024134	0
745	0.0127605	0
755	0.0113735	0
765	0.0105413	0
775	0.00804466	0
785	0.00610285	0
795	0.00527064	0
805	0.00360623	0
815	0.00221922	0
825	0.00194181	0
835	0.000554804	0
845	0.000554804	0
855	0.000832206	0
865	0.000277402	0
875	0.000277402	0
885	0	0
895	0	0
905	0	0
915	0	0
925	0	0
935	0	0
945	0	0
955	0	0
965	0	0
975	0	0
985	0	0
995	0	0
1005	0	0
1015	0	0
1025	0	0
1035	0	0
1045	0	0
1055	0	0
1065	0	0
1075	0	0
1085	0	0
1095	0	0
1105	0	0
1115	0	0
1125	0	0
1135	0	0
1145	0	0
1155	0	0
1165	0	0
1175	0	0
1185	0	0
1195	0	0
