FG time = 3611.17	BG time = 486.145
5	0	0
15	0	0
25	0	0
35	0	0
45	0.00138459	0
55	0.0191074	0
65	0.071168	0
75	0.154797	0
85	0.247011	0
95	0.270826	0
105	0.278857	0
115	0.31541	0
125	0.325656	0
135	0.359717	0
145	0.363317	0
155	0.361932	0
165	0.370793	0
175	0.369686	0
185	0.380486	0
195	0.409839	0
205	0.398485	0
215	0.4115	0
225	0.397378	0
235	0.409839	0
245	0.412331	0
255	0.392393	0
265	0.414823	0
275	0.410116	0
285	0.39627	0
295	0.387132	0
305	0.384086	0
315	0.384639	0
325	0.398762	0
335	0.372732	0
345	0.377163	0
355	0.369963	0
365	0.358055	0
375	0.355009	0
385	0.347809	0
395	0.342825	0
405	0.327871	0
415	0.32704	0
425	0.30821	0
435	0.292703	0
445	0.286887	0
455	0.277195	0
465	0.266118	0
475	0.268888	0
485	0.24535	0
495	0.225965	0
505	0.217935	0
515	0.20935	0
525	0.193289	0
535	0.191904	0
545	0.175843	0
555	0.171135	0
565	0.157566	0
575	0.146767	0
585	0.12849	0
595	0.115752	0
605	0.113813	0
615	0.107721	0
625	0.0949829	0
635	0.084737	0
645	0.074491	0
655	0.0758756	0
665	0.0620297	0
675	0.0490145	0
685	0.0467992	0
695	0.0348917	0
705	0.0323994	0
715	0.0301841	0
725	0.0221535	0
735	0.0182766	0
745	0.0174458	0
755	0.00996906	0
765	0.00858446	0
775	0.00470761	0
785	0.00470761	0
795	0.00387685	0
805	0.00221535	0
815	0.000553836	0
825	0.00138459	0
835	0.000276918	0
845	0.000830755	0
855	0.000830755	0
865	0	0
875	0	0
885	0	0
895	0	0
905	0	0
915	0	0
925	0	0
935	0	0
945	0	0
955	0	0
965	0	0
975	0	0
985	0	0
995	0	0
1005	0	0
1015	0	0
1025	0	0
1035	0	0
1045	0	0
1055	0	0
1065	0	0
1075	0	0
1085	0	0
1095	0	0
1105	0	0
1115	0	0
1125	0	0
1135	0	0
1145	0	0
1155	0	0
1165	0	0
1175	0	0
1185	0	0
1195	0	0
