FG time = 3317.53	BG time = 494.285
5	0	0
15	0	0
25	0	0
35	0	0
45	0	0
55	0.00783716	0
65	0.0412958	0
75	0.0831944	0
85	0.119366	0
95	0.12238	0
105	0.15192	0
115	0.16458	0
125	0.172116	0
135	0.182666	0
145	0.20467	0
155	0.211603	0
165	0.209192	0
175	0.224263	0
185	0.222756	0
195	0.226072	0
205	0.223962	0
215	0.235718	0
225	0.229689	0
235	0.222455	0
245	0.234512	0
255	0.237526	0
265	0.239938	0
275	0.22577	0
285	0.236019	0
295	0.214617	0
305	0.234512	0
315	0.22999	0
325	0.221852	0
335	0.225168	0
345	0.221249	0
355	0.20256	0
365	0.204972	0
375	0.21311	0
385	0.197135	0
395	0.20256	0
405	0.192613	0
415	0.184475	0
425	0.18146	0
435	0.175733	0
445	0.172116	0
455	0.16458	0
465	0.16036	0
475	0.159456	0
485	0.149207	0
495	0.14137	0
505	0.138055	0
515	0.134136	0
525	0.121777	0
535	0.107912	0
545	0.10128	0
555	0.091333	0
565	0.0949502	0
575	0.0844001	0
585	0.0741516	0
595	0.076563	0
605	0.076563	0
615	0.0711373	0
625	0.0623958	0
635	0.0533529	0
645	0.0482287	0
655	0.0418986	0
665	0.0425015	0
675	0.0328558	0
685	0.0262243	0
695	0.0241143	0
705	0.0247172	0
715	0.02743	0
725	0.01688	0
735	0.0108514	0
745	0.0108514	0
755	0.00663144	0
765	0.0072343	0
775	0.00361715	0
785	0.00572715	0
795	0.00301429	0
805	0.00241143	0
815	0.00241143	0
825	0.000301429	0
835	0.00120572	0
845	0.00120572	0
855	0	0
865	0	0
875	0	0
885	0.000301429	0
895	0	0
905	0.000301429	0
915	0	0
925	0	0
935	0	0
945	0	0
955	0	0
965	0	0
975	0	0
985	0	0
995	0	0
1005	0	0
1015	0	0
1025	0	0
1035	0	0
1045	0	0
1055	0	0
1065	0	0
1075	0	0
1085	0	0
1095	0	0
1105	0	0
1115	0	0
1125	0	0
1135	0	0
1145	0	0
1155	0	0
1165	0	0
1175	0	0
1185	0	0
1195	0	0
