FG time = 3611.86	BG time = 486.386
5	0.0016612	0
15	0	0
25	0.000276866	0
35	0.00221493	0
45	0.0119052	0
55	0.0418067	0
65	0.112131	0
75	0.167227	0
85	0.183008	0
95	0.206542	0
105	0.207649	0
115	0.228968	0
125	0.222877	0
135	0.26856	0
145	0.267452	0
155	0.257762	0
165	0.266345	0
175	0.263576	0
185	0.295693	0
195	0.281019	0
205	0.275482	0
215	0.289048	0
225	0.300123	0
235	0.283511	0
245	0.297631	0
255	0.286002	0
265	0.28268	0
275	0.277696	0
285	0.306767	0
295	0.307321	0
305	0.294585	0
315	0.288494	0
325	0.292647	0
335	0.275482	0
345	0.260531	0
355	0.27382	0
365	0.258039	0
375	0.271052	0
385	0.250287	0
395	0.239766	0
405	0.225092	0
415	0.224538	0
425	0.21291	0
435	0.210418	0
445	0.197128	0
455	0.207649	0
465	0.190484	0
475	0.187161	0
485	0.18107	0
495	0.171934	0
505	0.162243	0
515	0.140925	0
525	0.161413	0
535	0.130127	0
545	0.129573	0
555	0.119606	0
565	0.109916	0
575	0.105209	0
585	0.0899814	0
595	0.080568	0
605	0.0869359	0
615	0.0742	0
625	0.0694933	0
635	0.0603568	0
645	0.0545426	0
655	0.0426373	0
665	0.041253	0
675	0.0409761	0
685	0.0260254	0
695	0.0232567	0
705	0.0218724	0
715	0.0199343	0
725	0.0174425	0
735	0.00996717	0
745	0.00885971	0
755	0.00775224	0
765	0.00498359	0
775	0.00442985	0
785	0.00359926	0
795	0.00138433	0
805	0.00221493	0
815	0.0016612	0
825	0.00138433	0
835	0.000830598	0
845	0.000553732	0
855	0.000276866	0
865	0.000276866	0
875	0	0
885	0	0
895	0	0
905	0	0
915	0	0
925	0	0
935	0	0
945	0	0
955	0	0
965	0	0
975	0	0
985	0	0
995	0	0
1005	0	0
1015	0	0
1025	0	0
1035	0	0
1045	0	0
1055	0	0
1065	0	0
1075	0	0
1085	0	0
1095	0	0
1105	0	0
1115	0	0
1125	0	0
1135	0	0
1145	0	0
1155	0	0
1165	0	0
1175	0	0
1185	0	0
1195	0	0
