FG time = 3319.29	BG time = 734.764
5	0	0
15	0	0
25	0	0
35	0	0
45	0.000301269	0
55	0.0105444	0
65	0.0488056	0
75	0.079535	0
85	0.113277	0
95	0.122315	0
105	0.126834	0
115	0.142801	0
125	0.153346	0
135	0.162685	0
145	0.162083	0
155	0.168711	0
165	0.168711	0
175	0.181063	0
185	0.184075	0
195	0.182569	0
205	0.188293	0
215	0.184377	0
225	0.168108	0
235	0.187992	0
245	0.192812	0
255	0.190402	0
265	0.197934	0
275	0.190101	0
285	0.173832	0
295	0.186184	0
305	0.172326	0
315	0.164493	0
325	0.170518	0
335	0.172025	0
345	0.173832	0
355	0.159672	0
365	0.154852	0
375	0.162685	0
385	0.154852	0
395	0.140391	0
405	0.143103	0
415	0.147019	0
425	0.129546	0
435	0.132558	0
445	0.134065	0
455	0.13286	0
465	0.127437	0
475	0.121713	0
485	0.115989	0
495	0.106649	0
505	0.100323	0
515	0.0789324	0
525	0.0970086	0
535	0.0915857	0
545	0.0870667	0
555	0.0837527	0
565	0.0738109	0
575	0.0656766	0
585	0.0572411	0
595	0.0557347	0
605	0.0491068	0
615	0.0506132	0
625	0.0439853	0
635	0.0448891	0
645	0.0370561	0
655	0.0349472	0
665	0.0262104	0
675	0.0262104	0
685	0.0180761	0
695	0.0204863	0
705	0.0132558	0
715	0.0129546	0
725	0.00813426	0
735	0.0087368	0
745	0.00572411	0
755	0.00723045	0
765	0.00391649	0
775	0.00301269	0
785	0.00120508	0
795	0.00120508	0
805	0.000903807	0
815	0.000602538	0
825	0	0
835	0	0
845	0	0
855	0.000301269	0
865	0	0
875	0	0
885	0	0
895	0	0
905	0	0
915	0.000301269	0
925	0	0
935	0	0
945	0	0
955	0	0
965	0	0
975	0	0
985	0	0
995	0	0
1005	0	0
1015	0	0
1025	0	0
1035	0	0
1045	0	0
1055	0	0
1065	0	0
1075	0	0
1085	0	0
1095	0	0
1105	0	0
1115	0	0
1125	0	0
1135	0	0
1145	0	0
1155	0	0
1165	0	0
1175	0	0
1185	0	0
1195	0	0
