FG time = 3014.25	BG time = 373.613
5	0	0
15	0	0
25	0	0
35	0	0
45	0.00563987	0
55	0.0278676	0
65	0.080617	0
75	0.107821	0
85	0.139006	0
95	0.151613	0
105	0.182798	0
115	0.193414	0
125	0.210998	0
135	0.212325	0
145	0.244837	0
155	0.244173	0
165	0.244837	0
175	0.258107	0
185	0.266733	0
195	0.274363	0
205	0.292278	0
215	0.288629	0
225	0.263747	0
235	0.275027	0
245	0.292942	0
255	0.291283	0
265	0.278676	0
275	0.28697	0
285	0.295596	0
295	0.286638	0
305	0.273036	0
315	0.28697	0
325	0.267065	0
335	0.27005	0
345	0.273368	0
355	0.265738	0
365	0.259434	0
375	0.282325	0
385	0.25114	0
395	0.241519	0
405	0.256448	0
415	0.246827	0
425	0.226922	0
435	0.216969	0
445	0.223604	0
455	0.216969	0
465	0.203035	0
475	0.203699	0
485	0.191424	0
495	0.179812	0
505	0.186448	0
515	0.163225	0
525	0.144646	0
535	0.161898	0
545	0.134693	0
555	0.142324	0
565	0.116115	0
575	0.106826	0
585	0.0945508	0
595	0.0945508	0
605	0.0865886	0
615	0.0826076	0
625	0.0776312	0
635	0.0743136	0
645	0.0633656	0
655	0.0577258	0
665	0.047773	0
675	0.0394791	0
685	0.0424649	0
695	0.0348345	0
705	0.023223	0
715	0.021896	0
725	0.0238865	0
735	0.0126068	0
745	0.0092892	0
755	0.00597163	0
765	0.00663514	0
775	0.00563987	0
785	0.00530812	0
795	0.00199054	0
805	0.00165879	0
815	0.000995272	0
825	0.00199054	0
835	0.000663514	0
845	0.000331757	0
855	0.000331757	0
865	0	0
875	0	0
885	0	0
895	0.000331757	0
905	0	0
915	0	0
925	0	0
935	0	0
945	0	0
955	0	0
965	0	0
975	0	0
985	0	0
995	0	0
1005	0	0
1015	0	0
1025	0	0
1035	0	0
1045	0	0
1055	0	0
1065	0	0
1075	0	0
1085	0	0
1095	0	0
1105	0	0
1115	0	0
1125	0	0
1135	0	0
1145	0	0
1155	0	0
1165	0	0
1175	0	0
1185	0	0
1195	0	0
