FG time = 1807.95	BG time = 365.061
5	0	0
15	0	0
25	0	0
35	0.000553112	0
45	0.0044249	0
55	0.034293	0
65	0.0835199	0
75	0.106751	0
85	0.129981	0
95	0.12445	0
105	0.146575	0
115	0.146575	0
125	0.147681	0
135	0.153212	0
145	0.154318	0
155	0.14934	0
165	0.178655	0
175	0.170912	0
185	0.151553	0
195	0.165934	0
205	0.185293	0
215	0.186399	0
225	0.178102	0
235	0.171465	0
245	0.167593	0
255	0.185846	0
265	0.184739	0
275	0.164274	0
285	0.180315	0
295	0.164274	0
305	0.170359	0
315	0.176996	0
325	0.176996	0
335	0.168699	0
345	0.176443	0
355	0.164274	0
365	0.149893	0
375	0.137172	0
385	0.148787	0
395	0.147128	0
405	0.145468	0
415	0.14934	0
425	0.143809	0
435	0.12611	0
445	0.122238	0
455	0.1156	0
465	0.131641	0
475	0.1156	0
485	0.110069	0
495	0.119472	0
505	0.098454	0
515	0.0912635	0
525	0.098454	0
535	0.0818606	0
545	0.084073	0
555	0.0752233	0
565	0.0724577	0
575	0.0730108	0
585	0.0613954	0
595	0.044249	0
605	0.0586299	0
615	0.0453552	0
625	0.0359523	0
635	0.0348461	0
645	0.0309743	0
655	0.0282087	0
665	0.0259963	0
675	0.0154871	0
685	0.0204651	0
695	0.0171465	0
705	0.0154871	0
715	0.0110622	0
725	0.0132747	0
735	0.00663735	0
745	0.00497801	0
755	0.00276556	0
765	0.00387179	0
775	0.00165934	0
785	0.00331867	0
795	0.00110622	0
805	0.00110622	0
815	0.000553112	0
825	0	0
835	0	0
845	0	0
855	0	0
865	0	0
875	0	0
885	0	0
895	0	0
905	0	0
915	0	0
925	0	0
935	0	0
945	0	0
955	0	0
965	0	0
975	0	0
985	0	0
995	0	0
1005	0	0
1015	0	0
1025	0	0
1035	0	0
1045	0	0
1055	0	0
1065	0	0
1075	0	0
1085	0	0
1095	0	0
1105	0	0
1115	0	0
1125	0	0
1135	0	0
1145	0	0
1155	0	0
1165	0	0
1175	0	0
1185	0	0
1195	0	0
