FG time = 2472.76	BG time = 493.421
5	0	0
15	0	0
25	0	0
35	0	0
45	0.00444846	0
55	0.0343745	0
65	0.0590432	0
75	0.10555	0
85	0.12941	0
95	0.154887	0
105	0.162167	0
115	0.171872	0
125	0.204225	0
135	0.207864	0
145	0.212717	0
155	0.211504	0
165	0.206651	0
175	0.232129	0
185	0.232533	0
195	0.244665	0
205	0.239813	0
215	0.258415	0
225	0.247901	0
235	0.264481	0
245	0.266908	0
255	0.270143	0
265	0.277018	0
275	0.277018	0
285	0.267717	0
295	0.249923	0
305	0.260842	0
315	0.266503	0
325	0.250327	0
335	0.254371	0
345	0.244261	0
355	0.247496	0
365	0.23496	0
375	0.217166	0
385	0.246283	0
395	0.20746	0
405	0.226467	0
415	0.210695	0
425	0.207864	0
435	0.217166	0
445	0.196541	0
455	0.182387	0
465	0.175916	0
475	0.178343	0
485	0.162571	0
495	0.159336	0
505	0.154483	0
515	0.15974	0
525	0.135476	0
535	0.130623	0
545	0.113234	0
555	0.116469	0
565	0.116873	0
575	0.113638	0
585	0.0946309	0
595	0.089778	0
605	0.0744106	0
615	0.0610652	0
625	0.0655137	0
635	0.0614697	0
645	0.0513595	0
655	0.0456978	0
665	0.0416538	0
675	0.0461022	0
685	0.0287128	0
695	0.0291172	0
705	0.0242643	0
715	0.0206247	0
725	0.016985	0
735	0.00970573	0
745	0.00768371	0
755	0.00930133	0
765	0.0068749	0
775	0.00768371	0
785	0.00242643	0
795	0.00283084	0
805	0.00242643	0
815	0.00121322	0
825	0.00202203	0
835	0.000404406	0
845	0.000808811	0
855	0.000404406	0
865	0	0
875	0	0
885	0	0
895	0	0
905	0	0
915	0	0
925	0	0
935	0	0
945	0	0
955	0	0
965	0	0
975	0	0
985	0	0
995	0	0
1005	0	0
1015	0	0
1025	0	0
1035	0	0
1045	0	0
1055	0	0
1065	0	0
1075	0	0
1085	0	0
1095	0	0
1105	0	0
1115	0	0
1125	0	0
1135	0	0
1145	0	0
1155	0	0
1165	0	0
1175	0	0
1185	0	0
1195	0	0
