FG time = 3538.53	BG time = 726.621
5	0	0
15	0	0
25	0	0
35	0.000282604	0
45	0.0081955	0
55	0.0189344	0
65	0.034195	0
75	0.0494556	0
85	0.062738	0
95	0.0782812	0
105	0.0876071	0
115	0.0991938	0
125	0.105976	0
135	0.130563	0
145	0.130845	0
155	0.129715	0
165	0.128019	0
175	0.142715	0
185	0.150062	0
195	0.138193	0
205	0.143563	0
215	0.154019	0
225	0.160519	0
235	0.157975	0
245	0.152889	0
255	0.167584	0
265	0.173801	0
275	0.167301	0
285	0.154584	0
295	0.147519	0
305	0.162214	0
315	0.163627	0
325	0.179453	0
335	0.161084	0
345	0.156845	0
355	0.156845	0
365	0.158823	0
375	0.150345	0
385	0.147236	0
395	0.146671	0
405	0.13565	0
415	0.139324	0
425	0.135367	0
435	0.127172	0
445	0.110498	0
455	0.124346	0
465	0.118128	0
475	0.115867	0
485	0.105694	0
495	0.0963678	0
505	0.0842159	0
515	0.0977808	0
525	0.0938244	0
535	0.0949548	0
545	0.079129	0
555	0.0734769	0
565	0.0737595	0
575	0.0644336	0
585	0.0630206	0
595	0.0633032	0
605	0.0519991	0
615	0.0466296	0
625	0.0387167	0
635	0.0387167	0
645	0.0336298	0
655	0.0358907	0
665	0.0220431	0
675	0.0248691	0
685	0.0186518	0
695	0.0166736	0
705	0.0180866	0
715	0.017804	0
725	0.0079129	0
735	0.00904331	0
745	0.00508686	0
755	0.00678249	0
765	0.00367385	0
775	0.00226083	0
785	0.00254343	0
795	0.00169562	0
805	0.00113041	0
815	0.000565207	0
825	0.00113041	0
835	0.000565207	0
845	0	0
855	0.000282604	0
865	0	0
875	0.000282604	0
885	0	0
895	0	0
905	0	0
915	0	0
925	0	0
935	0	0
945	0	0
955	0	0
965	0	0
975	0	0
985	0	0
995	0	0
1005	0	0
1015	0	0
1025	0	0
1035	0	0
1045	0	0
1055	0	0
1065	0	0
1075	0	0
1085	0	0
1095	0	0
1105	0	0
1115	0	0
1125	0	0
1135	0	0
1145	0	0
1155	0	0
1165	0	0
1175	0	0
1185	0	0
1195	0	0
