FG time = 3611.88	BG time = 732.779
5	0	0
15	0	0
25	0	0
35	0	0
45	0.00166118	0
55	0.00747532	0
65	0.0249177	0
75	0.0653399	0
85	0.0952411	0
95	0.108807	0
105	0.134279	0
115	0.140924	0
125	0.157812	0
135	0.170825	0
145	0.166118	0
155	0.182176	0
165	0.192697	0
175	0.196296	0
185	0.200449	0
195	0.193251	0
205	0.210416	0
215	0.19242	0
225	0.212631	0
235	0.212908	0
245	0.202941	0
255	0.217615	0
265	0.218722	0
275	0.211801	0
285	0.209309	0
295	0.226475	0
305	0.207371	0
315	0.217615	0
325	0.209586	0
335	0.209032	0
345	0.20654	0
355	0.202387	0
365	0.198511	0
375	0.19159	0
385	0.182453	0
395	0.189652	0
405	0.174424	0
415	0.171656	0
425	0.173317	0
435	0.152829	0
445	0.156705	0
455	0.145353	0
465	0.151721	0
475	0.14563	0
485	0.137601	0
495	0.125419	0
505	0.122651	0
515	0.125696	0
525	0.113514	0
535	0.101055	0
545	0.104101	0
555	0.0941337	0
565	0.095518	0
575	0.0819517	0
585	0.0741995	0
595	0.0703234	0
605	0.0722615	0
615	0.0606332	0
625	0.0531578	0
635	0.0581414	0
645	0.0440213	0
655	0.0448519	0
665	0.0362692	0
675	0.0287938	0
685	0.0249177	0
695	0.0221491	0
705	0.0155044	0
715	0.0146738	0
725	0.0119051	0
735	0.0113514	0
745	0.00941337	0
755	0.006091	0
765	0.00553728	0
775	0.00498355	0
785	0.00470668	0
795	0.00332237	0
805	0.00221491	0
815	0.000276864	0
825	0.00110746	0
835	0.000276864	0
845	0	0
855	0.000276864	0
865	0	0
875	0.000276864	0
885	0	0
895	0	0
905	0	0
915	0	0
925	0	0
935	0	0
945	0	0
955	0	0
965	0	0
975	0	0
985	0	0
995	0	0
1005	0	0
1015	0	0
1025	0	0
1035	0	0
1045	0	0
1055	0	0
1065	0	0
1075	0	0
1085	0	0
1095	0	0
1105	0	0
1115	0	0
1125	0	0
1135	0	0
1145	0	0
1155	0	0
1165	0	0
1175	0	0
1185	0	0
1195	0	0
