FG time = 3019.49	BG time = 374.447
5	0	0
15	0	0
25	0	0
35	0	0
45	0.00132473	0
55	0.0155655	0
65	0.0579568	0
75	0.107634	0
85	0.125849	0
95	0.145057	0
105	0.165591	0
115	0.184137	0
125	0.182481	0
135	0.222223	0
145	0.217917	0
155	0.213281	0
165	0.216924	0
175	0.220236	0
185	0.237126	0
195	0.25236	0
205	0.250373	0
215	0.255672	0
225	0.242425	0
235	0.258653	0
245	0.261633	0
255	0.256334	0
265	0.251367	0
275	0.264283	0
285	0.26064	0
295	0.243418	0
305	0.251036	0
315	0.260971	0
325	0.267595	0
335	0.23547	0
345	0.244081	0
355	0.244081	0
365	0.241431	0
375	0.226859	0
385	0.237788	0
395	0.204008	0
405	0.204339	0
415	0.202021	0
425	0.202683	0
435	0.204339	0
445	0.197715	0
455	0.178176	0
465	0.168903	0
475	0.174533	0
485	0.162941	0
495	0.158636	0
505	0.142077	0
515	0.137109	0
525	0.12883	0
535	0.126511	0
545	0.125187	0
555	0.0983609	0
565	0.112271	0
575	0.0900814	0
585	0.0950491	0
595	0.0884254	0
605	0.0751782	0
615	0.0721976	0
625	0.0751782	0
635	0.0592815	0
645	0.049346	0
655	0.0503396	0
665	0.0370923	0
675	0.0344429	0
685	0.0271569	0
695	0.0251698	0
705	0.0211956	0
715	0.0211956	0
725	0.0168903	0
735	0.010929	0
745	0.0122537	0
755	0.0089419	0
765	0.00761717	0
775	0.00695481	0
785	0.00463654	0
795	0.0052989	0
805	0.00264945	0
815	0.00298063	0
825	0.00231827	0
835	0.000662363	0
845	0.000662363	0
855	0.000331181	0
865	0	0
875	0.000662363	0
885	0	0
895	0	0
905	0	0
915	0	0
925	0	0
935	0	0
945	0	0
955	0	0
965	0	0
975	0	0
985	0	0
995	0	0
1005	0	0
1015	0	0
1025	0	0
1035	0	0
1045	0	0
1055	0	0
1065	0	0
1075	0	0
1085	0	0
1095	0	0
1105	0	0
1115	0	0
1125	0	0
1135	0	0
1145	0	0
1155	0	0
1165	0	0
1175	0	0
1185	0	0
1195	0	0
