FG time = 2884.68	BG time = 364.742
5	0	0
15	0	0
25	0	0
35	0.00103998	0
45	0.00658651	0
55	0.0461056	0
65	0.134157	0
75	0.215275	0
85	0.259301	0
95	0.277673	0
105	0.315459	0
115	0.330366	0
125	0.346312	0
135	0.352898	0
145	0.360525	0
155	0.380978	0
165	0.404551	0
175	0.403164	0
185	0.393111	0
195	0.411484	0
205	0.419803	0
215	0.417377	0
225	0.42431	0
235	0.42119	0
245	0.436443	0
255	0.432977	0
265	0.447536	0
275	0.413217	0
285	0.416684	0
295	0.432283	0
305	0.424657	0
315	0.417724	0
325	0.42743	0
335	0.42015	0
345	0.41391	0
355	0.386871	0
365	0.382711	0
375	0.373005	0
385	0.369885	0
395	0.337992	0
405	0.342152	0
415	0.342499	0
425	0.315806	0
435	0.315459	0
445	0.302286	0
455	0.29882	0
465	0.288073	0
475	0.266234	0
485	0.266234	0
495	0.256181	0
505	0.225675	0
515	0.226368	0
525	0.226715	0
535	0.200715	0
545	0.194475	0
555	0.179916	0
565	0.15773	0
575	0.163623	0
585	0.152183	0
595	0.118557	0
605	0.123757	0
615	0.106771	0
625	0.102264	0
635	0.0859713	0
645	0.0769582	0
655	0.0738383	0
665	0.0592786	0
675	0.0575453	0
685	0.0429857	0
695	0.0409057	0
705	0.0384791	0
715	0.028426	0
725	0.030506	0
735	0.015253	0
745	0.0138663	0
755	0.0100531	0
765	0.00901312	0
775	0.00450656	0
785	0.00450656	0
795	0.00173329	0
805	0.00207995	0
815	0.000346659	0
825	0.000346659	0
835	0.000693317	0
845	0.000346659	0
855	0	0
865	0	0
875	0	0
885	0.000346659	0
895	0	0
905	0	0
915	0	0
925	0	0
935	0	0
945	0	0
955	0	0
965	0	0
975	0	0
985	0	0
995	0	0
1005	0	0
1015	0	0
1025	0	0
1035	0	0
1045	0	0
1055	0	0
1065	0	0
1075	0	0
1085	0	0
1095	0	0
1105	0	0
1115	0	0
1125	0	0
1135	0	0
1145	0	0
1155	0	0
1165	0	0
1175	0	0
1185	0	0
1195	0	0
