FG time = 3611.39	BG time = 486.511
5	0	0
15	0	0
25	0	0
35	0	0
45	0.00221522	0
55	0.0107992	0
65	0.0531652	0
75	0.096085	0
85	0.120452	0
95	0.155619	0
105	0.181648	0
115	0.193831	0
125	0.212107	0
135	0.232875	0
145	0.274133	0
155	0.271087	0
165	0.284655	0
175	0.295177	0
185	0.304869	0
195	0.312899	0
205	0.312345	0
215	0.326744	0
225	0.324252	0
235	0.337543	0
245	0.332559	0
255	0.323975	0
265	0.327021	0
275	0.349173	0
285	0.325914	0
295	0.344743	0
305	0.323698	0
315	0.338928	0
325	0.327021	0
335	0.314838	0
345	0.327852	0
355	0.31013	0
365	0.312345	0
375	0.294901	0
385	0.309576	0
395	0.293793	0
405	0.289363	0
415	0.274133	0
425	0.270533	0
435	0.24755	0
445	0.248658	0
455	0.251981	0
465	0.245335	0
475	0.238136	0
485	0.237028	0
495	0.207953	0
505	0.196877	0
515	0.1966	0
525	0.190509	0
535	0.178325	0
545	0.170849	0
555	0.150635	0
565	0.140112	0
575	0.137897	0
585	0.117683	0
595	0.111591	0
605	0.104392	0
615	0.0944236	0
625	0.0830706	0
635	0.0725483	0
645	0.0783633	0
655	0.0606415	0
665	0.0636875	0
675	0.0481809	0
685	0.0492885	0
695	0.0346127	0
705	0.0304592	0
715	0.0276902	0
725	0.0204907	0
735	0.0166141	0
745	0.014122	0
755	0.0119068	0
765	0.0119068	0
775	0.00692255	0
785	0.00553804	0
795	0.00498424	0
805	0.00415353	0
815	0.00193831	0
825	0.00138451	0
835	0.000830706	0
845	0.000830706	0
855	0.000276902	0
865	0.000276902	0
875	0.000553804	0
885	0	0
895	0	0
905	0	0
915	0	0
925	0	0
935	0	0
945	0	0
955	0	0
965	0	0
975	0	0
985	0	0
995	0	0
1005	0	0
1015	0	0
1025	0	0
1035	0	0
1045	0	0
1055	0	0
1065	0	0
1075	0	0
1085	0	0
1095	0	0
1105	0	0
1115	0	0
1125	0	0
1135	0	0
1145	0	0
1155	0	0
1165	0	0
1175	0	0
1185	0	0
1195	0	0
