FG time = 3304.99	BG time = 606.517
5	0	0
15	0	0
25	0	0
35	0.000302573	0
45	0.00121029	0
55	0.0166415	0
65	0.0662635	0
75	0.124963	0
85	0.147051	0
95	0.156733	0
105	0.167323	0
115	0.171256	0
125	0.174887	0
135	0.187293	0
145	0.18457	0
155	0.202724	0
165	0.224509	0
175	0.216037	0
185	0.206658	0
195	0.213012	0
205	0.217853	0
215	0.218458	0
225	0.217853	0
235	0.22693	0
245	0.233587	0
255	0.214524	0
265	0.224812	0
275	0.227535	0
285	0.233587	0
295	0.219366	0
305	0.222089	0
315	0.231469	0
325	0.222996	0
335	0.200001	0
345	0.194857	0
355	0.197278	0
365	0.210894	0
375	0.182452	0
385	0.187293	0
395	0.194857	0
405	0.183057	0
415	0.172769	0
425	0.168533	0
435	0.157641	0
445	0.1646	0
455	0.161272	0
465	0.155523	0
475	0.147353	0
485	0.13525	0
495	0.138881	0
505	0.12587	0
515	0.119819	0
525	0.11528	0
535	0.11165	0
545	0.109532	0
555	0.0995466	0
565	0.0835102	0
575	0.0801819	0
585	0.072315	0
595	0.074433	0
605	0.0641455	0
615	0.0653558	0
625	0.0511349	0
635	0.0447808	0
645	0.0426628	0
655	0.0381242	0
665	0.0354011	0
675	0.0293496	0
685	0.0275342	0
695	0.0263239	0
705	0.0154312	0
715	0.0157338	0
725	0.0124055	0
735	0.0078669	0
745	0.0130106	0
755	0.00605146	0
765	0.00665661	0
775	0.00544632	0
785	0.00363088	0
795	0.00242059	0
805	0.00211801	0
815	0.00151287	0
825	0.00151287	0
835	0.000605146	0
845	0.000302573	0
855	0.000605146	0
865	0	0
875	0	0
885	0.000302573	0
895	0	0
905	0	0
915	0	0
925	0	0
935	0	0
945	0	0
955	0	0
965	0	0
975	0	0
985	0	0
995	0	0
1005	0	0
1015	0	0
1025	0	0
1035	0	0
1045	0	0
1055	0	0
1065	0	0
1075	0	0
1085	0	0
1095	0	0
1105	0	0
1115	0	0
1125	0	0
1135	0	0
1145	0	0
1155	0	0
1165	0	0
1175	0	0
1185	0	0
1195	0	0
