FG time = 3320.92	BG time = 734.804
5	0	0
15	0	0
25	0	0
35	0	0
45	0.00120449	0
55	0.0102381	0
65	0.039748	0
75	0.0713658	0
85	0.105392	0
95	0.114426	0
105	0.146044	0
115	0.157487	0
125	0.174349	0
135	0.184889	0
145	0.181275	0
155	0.182781	0
165	0.205064	0
175	0.199342	0
185	0.200547	0
195	0.200848	0
205	0.204763	0
215	0.216807	0
225	0.20687	0
235	0.23096	0
245	0.211387	0
255	0.227648	0
265	0.216506	0
275	0.220421	0
285	0.217109	0
295	0.224034	0
305	0.208677	0
315	0.216205	0
325	0.212893	0
335	0.213194	0
345	0.210484	0
355	0.200246	0
365	0.189104	0
375	0.208677	0
385	0.190911	0
395	0.199945	0
405	0.178264	0
415	0.16923	0
425	0.180071	0
435	0.181576	0
445	0.163208	0
455	0.146345	0
465	0.147851	0
475	0.150862	0
485	0.136107	0
495	0.130988	0
505	0.132493	0
515	0.119244	0
525	0.116835	0
535	0.117738	0
545	0.107199	0
555	0.0993701	0
565	0.0794961	0
575	0.0927454	0
585	0.0846151	0
595	0.06444	0
605	0.0737747	0
615	0.0584176	0
625	0.0542019	0
635	0.0569119	0
645	0.0517929	0
655	0.0505884	0
665	0.0328222	0
675	0.0334245	0
685	0.0295099	0
695	0.0255953	0
705	0.0147549	0
715	0.0201751	0
725	0.0213796	0
735	0.0120449	0
745	0.00873252	0
755	0.0084314	0
765	0.00632355	0
775	0.00782916	0
785	0.00542019	0
795	0.00391458	0
805	0.00271009	0
815	0.00271009	0
825	0.00180673	0
835	0.000301121	0
845	0	0
855	0	0
865	0.000301121	0
875	0.000301121	0
885	0	0
895	0	0
905	0	0
915	0	0
925	0	0
935	0	0
945	0	0
955	0	0
965	0.000301121	0
975	0	0
985	0	0
995	0	0
1005	0	0
1015	0	0
1025	0	0
1035	0	0
1045	0	0
1055	0	0
1065	0	0
1075	0	0
1085	0	0
1095	0	0
1105	0	0
1115	0	0
1125	0	0
1135	0	0
1145	0	0
1155	0	0
1165	0	0
1175	0	0
1185	0	0
1195	0	0
