FG time = 3312.41	BG time = 494.211
5	0	0
15	0	0
25	0	0
35	0	0
45	0.00181137	0
55	0.0181137	0
65	0.069134	0
75	0.16242	0
85	0.210723	0
95	0.225818	0
105	0.222799	0
115	0.248158	0
125	0.255403	0
135	0.268083	0
145	0.265366	0
155	0.28197	0
165	0.284083	0
175	0.291329	0
185	0.298876	0
195	0.308235	0
205	0.315481	0
215	0.301291	0
225	0.301895	0
235	0.312462	0
245	0.316688	0
255	0.318801	0
265	0.311556	0
275	0.322726	0
285	0.307631	0
295	0.322424	0
305	0.315782	0
315	0.319103	0
325	0.292536	0
335	0.300386	0
345	0.300688	0
355	0.284687	0
365	0.285593	0
375	0.266875	0
385	0.281668	0
395	0.256913	0
405	0.256007	0
415	0.233667	0
425	0.257819	0
435	0.230044	0
445	0.222497	0
455	0.233365	0
465	0.209515	0
475	0.204081	0
485	0.207402	0
495	0.179024	0
505	0.16574	0
515	0.164533	0
525	0.163023	0
535	0.156986	0
545	0.142495	0
555	0.116532	0
565	0.130419	0
575	0.125588	0
585	0.101437	0
595	0.0999273	0
605	0.0947951	0
615	0.0917762	0
625	0.0869458	0
635	0.063398	0
645	0.0643037	0
655	0.0510203	0
665	0.0507184	0
675	0.040454	0
685	0.034718	0
695	0.0326047	0
705	0.0247554	0
715	0.0205289	0
725	0.0190194	0
735	0.0141891	0
745	0.0120758	0
755	0.00784928	0
765	0.00694359	0
775	0.00452843	0
785	0.00241516	0
795	0.00150948	0
805	0.000905686	0
815	0.00120758	0
825	0.00150948	0
835	0.00060379	0
845	0	0
855	0.000301895	0
865	0	0
875	0	0
885	0	0
895	0	0
905	0	0
915	0	0
925	0	0
935	0	0
945	0	0
955	0	0
965	0	0
975	0	0
985	0	0
995	0	0
1005	0	0
1015	0	0
1025	0	0
1035	0	0
1045	0	0
1055	0	0
1065	0	0
1075	0	0
1085	0	0
1095	0	0
1105	0	0
1115	0	0
1125	0	0
1135	0	0
1145	0	0
1155	0	0
1165	0	0
1175	0	0
1185	0	0
1195	0	0
