FG time = 3312.08	BG time = 492.768
5	0	0
15	0	0
25	0	0
35	0	0
45	0.00211348	0
55	0.0253617	0
65	0.0658197	0
75	0.113222	0
85	0.141603	0
95	0.165455	0
105	0.174815	0
115	0.194742	0
125	0.196855	0
135	0.231879	0
145	0.217386	0
155	0.227048	0
165	0.234596	0
175	0.263883	0
185	0.235804	0
195	0.278375	0
205	0.274148	0
215	0.283508	0
225	0.282904	0
235	0.277167	0
245	0.268714	0
255	0.283508	0
265	0.269921	0
275	0.276262	0
285	0.286225	0
295	0.298	0
305	0.280791	0
315	0.257844	0
325	0.266902	0
335	0.252108	0
345	0.277167	0
355	0.260562	0
365	0.243956	0
375	0.242748	0
385	0.249088	0
395	0.248183	0
405	0.240634	0
415	0.234294	0
425	0.222821	0
435	0.219198	0
445	0.214367	0
455	0.185684	0
465	0.195346	0
475	0.185382	0
485	0.180551	0
495	0.16787	0
505	0.157605	0
515	0.157605	0
525	0.141301	0
535	0.130734	0
545	0.143113	0
555	0.123487	0
565	0.118355	0
575	0.105372	0
585	0.111109	0
595	0.0908795	0
605	0.084841	0
615	0.0754813	0
625	0.0621966	0
635	0.0664236	0
645	0.0546485	0
655	0.0513273	0
665	0.0474023	0
675	0.0398541	0
685	0.036533	0
695	0.0295887	0
705	0.024456	0
715	0.0229463	0
725	0.0172097	0
735	0.0111712	0
745	0.00935968	0
755	0.00845391	0
765	0.0102655	0
775	0.00452888	0
785	0.00452888	0
795	0.0024154	0
805	0.00211348	0
815	0.0012077	0
825	0.0012077	0
835	0.000301925	0
845	0.000301925	0
855	0	0
865	0.000603851	0
875	0.000301925	0
885	0	0
895	0	0
905	0	0
915	0	0
925	0	0
935	0	0
945	0	0
955	0	0
965	0	0
975	0	0
985	0	0
995	0	0
1005	0	0
1015	0	0
1025	0	0
1035	0	0
1045	0	0
1055	0	0
1065	0	0
1075	0	0
1085	0	0
1095	0	0
1105	0	0
1115	0	0
1125	0	0
1135	0	0
1145	0	0
1155	0	0
1165	0	0
1175	0	0
1185	0	0
1195	0	0
