FG time = 2884.38	BG time = 424.98
5	0	0
15	0	0
25	0	0
35	0	0
45	0.00104008	0
55	0.0131744	0
65	0.0502708	0
75	0.107129	0
85	0.157053	0
95	0.20039	0
105	0.217031	0
115	0.214604	0
125	0.243033	0
135	0.238179	0
145	0.244767	0
155	0.24546	0
165	0.264528	0
175	0.273196	0
185	0.260715	0
195	0.273196	0
205	0.293997	0
215	0.292264	0
225	0.28429	0
235	0.283943	0
245	0.281863	0
255	0.29053	0
265	0.274236	0
275	0.297118	0
285	0.282556	0
295	0.304745	0
305	0.291224	0
315	0.29053	0
325	0.29157	0
335	0.281516	0
345	0.257941	0
355	0.279436	0
365	0.266608	0
375	0.241993	0
385	0.236099	0
395	0.233672	0
405	0.230899	0
415	0.232979	0
425	0.241646	0
435	0.20663	0
445	0.211137	0
455	0.197269	0
465	0.185135	0
475	0.178548	0
485	0.175428	0
495	0.153239	0
505	0.171267	0
515	0.154626	0
525	0.142145	0
535	0.143532	0
545	0.126544	0
555	0.137291	0
565	0.106435	0
575	0.116143	0
585	0.0904874	0
595	0.0797398	0
605	0.0800865	0
615	0.0762729	0
625	0.0651787	0
635	0.0651787	0
645	0.0526976	0
655	0.0471505	0
665	0.0402166	0
675	0.0377898	0
685	0.032936	0
695	0.0263488	0
705	0.0218418	0
715	0.0142145	0
725	0.0166414	0
735	0.0104008	0
745	0.00901407	0
755	0.00797398	0
765	0.00381364	0
775	0.00416034	0
785	0.00520042	0
795	0.00416034	0
805	0.000346695	0
815	0.00069339	0
825	0.000346695	0
835	0.000346695	0
845	0	0
855	0	0
865	0	0
875	0	0
885	0	0
895	0	0
905	0	0
915	0	0
925	0	0
935	0	0
945	0	0
955	0	0
965	0	0
975	0	0
985	0	0
995	0	0
1005	0	0
1015	0	0
1025	0	0
1035	0	0
1045	0	0
1055	0	0
1065	0	0
1075	0	0
1085	0	0
1095	0	0
1105	0	0
1115	0	0
1125	0	0
1135	0	0
1145	0	0
1155	0	0
1165	0	0
1175	0	0
1185	0	0
1195	0	0
