FG time = 3010.35	BG time = 486.054
5	0.00099656	0
15	0	0
25	0.000332187	0
35	0.00099656	0
45	0.0109622	0
55	0.0448452	0
65	0.103642	0
75	0.147491	0
85	0.175395	0
95	0.174398	0
105	0.206288	0
115	0.217915	0
125	0.222897	0
135	0.233527	0
145	0.240503	0
155	0.254123	0
165	0.247147	0
175	0.25977	0
185	0.269736	0
195	0.261763	0
205	0.271064	0
215	0.257113	0
225	0.273058	0
235	0.258109	0
245	0.254123	0
255	0.264753	0
265	0.250469	0
275	0.264753	0
285	0.256448	0
295	0.274054	0
305	0.256116	0
315	0.253791	0
325	0.258441	0
335	0.234524	0
345	0.25213	0
355	0.249804	0
365	0.230538	0
375	0.242829	0
385	0.232863	0
395	0.222565	0
405	0.222897	0
415	0.212267	0
425	0.22024	0
435	0.20961	0
445	0.180377	0
455	0.189014	0
465	0.182703	0
475	0.175062	0
485	0.14284	0
495	0.155131	0
505	0.141512	0
515	0.144833	0
525	0.135532	0
535	0.12457	0
545	0.119919	0
555	0.100985	0
565	0.0963342	0
575	0.100985	0
585	0.0873651	0
595	0.0840433	0
605	0.0737455	0
615	0.0644442	0
625	0.0621189	0
635	0.0544786	0
645	0.0475027	0
655	0.0448452	0
665	0.0451774	0
675	0.0325543	0
685	0.0275715	0
695	0.0252462	0
705	0.0192668	0
715	0.0209278	0
725	0.0119587	0
735	0.00863686	0
745	0.00631155	0
755	0.00465062	0
765	0.00265749	0
775	0.00265749	0
785	0.00298968	0
795	0.00232531	0
805	0	0
815	0	0
825	0.000664374	0
835	0.000332187	0
845	0	0
855	0	0
865	0.000332187	0
875	0	0
885	0.000332187	0
895	0	0
905	0	0
915	0	0
925	0	0
935	0	0
945	0	0
955	0	0
965	0	0
975	0	0
985	0	0
995	0	0
1005	0	0
1015	0	0
1025	0	0
1035	0	0
1045	0	0
1055	0	0
1065	0	0
1075	0	0
1085	0	0
1095	0	0
1105	0	0
1115	0	0
1125	0	0
1135	0	0
1145	0	0
1155	0	0
1165	0	0
1175	0	0
1185	0	0
1195	0	0
