FG time = 2703.94	BG time = 424.739
5	0	0
15	0	0
25	0	0
35	0	0
45	0.0059173	0
55	0.0251485	0
65	0.0599126	0
75	0.0772947	0
85	0.101334	0
95	0.123154	0
105	0.13055	0
115	0.15385	0
125	0.156439	0
135	0.178259	0
145	0.189723	0
155	0.195271	0
165	0.204517	0
175	0.215612	0
185	0.234103	0
195	0.242609	0
205	0.235952	0
215	0.24076	0
225	0.237801	0
235	0.258512	0
245	0.266648	0
255	0.278113	0
265	0.271086	0
275	0.267018	0
285	0.265169	0
295	0.259621	0
305	0.249266	0
315	0.24187	0
325	0.272566	0
335	0.255183	0
345	0.226706	0
355	0.239281	0
365	0.248896	0
375	0.251115	0
385	0.235213	0
395	0.223748	0
405	0.213762	0
415	0.234473	0
425	0.213393	0
435	0.183436	0
445	0.199339	0
455	0.184916	0
465	0.184916	0
475	0.166424	0
485	0.167164	0
495	0.164945	0
505	0.159027	0
515	0.158288	0
525	0.159767	0
535	0.139426	0
545	0.119455	0
555	0.115757	0
565	0.110579	0
575	0.105032	0
585	0.106142	0
595	0.0791439	0
605	0.0761852	0
615	0.0743361	0
625	0.0676791	0
635	0.0617618	0
645	0.0584333	0
655	0.0514065	0
665	0.0488177	0
675	0.0318055	0
685	0.0314356	0
695	0.0336546	0
705	0.0207105	0
715	0.024039	0
725	0.0155329	0
735	0.0129441	0
745	0.0125743	0
755	0.00887595	0
765	0.00628713	0
775	0.00369831	0
785	0.00295865	0
795	0.00147932	0
805	0.00258882	0
815	0.000739662	0
825	0.00110949	0
835	0.00184916	0
845	0.00110949	0
855	0	0
865	0	0
875	0	0
885	0.000369831	0
895	0	0
905	0	0
915	0	0
925	0	0
935	0	0
945	0	0
955	0	0
965	0	0
975	0	0
985	0	0
995	0	0
1005	0	0
1015	0	0
1025	0	0
1035	0	0
1045	0	0
1055	0	0
1065	0	0
1075	0	0
1085	0	0
1095	0	0
1105	0	0
1115	0	0
1125	0	0
1135	0	0
1145	0	0
1155	0	0
1165	0	0
1175	0	0
1185	0	0
1195	0	0
