FG time = 2713.43	BG time = 424.539
5	0	0
15	0	0
25	0	0
35	0	0
45	0.00368538	0
55	0.0221123	0
65	0.0578604	0
75	0.127145	0
85	0.154049	0
95	0.154049	0
105	0.196431	0
115	0.197536	0
125	0.189797	0
135	0.2167	0
145	0.234758	0
155	0.215963	0
165	0.208592	0
175	0.222597	0
185	0.242129	0
195	0.241761	0
205	0.242866	0
215	0.235127	0
225	0.258345	0
235	0.266821	0
245	0.23439	0
255	0.240287	0
265	0.247289	0
275	0.235496	0
285	0.242498	0
295	0.242866	0
305	0.250606	0
315	0.251343	0
325	0.245815	0
335	0.222965	0
345	0.229599	0
355	0.209698	0
365	0.204538	0
375	0.222597	0
385	0.203064	0
395	0.203064	0
405	0.198642	0
415	0.187217	0
425	0.19901	0
435	0.183163	0
445	0.172107	0
455	0.147784	0
465	0.168053	0
475	0.155891	0
485	0.144467	0
495	0.14373	0
505	0.128988	0
515	0.134148	0
525	0.116458	0
535	0.119406	0
545	0.120512	0
555	0.113141	0
565	0.0939771	0
575	0.0954512	0
585	0.0921344	0
595	0.0773929	0
605	0.0766558	0
615	0.0696536	0
625	0.0512267	0
635	0.0508582	0
645	0.0490155	0
655	0.0442245	0
665	0.0346425	0
675	0.0269032	0
685	0.0287459	0
695	0.0195325	0
705	0.0210066	0
715	0.019164	0
725	0.0162157	0
735	0.00921344	0
745	0.0058966	0
755	0.00737075	0
765	0.00257976	0
775	0.00257976	0
785	0.00552806	0
795	0.00110561	0
805	0.00147415	0
815	0.000737075	0
825	0.00110561	0
835	0.000368538	0
845	0.000368538	0
855	0.000368538	0
865	0.000368538	0
875	0	0
885	0	0
895	0	0
905	0.000368538	0
915	0	0
925	0	0
935	0	0
945	0	0
955	0	0
965	0	0
975	0	0
985	0	0
995	0	0
1005	0	0
1015	0	0
1025	0	0
1035	0	0
1045	0	0
1055	0	0
1065	0	0
1075	0	0
1085	0	0
1095	0	0
1105	0	0
1115	0	0
1125	0	0
1135	0	0
1145	0	0
1155	0	0
1165	0	0
1175	0	0
1185	0	0
1195	0	0
