FG time = 3611.83	BG time = 486.594
5	0	0
15	0	0
25	0	0
35	0	0
45	0.000276868	0
55	0.0166121	0
65	0.0437451	0
75	0.0891515	0
85	0.124867	0
95	0.15643	0
105	0.16529	0
115	0.199899	0
125	0.214296	0
135	0.236445	0
145	0.240321	0
155	0.265793	0
165	0.263301	0
175	0.281021	0
185	0.279637	0
195	0.298464	0
205	0.29348	0
215	0.307323	0
225	0.318398	0
235	0.317567	0
245	0.311476	0
255	0.328919	0
265	0.332518	0
275	0.327812	0
285	0.320059	0
295	0.310369	0
305	0.322274	0
315	0.321444	0
325	0.325597	0
335	0.309261	0
345	0.309538	0
355	0.285728	0
365	0.292926	0
375	0.289604	0
385	0.288496	0
395	0.295695	0
405	0.292926	0
415	0.263301	0
425	0.266624	0
435	0.24835	0
445	0.249458	0
455	0.244197	0
465	0.23423	0
475	0.227309	0
485	0.212081	0
495	0.195746	0
505	0.200175	0
515	0.189654	0
525	0.179134	0
535	0.163629	0
545	0.159476	0
555	0.143418	0
565	0.134281	0
575	0.13788	0
585	0.123483	0
595	0.107702	0
605	0.0944119	0
615	0.0977344	0
625	0.0847216	0
635	0.0728163	0
645	0.0725394	0
655	0.062849	0
665	0.0595266	0
675	0.0451295	0
685	0.0434683	0
695	0.0315629	0
705	0.0301786	0
715	0.0215957	0
725	0.0232569	0
735	0.0152277	0
745	0.0141203	0
755	0.00913664	0
765	0.00664483	0
775	0.00747543	0
785	0.00553736	0
795	0.00442989	0
805	0.00221494	0
815	0.00193808	0
825	0.00166121	0
835	0.000830604	0
845	0.000553736	0
855	0.000553736	0
865	0	0
875	0	0
885	0	0
895	0	0
905	0	0
915	0	0
925	0	0
935	0	0
945	0	0
955	0	0
965	0	0
975	0	0
985	0	0
995	0	0
1005	0	0
1015	0	0
1025	0	0
1035	0	0
1045	0	0
1055	0	0
1065	0	0
1075	0	0
1085	0	0
1095	0	0
1105	0	0
1115	0	0
1125	0	0
1135	0	0
1145	0	0
1155	0	0
1165	0	0
1175	0	0
1185	0	0
1195	0	0
