FG time = 3611.14	BG time = 546.073
5	0	0
15	0	0
25	0	0
35	0	0
45	0.000553842	0
55	0.0052615	0
65	0.0301844	0
75	0.0584304	0
85	0.0905532	0
95	0.114368	0
105	0.124615	0
115	0.153968	0
125	0.161999	0
135	0.173076	0
145	0.197445	0
155	0.20326	0
165	0.197445	0
175	0.212675	0
185	0.22126	0
195	0.225691	0
205	0.241752	0
215	0.251167	0
225	0.231783	0
235	0.243414	0
245	0.249506	0
255	0.249506	0
265	0.251721	0
275	0.235106	0
285	0.256706	0
295	0.261137	0
305	0.242306	0
315	0.249783	0
325	0.245352	0
335	0.236768	0
345	0.220152	0
355	0.241198	0
365	0.225414	0
375	0.216552	0
385	0.215998	0
395	0.213783	0
405	0.210183	0
415	0.206306	0
425	0.199383	0
435	0.204091	0
445	0.194122	0
455	0.18526	0
465	0.179445	0
475	0.174737	0
485	0.160614	0
495	0.157014	0
505	0.154245	0
515	0.136245	0
525	0.136245	0
535	0.134584	0
545	0.124061	0
555	0.127938	0
565	0.114922	0
575	0.105507	0
585	0.0863994	0
595	0.0897224	0
605	0.0883378	0
615	0.073661	0
625	0.0664611	0
635	0.0564919	0
645	0.0512304	0
655	0.0503996	0
665	0.0462458	0
675	0.0395997	0
685	0.0301844	0
695	0.0312921	0
705	0.0224306	0
715	0.0215998	0
725	0.014123	0
735	0.0132922	0
745	0.0107999	0
755	0.00969224	0
765	0.00803071	0
775	0.0052615	0
785	0.00221537	0
795	0.0038769	0
805	0.00221537	0
815	0.00249229	0
825	0.00221537	0
835	0.00138461	0
845	0.000553842	0
855	0.000553842	0
865	0	0
875	0.000276921	0
885	0	0
895	0	0
905	0.000276921	0
915	0	0
925	0	0
935	0	0
945	0	0
955	0	0
965	0	0
975	0	0
985	0	0
995	0	0
1005	0	0
1015	0	0
1025	0	0
1035	0	0
1045	0	0
1055	0	0
1065	0	0
1075	0	0
1085	0	0
1095	0	0
1105	0	0
1115	0	0
1125	0	0
1135	0	0
1145	0	0
1155	0	0
1165	0	0
1175	0	0
1185	0	0
1195	0	0
