FG time = 2832.35	BG time = 493.223
5	0	0
15	0	0
25	0	0
35	0.000353064	0
45	0.000706128	0
55	0.00847353	0
65	0.0215369	0
75	0.0328349	0
85	0.0511942	0
95	0.0536657	0
105	0.0660229	0
115	0.0628453	0
125	0.0716719	0
135	0.0692005	0
145	0.0688474	0
155	0.077674	0
165	0.077321	0
175	0.0925027	0
185	0.08297	0
195	0.0783802	0
205	0.0861476	0
215	0.101329	0
225	0.0900313	0
235	0.0928558	0
245	0.0953272	0
255	0.106625	0
265	0.0946211	0
275	0.094268	0
285	0.0935619	0
295	0.0985048	0
305	0.103095	0
315	0.0882659	0
325	0.0893251	0
335	0.101682	0
345	0.0893251	0
355	0.0727311	0
365	0.0882659	0
375	0.0850884	0
385	0.0847353	0
395	0.0702597	0
405	0.0688474	0
415	0.0790863	0
425	0.077674	0
435	0.0688474	0
445	0.0783802	0
455	0.0670821	0
465	0.0624923	0
475	0.0635515	0
485	0.0596678	0
495	0.0642576	0
505	0.0437799	0
515	0.0526065	0
525	0.0420146	0
535	0.0501351	0
545	0.0420146	0
555	0.0423677	0
565	0.0335411	0
575	0.0402493	0
585	0.0338941	0
595	0.0289512	0
605	0.0268328	0
615	0.0247145	0
625	0.0229491	0
635	0.0261267	0
645	0.0173001	0
655	0.0194185	0
665	0.016594	0
675	0.0130634	0
685	0.0120042	0
695	0.00953272	0
705	0.00953272	0
715	0.0123572	0
725	0.00917966	0
735	0.00741434	0
745	0.00458983	0
755	0.00282451	0
765	0.00282451	0
775	0.00176532	0
785	0.00247145	0
795	0.000706128	0
805	0.00211838	0
815	0.000706128	0
825	0	0
835	0	0
845	0	0
855	0	0
865	0	0
875	0	0
885	0	0
895	0	0
905	0	0
915	0	0
925	0	0
935	0	0
945	0	0
955	0	0
965	0	0
975	0	0
985	0	0
995	0	0
1005	0	0
1015	0	0
1025	0	0
1035	0	0
1045	0	0
1055	0	0
1065	0	0
1075	0	0
1085	0	0
1095	0	0
1105	0	0
1115	0	0
1125	0	0
1135	0	0
1145	0	0
1155	0	0
1165	0	0
1175	0	0
1185	0	0
1195	0	0
