FG time = 3313.39	BG time = 734.623
5	0	0
15	0	0
25	0	0
35	0	0
45	0.000603611	0
55	0.00965777	0
65	0.0298787	0
75	0.055834	0
85	0.0679062	0
95	0.0727351	0
105	0.0887308	0
115	0.0953705	0
125	0.0989922	0
135	0.103519	0
145	0.106537	0
155	0.115591	0
165	0.120119	0
175	0.120119	0
185	0.119515	0
195	0.12374	0
205	0.121628	0
215	0.120722	0
225	0.127664	0
235	0.129776	0
245	0.13038	0
255	0.121326	0
265	0.118308	0
275	0.137321	0
285	0.145168	0
295	0.141547	0
305	0.135511	0
315	0.134303	0
325	0.127664	0
335	0.12706	0
345	0.127362	0
355	0.12706	0
365	0.113781	0
375	0.13702	0
385	0.10865	0
395	0.118006	0
405	0.112875	0
415	0.10865	0
425	0.101407	0
435	0.103821	0
445	0.0935597	0
455	0.0977849	0
465	0.0956723	0
475	0.0902398	0
485	0.0739423	0
495	0.0839019	0
505	0.0748477	0
515	0.0772622	0
525	0.0663972	0
535	0.0745459	0
545	0.0630773	0
555	0.0603611	0
565	0.0606629	0
575	0.0479871	0
585	0.0458744	0
595	0.0404419	0
605	0.0440636	0
615	0.0362166	0
625	0.031086	0
635	0.0301805	0
645	0.0244462	0
655	0.0271625	0
665	0.0253517	0
675	0.0205228	0
685	0.0159957	0
695	0.0153921	0
705	0.0141849	0
715	0.00965777	0
725	0.00995958	0
735	0.00754513	0
745	0.00754513	0
755	0.00331986	0
765	0.00331986	0
775	0.00362166	0
785	0.00120722	0
795	0.00181083	0
805	0.00211264	0
815	0.000603611	0
825	0.000905416	0
835	0	0
845	0.000603611	0
855	0	0
865	0	0
875	0.000603611	0
885	0	0
895	0	0
905	0	0
915	0	0
925	0	0
935	0	0
945	0	0
955	0	0
965	0	0
975	0	0
985	0	0
995	0	0
1005	0	0
1015	0	0
1025	0	0
1035	0	0
1045	0	0
1055	0	0
1065	0	0
1075	0	0
1085	0	0
1095	0	0
1105	0	0
1115	0	0
1125	0	0
1135	0	0
1145	0	0
1155	0	0
1165	0	0
1175	0	0
1185	0	0
1195	0	0
