FG time = 3613.7	BG time = 485.991
5	0.000276725	0
15	0	0
25	0.000276725	0
35	0.000553449	0
45	0.00719484	0
55	0.0379113	0
65	0.0855079	0
75	0.129784	0
85	0.138916	0
95	0.146664	0
105	0.156626	0
115	0.165481	0
125	0.180701	0
135	0.177104	0
145	0.189003	0
155	0.177657	0
165	0.203946	0
175	0.189003	0
185	0.197581	0
195	0.197028	0
205	0.207267	0
215	0.192047	0
225	0.201732	0
235	0.196751	0
245	0.197858	0
255	0.213631	0
265	0.199242	0
275	0.207543	0
285	0.208097	0
295	0.202009	0
305	0.203393	0
315	0.20865	0
325	0.1926	0
335	0.195644	0
345	0.198965	0
355	0.19011	0
365	0.184299	0
375	0.17489	0
385	0.181808	0
395	0.174337	0
405	0.161884	0
415	0.15967	0
425	0.148878	0
435	0.146387	0
445	0.140853	0
455	0.139469	0
465	0.138362	0
475	0.130614	0
485	0.135042	0
495	0.131998	0
505	0.103772	0
515	0.0990674	0
525	0.107923	0
535	0.0882752	0
545	0.0871683	0
555	0.0863381	0
565	0.0799734	0
575	0.0708415	0
585	0.0716717	0
595	0.0672441	0
605	0.0567285	0
615	0.0500872	0
625	0.0442759	0
635	0.0451061	0
645	0.0404018	0
655	0.0404018	0
665	0.0356975	0
675	0.0273957	0
685	0.0251819	0
695	0.0177104	0
705	0.0166035	0
715	0.0138362	0
725	0.0113457	0
735	0.00857846	0
745	0.00774829	0
755	0.00498104	0
765	0.00498104	0
775	0.00166035	0
785	0.00276725	0
795	0.00138362	0
805	0.000830174	0
815	0.00138362	0
825	0.000830174	0
835	0.000276725	0
845	0.000276725	0
855	0.000553449	0
865	0	0
875	0	0
885	0	0
895	0	0
905	0	0
915	0	0
925	0	0
935	0	0
945	0	0
955	0	0
965	0	0
975	0	0
985	0	0
995	0	0
1005	0	0
1015	0	0
1025	0	0
1035	0	0
1045	0	0
1055	0	0
1065	0	0
1075	0	0
1085	0	0
1095	0	0
1105	0	0
1115	0	0
1125	0	0
1135	0	0
1145	0	0
1155	0	0
1165	0	0
1175	0	0
1185	0	0
1195	0	0
