FG time = 3312.89	BG time = 733.476
5	0	0
15	0	0
25	0	0
35	0.000301851	0
45	0.00422592	0
55	0.02445	0
65	0.0842166	0
75	0.136739	0
85	0.191676	0
95	0.203146	0
105	0.214918	0
115	0.229105	0
125	0.233331	0
135	0.224879	0
145	0.246311	0
155	0.250537	0
165	0.262309	0
175	0.263516	0
185	0.279514	0
195	0.271364	0
205	0.290985	0
215	0.278005	0
225	0.279514	0
235	0.278307	0
245	0.287664	0
255	0.29672	0
265	0.294607	0
275	0.268346	0
285	0.265629	0
295	0.264724	0
305	0.294607	0
315	0.266233	0
325	0.270761	0
335	0.273477	0
345	0.268044	0
355	0.274383	0
365	0.258687	0
375	0.258083	0
385	0.240576	0
395	0.229709	0
405	0.243594	0
415	0.243594	0
425	0.216126	0
435	0.205259	0
445	0.212202	0
455	0.20375	0
465	0.180507	0
475	0.182922	0
485	0.175074	0
495	0.155454	0
505	0.156057	0
515	0.157566	0
525	0.139757	0
535	0.13372	0
545	0.122854	0
555	0.129494	0
565	0.111685	0
575	0.0977999	0
585	0.103535	0
595	0.0848203	0
605	0.0827073	0
615	0.0757647	0
625	0.0655018	0
635	0.0585592	0
645	0.0531259	0
655	0.0558425	0
665	0.0404481	0
675	0.0374296	0
685	0.0338074	0
695	0.0353166	0
705	0.0259592	0
715	0.0190166	0
725	0.0196203	0
735	0.0138852	0
745	0.0114704	0
755	0.00694258	0
765	0.00664073	0
775	0.00452777	0
785	0.00513148	0
795	0.00271666	0
805	0.00181111	0
815	0.00181111	0
825	0.000603703	0
835	0.00120741	0
845	0.000603703	0
855	0	0
865	0.000905554	0
875	0	0
885	0	0
895	0	0
905	0	0
915	0	0
925	0	0
935	0	0
945	0	0
955	0	0
965	0	0
975	0	0
985	0	0
995	0	0
1005	0	0
1015	0	0
1025	0	0
1035	0	0
1045	0	0
1055	0	0
1065	0	0
1075	0	0
1085	0	0
1095	0	0
1105	0	0
1115	0	0
1125	0	0
1135	0	0
1145	0	0
1155	0	0
1165	0	0
1175	0	0
1185	0	0
1195	0	0
