FG time = 1636.88	BG time = 313.825
5	0	0
15	0	0
25	0	0
35	0	0
45	0	0
55	0.0122183	0
65	0.0311567	0
75	0.0415423	0
85	0.0647572	0
95	0.0836956	0
105	0.0751427	0
115	0.0843065	0
125	0.0965248	0
135	0.108743	0
145	0.10691	0
155	0.118518	0
165	0.117296	0
175	0.120351	0
185	0.142954	0
195	0.112409	0
205	0.131347	0
215	0.129514	0
225	0.127071	0
235	0.133791	0
245	0.120961	0
255	0.138067	0
265	0.120961	0
275	0.121572	0
285	0.11974	0
295	0.114241	0
305	0.128292	0
315	0.124016	0
325	0.124627	0
335	0.123405	0
345	0.116685	0
355	0.116685	0
365	0.119129	0
375	0.11974	0
385	0.109354	0
395	0.104467	0
405	0.117907	0
415	0.109354	0
425	0.115463	0
435	0.109354	0
445	0.0959139	0
455	0.102634	0
465	0.0904157	0
475	0.0910266	0
485	0.0843065	0
495	0.0916375	0
505	0.0745318	0
515	0.0555934	0
525	0.0684227	0
535	0.0574262	0
545	0.0653681	0
555	0.0562043	0
565	0.0604807	0
575	0.0384877	0
585	0.0452078	0
595	0.0397096	0
605	0.0409314	0
615	0.0452078	0
625	0.0317677	0
635	0.0299349	0
645	0.0226039	0
655	0.0256585	0
665	0.0226039	0
675	0.0183275	0
685	0.0171057	0
695	0.0128292	0
705	0.0134402	0
715	0.00977467	0
725	0.007331	0
735	0.00610917	0
745	0.00549825	0
755	0.00427642	0
765	0.00122183	0
775	0.00305458	0
785	0.00244367	0
795	0.00122183	0
805	0.000610917	0
815	0.00122183	0
825	0.00122183	0
835	0	0
845	0.000610917	0
855	0	0
865	0	0
875	0	0
885	0	0
895	0	0
905	0	0
915	0	0
925	0	0
935	0	0
945	0	0
955	0	0
965	0	0
975	0	0
985	0	0
995	0	0
1005	0	0
1015	0	0
1025	0	0
1035	0	0
1045	0	0
1055	0	0
1065	0	0
1075	0	0
1085	0	0
1095	0	0
1105	0	0
1115	0	0
1125	0	0
1135	0	0
1145	0	0
1155	0	0
1165	0	0
1175	0	0
1185	0	0
1195	0	0
