FG time = 3522.1	BG time = 605.774
5	0	0
15	0	0
25	0	0
35	0	0
45	0.00141961	0
55	0.00823372	0.00165078
65	0.036058	0.00660312
75	0.0587717	0.0132062
85	0.0894352	0.0082539
95	0.118963	0.00990468
105	0.128616	0.0115555
115	0.137134	0.0132062
125	0.145368	0.0082539
135	0.156725	0.0115555
145	0.170637	0.00660312
155	0.174612	0.00330156
165	0.185685	0
175	0.189943	0.00495234
185	0.198461	0.00660312
195	0.195338	0.00330156
205	0.181994	0.00330156
215	0.204139	0.00660312
225	0.203288	0
235	0.185685	0
245	0.206695	0.00495234
255	0.203288	0
265	0.197041	0.00165078
275	0.195622	0.00165078
285	0.193634	0.00165078
295	0.193066	0
305	0.194202	0.00660312
315	0.194486	0
325	0.19619	0.00495234
335	0.189943	0.00330156
345	0.187104	0.00165078
355	0.178019	0.00330156
365	0.175179	0
375	0.170921	0.00165078
385	0.17376	0
395	0.156725	0
405	0.162687	0
415	0.16581	0
425	0.153601	0.00165078
435	0.141677	0
445	0.147923	0
455	0.143948	0.00165078
465	0.142245	0
475	0.130604	0.00165078
485	0.134579	0.00165078
495	0.125777	0.00165078
505	0.121234	0.00165078
515	0.111013	0.00330156
525	0.119247	0.00165078
535	0.102496	0.00165078
545	0.0985207	0.00165078
555	0.0860281	0
565	0.0843246	0
575	0.0726838	0
585	0.0701286	0
595	0.0780784	0.00330156
605	0.0689929	0.00165078
615	0.0607592	0.00165078
625	0.0621788	0.00330156
635	0.050538	0.00165078
645	0.0411686	0
655	0.039749	0.00330156
665	0.0366258	0
675	0.0306635	0.00330156
685	0.02896	0.00495234
695	0.0315153	0.00330156
705	0.0255529	0.00165078
715	0.0176031	0.00330156
725	0.0133443	0
735	0.01448	0.00330156
745	0.0127765	0.00330156
755	0.0124925	0.00165078
765	0.00880156	0
775	0.0079498	0.00330156
785	0.00681411	0.00330156
795	0.00454274	0.00330156
805	0.00567843	0.00495234
815	0.00511058	0.00495234
825	0.00425882	0
835	0.00255529	0.00165078
845	0.00198745	0.00165078
855	0.00198745	0.00495234
865	0.00170353	0.00330156
875	0.000851764	0.00165078
885	0.00255529	0.00330156
895	0.00255529	0.00165078
905	0.00227137	0.00330156
915	0.00227137	0.00330156
925	0.00141961	0
935	0.00198745	0.00165078
945	0.000567843	0.00165078
955	0.00113569	0
965	0.00141961	0
975	0.000851764	0.00330156
985	0.00170353	0.00330156
995	0.00255529	0
1005	0.00170353	0
1015	0.00113569	0.00165078
1025	0.00198745	0
1035	0.00113569	0
1045	0.00113569	0
1055	0.00255529	0
1065	0.00255529	0.00330156
1075	0	0
1085	0.00113569	0
1095	0.000851764	0.00165078
1105	0.00198745	0
1115	0.00113569	0
1125	0.000851764	0.00330156
1135	0.000851764	0.00165078
1145	0.00198745	0.00165078
1155	0.00113569	0.00165078
1165	0.00255529	0
1175	0.00198745	0.00165078
1185	0.00170353	0.00165078
1195	0.000851764	0
