FG time = 3004.25	BG time = 484.805
5	0	0
15	0	0
25	0	0
35	0	0
45	0.00166431	0
55	0.0156445	0.00825075
65	0.0529251	0.00412537
75	0.108846	0.0103134
85	0.140468	0.0206269
95	0.155779	0.0103134
105	0.176417	0.0103134
115	0.185404	0.0103134
125	0.186403	0.00618806
135	0.180744	0.00618806
145	0.211035	0.00412537
155	0.213365	0
165	0.217692	0.00825075
175	0.235666	0
185	0.222352	0.00206269
195	0.219356	0.00206269
205	0.225348	0.00206269
215	0.216028	0
225	0.213365	0
235	0.230341	0
245	0.220688	0
255	0.219689	0.00206269
265	0.197054	0.00206269
275	0.2117	0.00412537
285	0.215362	0.00206269
295	0.22335	0
305	0.213697	0.00412537
315	0.204044	0.00412537
325	0.20238	0
335	0.19539	0
345	0.214363	0.00206269
355	0.199384	0
365	0.188067	0.00206269
375	0.196056	0.00206269
385	0.193726	0
395	0.178081	0.00206269
405	0.184738	0.00206269
415	0.161105	0
425	0.153117	0
435	0.159108	0
445	0.154115	0
455	0.147791	0
465	0.140468	0.00412537
475	0.136806	0
485	0.129816	0.00206269
495	0.141799	0
505	0.120829	0
515	0.125489	0
525	0.110177	0.00618806
535	0.105517	0.00206269
545	0.0968629	0.00412537
555	0.103187	0
565	0.0938671	0.00206269
575	0.0828827	0.00412537
585	0.0775569	0.00412537
595	0.0712325	0.00206269
605	0.0708996	0.00412537
615	0.055588	0
625	0.055588	0
635	0.0499293	0.00412537
645	0.0399435	0.00412537
655	0.0426064	0.00412537
665	0.0352834	0.00206269
675	0.0286261	0.00206269
685	0.0309562	0.00206269
695	0.026629	0.00206269
705	0.0219689	0
715	0.016976	0.00412537
725	0.0123159	0
735	0.0139802	0.00206269
745	0.0146459	0.00412537
755	0.00798869	0.00412537
765	0.00665724	0.00206269
775	0.00565866	0.00206269
785	0.00599152	0.00412537
795	0.00366148	0
805	0.00299576	0.00412537
815	0.00466007	0
825	0.00199717	0
835	0.00332862	0.00206269
845	0.00299576	0.00206269
855	0.00133145	0.00206269
865	0.00199717	0
875	0.00233003	0.00412537
885	0.00199717	0
895	0.00166431	0.00206269
905	0.00166431	0
915	0.00199717	0
925	0.00199717	0.00618806
935	0.00133145	0.00412537
945	0.00233003	0.00412537
955	0.00133145	0
965	0.000665724	0.00412537
975	0.00332862	0.00206269
985	0.0026629	0
995	0.000998586	0.00206269
1005	0.00199717	0.00412537
1015	0.0026629	0
1025	0.00299576	0
1035	0.00166431	0.00412537
1045	0.00133145	0
1055	0.00133145	0
1065	0.00133145	0
1075	0.000998586	0.00206269
1085	0	0
1095	0.00166431	0.00206269
1105	0.000665724	0
1115	0	0
1125	0.00166431	0
1135	0.00199717	0
1145	0.000998586	0.00206269
1155	0.00166431	0
1165	0.000665724	0
1175	0.000998586	0
1185	0.00133145	0
1195	0.000665724	0.00206269
