FG time = 3010.89	BG time = 486.88
5	0	0
15	0	0
25	0	0
35	0.000664256	0.00205389
45	0.00597831	0.0123234
55	0.0205919	0.0102695
65	0.0521441	0.0123234
75	0.0999706	0.0205389
85	0.114584	0.0164311
95	0.140822	0.0123234
105	0.14979	0
115	0.162743	0.0102695
125	0.17005	0.00205389
135	0.169717	0.00205389
145	0.175696	0.00410778
155	0.179681	0.00410778
165	0.189645	0.00205389
175	0.197616	0.00205389
185	0.19662	0.00616168
195	0.199277	0.00205389
205	0.196288	0.00205389
215	0.200273	0.00410778
225	0.211898	0
235	0.208244	0
245	0.206584	0
255	0.202598	0
265	0.199277	0
275	0.197284	0.00205389
285	0.200605	0.00410778
295	0.212562	0
305	0.183003	0
315	0.199941	0.00205389
325	0.193963	0.00205389
335	0.184995	0.00205389
345	0.188981	0.00616168
355	0.18566	0
365	0.186324	0
375	0.173039	0
385	0.1654	0.00205389
395	0.161414	0
405	0.171378	0.00410778
415	0.166064	0
425	0.161746	0.00410778
435	0.142151	0.00410778
445	0.151783	0.00205389
455	0.147797	0
465	0.129198	0
475	0.142151	0.00616168
485	0.120563	0.00410778
495	0.12488	0.00205389
505	0.122887	0.00410778
515	0.101299	0.00410778
525	0.100303	0.00205389
535	0.090671	0.00205389
545	0.0826999	0.00205389
555	0.0810393	0
565	0.083032	0.00410778
575	0.0780501	0.00410778
585	0.0730682	0.00205389
595	0.0690827	0.00205389
605	0.0641007	0
615	0.0538048	0
625	0.0455016	0.00410778
635	0.0468301	0
645	0.0395233	0.00616168
655	0.0378626	0.00410778
665	0.0305558	0
675	0.0335449	0.00205389
685	0.0298915	0
695	0.0239132	0
705	0.0225847	0.00205389
715	0.0159422	0
725	0.0142815	0.00616168
735	0.00963172	0
745	0.0132851	0.00205389
755	0.00896746	0.00616168
765	0.00996384	0
775	0.0109602	0.00205389
785	0.0083032	0.00410778
795	0.00498192	0.00205389
805	0.00365341	0
815	0.00265703	0
825	0.00365341	0.00410778
835	0.00464979	0.00616168
845	0.00199277	0
855	0.00132851	0
865	0.00265703	0.00205389
875	0.00298915	0.00616168
885	0.00265703	0.00205389
895	0.000664256	0.00205389
905	0.0023249	0
915	0.000664256	0
925	0.00132851	0.00205389
935	0.0023249	0.00410778
945	0.00132851	0
955	0.00166064	0
965	0.00132851	0.00410778
975	0.0023249	0
985	0.00166064	0.00205389
995	0	0.00205389
1005	0.00132851	0.00205389
1015	0.000332128	0
1025	0.00166064	0
1035	0.0023249	0
1045	0.00166064	0.00205389
1055	0.000996384	0.00410778
1065	0.0023249	0
1075	0.00199277	0.00410778
1085	0.00166064	0
1095	0.00166064	0
1105	0	0.00616168
1115	0.0023249	0.00205389
1125	0.0023249	0.00205389
1135	0.00166064	0
1145	0.00199277	0.00205389
1155	0.00199277	0
1165	0.00132851	0.00205389
1175	0.00132851	0.00205389
1185	0.00132851	0.00205389
1195	0.000996384	0
