FG time = 3019.38	BG time = 615.184
5	0	0
15	0	0
25	0	0
35	0.00132478	0
45	0.0122542	0.0130042
55	0.0361002	0.00812765
65	0.0867729	0.0211319
75	0.111281	0.0211319
85	0.146719	0.0178808
95	0.173877	0.0162553
105	0.184144	0.0146298
115	0.199048	0.0113787
125	0.198385	0.00325106
135	0.210308	0.00325106
145	0.210971	0.00325106
155	0.225874	0.00487659
165	0.218919	0.00162553
175	0.23283	0.00650212
185	0.231174	0.00162553
195	0.256344	0.00325106
205	0.242765	0.00487659
215	0.243428	0.00162553
225	0.243428	0.00650212
235	0.239453	0.00650212
245	0.239785	0.00325106
255	0.243428	0.00487659
265	0.224881	0.00325106
275	0.240447	0.00325106
285	0.233823	0.00487659
295	0.231174	0.00650212
305	0.239122	0.00162553
315	0.230842	0
325	0.231174	0.00162553
335	0.231836	0.00162553
345	0.22455	0
355	0.208652	0
365	0.216601	0.00812765
375	0.206665	0.00162553
385	0.208984	0
395	0.215939	0.00162553
405	0.183813	0.00325106
415	0.19971	0.00162553
425	0.193086	0
435	0.187787	0
445	0.17189	0
455	0.182819	0.00325106
465	0.161292	0
475	0.146057	0
485	0.152349	0.00162553
495	0.145725	0.00325106
505	0.137114	0
515	0.139102	0.00162553
525	0.118899	0
535	0.120886	0.00487659
545	0.117905	0
555	0.0924032	0.00162553
565	0.0933968	0.00162553
575	0.0924032	0.00162553
585	0.0821362	0.00487659
595	0.0778306	0.00162553
605	0.0871041	0.00325106
615	0.0669012	0
625	0.0632581	0
635	0.054647	0
645	0.0503415	0.00162553
655	0.0490167	0.00325106
665	0.0470296	0.00162553
675	0.0380873	0.00325106
685	0.0301387	0.00650212
695	0.0331194	0.00487659
705	0.0271579	0.00162553
715	0.0185469	0.00162553
725	0.0251708	0.00162553
735	0.0152349	0.00162553
745	0.0129166	0.00325106
755	0.00960463	0
765	0.00894224	0.00162553
775	0.00761747	0.00162553
785	0.00861105	0
795	0.0056303	0.00325106
805	0.00993583	0.00325106
815	0.0056303	0.00325106
825	0.00463672	0
835	0.00264955	0.00487659
845	0.00198717	0
855	0.00231836	0.00487659
865	0.00132478	0.00162553
875	0.00198717	0
885	0.00264955	0.00162553
895	0.00132478	0.00325106
905	0.00231836	0.00162553
915	0.00264955	0
925	0.00198717	0
935	0.00132478	0
945	0.00231836	0.00162553
955	0.00198717	0.00325106
965	0.00231836	0.00325106
975	0.00198717	0
985	0.00132478	0
995	0.000662388	0.00162553
1005	0.00132478	0
1015	0.00165597	0
1025	0.000662388	0.00162553
1035	0.000662388	0.00162553
1045	0.00132478	0.00162553
1055	0.00198717	0
1065	0.00165597	0
1075	0.00165597	0.00162553
1085	0.00198717	0.00162553
1095	0.00231836	0.00162553
1105	0.00364314	0.00325106
1115	0.00132478	0.00325106
1125	0.000993583	0
1135	0.00132478	0.00162553
1145	0.000993583	0
1155	0.00132478	0
1165	0.00132478	0
1175	0.00331194	0.00162553
1185	0.00132478	0
1195	0.000993583	0
