FG time = 3604.63	BG time = 560.732
5	0	0
15	0	0
25	0	0
35	0	0
45	0	0
55	0	0
65	0	0
75	0	0
85	0.000277421	0
95	0.000554842	0.00178338
105	0.00138711	0
115	0.00305163	0
125	0.00443874	0.00178338
135	0.005271	0
145	0.00665811	0.00178338
155	0.00832263	0
165	0.00832263	0.00535015
175	0.005271	0
185	0.00721295	0.00356677
195	0.00471616	0.00178338
205	0.00582584	0.00356677
215	0.00665811	0.00178338
225	0.00749037	0.00356677
235	0.00749037	0
245	0.00693553	0
255	0.00499358	0
265	0.00638069	0.00356677
275	0.00638069	0
285	0.00832263	0
295	0.00471616	0
305	0.00832263	0
315	0.00582584	0
325	0.00471616	0.00178338
335	0.00499358	0
345	0.0038839	0.00178338
355	0.00554842	0
365	0.00554842	0.00356677
375	0.00471616	0.00178338
385	0.00416132	0.00178338
395	0.00360647	0
405	0.00332905	0
415	0.005271	0
425	0.00277421	0
435	0.00360647	0
445	0.00194195	0.00178338
455	0.00332905	0
465	0.00332905	0
475	0.00138711	0
485	0.00249679	0
495	0.00166453	0
505	0.00194195	0
515	0.00194195	0.00178338
525	0.00138711	0.00178338
535	0.00249679	0
545	0.00221937	0.00178338
555	0.000554842	0.00178338
565	0.00138711	0
575	0.00194195	0.00356677
585	0.00110968	0
595	0.00138711	0
605	0.000554842	0.00178338
615	0.00110968	0
625	0.00166453	0
635	0.00110968	0.00178338
645	0.00138711	0
655	0.000554842	0.00178338
665	0.000554842	0
675	0.000832263	0
685	0	0
695	0.000554842	0
705	0.00110968	0
715	0.000277421	0
725	0	0
735	0.000277421	0.00178338
745	0.000277421	0
755	0.000277421	0
765	0	0
775	0.000554842	0
785	0	0
795	0.000277421	0.00178338
805	0.000277421	0
815	0	0
825	0.000277421	0
835	0	0
845	0.000277421	0.00178338
855	0.000554842	0
865	0	0
875	0	0
885	0	0
895	0	0
905	0.000277421	0
915	0.000554842	0
925	0.000554842	0
935	0.000277421	0
945	0.000277421	0
955	0	0
965	0	0
975	0	0
985	0.000277421	0
995	0.000277421	0
1005	0	0
1015	0	0
1025	0	0
1035	0.000277421	0
1045	0.000277421	0
1055	0	0
1065	0.000277421	0
1075	0.000277421	0
1085	0	0
1095	0	0
1105	0.000277421	0
1115	0.000277421	0
1125	0	0
1135	0	0
1145	0	0
1155	0	0
1165	0	0
1175	0.000277421	0
1185	0	0
1195	0	0.00178338
