FG time = 3613.16	BG time = 485.898
5	0	0
15	0	0
25	0	0
35	0	0
45	0	0
55	0	0
65	0	0
75	0	0
85	0	0
95	0	0
105	0	0
115	0	0
125	0.000276766	0
135	0.000830299	0.00205805
145	0.00138383	0
155	0.00359796	0
165	0.0024909	0
175	0.0041515	0
185	0.0041515	0
195	0.0049818	0
205	0.00581209	0
215	0.00636563	0.00205805
225	0.00996359	0
235	0.00968682	0
245	0.00636563	0
255	0.00968682	0.00205805
265	0.0105171	0
275	0.0121777	0
285	0.0116242	0.00205805
295	0.0102404	0
305	0.0105171	0
315	0.0107939	0
325	0.0138383	0
335	0.0107939	0
345	0.0116242	0
355	0.0138383	0.00205805
365	0.00830299	0
375	0.0102404	0
385	0.00996359	0
395	0.0138383	0
405	0.0127313	0
415	0.0116242	0
425	0.0113474	0
435	0.011901	0.00205805
445	0.0132848	0
455	0.011901	0
465	0.0138383	0.00205805
475	0.00941006	0.00205805
485	0.00857976	0
495	0.0127313	0
505	0.00691916	0
515	0.00774946	0
525	0.00802623	0
535	0.00691916	0.00205805
545	0.00857976	0
555	0.00802623	0
565	0.00830299	0
575	0.00719593	0
585	0.00608886	0.00617414
595	0.00581209	0.00205805
605	0.00359796	0
615	0.0049818	0.00205805
625	0.00442826	0
635	0.00359796	0
645	0.00221413	0
655	0.0033212	0
665	0.0016606	0
675	0.00276766	0.00205805
685	0.00193736	0
695	0.0033212	0
705	0.00359796	0
715	0.0016606	0
725	0.00193736	0
735	0.000830299	0
745	0.00110707	0.00205805
755	0.00221413	0.00205805
765	0.000830299	0
775	0	0
785	0.000830299	0.00205805
795	0.00193736	0
805	0	0
815	0.0016606	0
825	0	0
835	0.000276766	0
845	0.00138383	0.00205805
855	0.00110707	0
865	0.000276766	0.00205805
875	0.000276766	0
885	0.000276766	0
895	0.000553533	0
905	0.000276766	0
915	0.000553533	0
925	0.000553533	0
935	0.000553533	0
945	0.000830299	0
955	0.000830299	0
965	0.000276766	0
975	0.000276766	0
985	0.00110707	0
995	0.00138383	0
1005	0.00138383	0
1015	0.000553533	0.00205805
1025	0.000276766	0
1035	0.00110707	0
1045	0.000830299	0.00205805
1055	0.00110707	0
1065	0.00110707	0
1075	0.000276766	0
1085	0.000830299	0
1095	0.000830299	0
1105	0.00138383	0
1115	0	0
1125	0.00110707	0
1135	0.00138383	0
1145	0.00110707	0
1155	0.000276766	0.00617414
1165	0.00110707	0
1175	0.00110707	0
1185	0.000830299	0.00205805
1195	0.00110707	0
