FG time = 3269.93	BG time = 725.914
5	0	0
15	0	0
25	0	0
35	0	0
45	0	0
55	0	0
65	0	0
75	0	0
85	0	0
95	0	0
105	0.000611633	0
115	0.000611633	0.00137757
125	0.0036698	0
135	0.00336398	0
145	0.00703378	0
155	0.00948031	0.00137757
165	0.0119268	0.00275515
175	0.0122327	0.00137757
185	0.0113152	0.00137757
195	0.0100919	0.00137757
205	0.0107036	0
215	0.0110094	0
225	0.0113152	0
235	0.0125385	0
245	0.0103978	0.00137757
255	0.0103978	0
265	0.00948031	0
275	0.0100919	0.00137757
285	0.00886868	0
295	0.0103978	0
305	0.00795123	0
315	0.00825705	0
325	0.00642215	0
335	0.00519888	0
345	0.00825705	0
355	0.0018349	0
365	0.00458725	0
375	0.00489307	0
385	0.00519888	0
395	0.00489307	0
405	0.0073396	0
415	0.00336398	0
425	0.00305817	0
435	0.00305817	0
445	0.00336398	0
455	0.0036698	0
465	0.00581052	0
475	0.00397562	0
485	0.00152908	0
495	0.00122327	0
505	0.00091745	0.00137757
515	0.0018349	0
525	0.00214072	0
535	0.00091745	0
545	0.00122327	0
555	0.00275235	0
565	0.00091745	0
575	0.00152908	0
585	0.00091745	0
595	0.00122327	0
605	0.000611633	0
615	0.000305817	0.00137757
625	0.000611633	0
635	0.00152908	0
645	0.00122327	0
655	0	0.00137757
665	0.000611633	0
675	0	0
685	0	0
695	0.000305817	0
705	0	0
715	0.000305817	0.00137757
725	0	0
735	0	0
745	0	0
755	0.000611633	0
765	0	0
775	0	0
785	0	0
795	0	0
805	0.000305817	0
815	0	0
825	0	0
835	0	0
845	0.000305817	0
855	0	0
865	0	0
875	0	0
885	0	0
895	0.000305817	0
905	0	0
915	0	0
925	0	0
935	0	0
945	0	0
955	0.000305817	0
965	0	0
975	0	0
985	0.000305817	0
995	0	0
1005	0	0
1015	0	0
1025	0	0
1035	0	0
1045	0.000305817	0
1055	0	0
1065	0	0.00137757
1075	0	0
1085	0	0
1095	0	0
1105	0.000305817	0
1115	0	0
1125	0	0
1135	0	0
1145	0	0
1155	0	0.00137757
1165	0	0
1175	0	0
1185	0.000305817	0.00137757
1195	0	0
