FG time = 3312.86	BG time = 613.988
5	0	0
15	0	0
25	0.000301854	0
35	0.00241483	0
45	0.00543338	0.00814349
55	0.0205261	0.0146583
65	0.0501078	0.0130296
75	0.0878396	0.0130296
85	0.0857266	0.0146583
95	0.113497	0.0179157
105	0.104743	0.00651479
115	0.115912	0.00488609
125	0.12044	0.00977218
135	0.126477	0.00814349
145	0.124364	0.00325739
155	0.12859	0.00814349
165	0.117119	0.0016287
175	0.137646	0.00488609
185	0.130099	0.0016287
195	0.137042	0.0016287
205	0.14157	0.0016287
215	0.142475	0.00325739
225	0.141872	0.0016287
235	0.133118	0.0016287
245	0.139457	0
255	0.137947	0.00325739
265	0.124364	0
275	0.131307	0.0016287
285	0.13342	0.00325739
295	0.127081	0
305	0.129495	0.0016287
315	0.124666	0.00325739
325	0.121949	0.0016287
335	0.137947	0
345	0.120138	0.0016287
355	0.115006	0.0016287
365	0.124062	0
375	0.105951	0.0016287
385	0.107762	0
395	0.111686	0.00488609
405	0.0996119	0.0016287
415	0.102329	0.0016287
425	0.093273	0
435	0.0893489	0.0016287
445	0.0902544	0
455	0.0887452	0
465	0.0842173	0.00325739
475	0.0805951	0
485	0.086934	0
495	0.0802932	0.0016287
505	0.0679172	0.0016287
515	0.0682191	0.00651479
525	0.0661061	0
535	0.060069	0.0016287
545	0.0612764	0
555	0.0528245	0.0016287
565	0.0564468	0.0016287
575	0.0419577	0.00488609
585	0.0428633	0.00325739
595	0.0380336	0.0016287
605	0.0386374	0.0016287
615	0.0350151	0
625	0.0322984	0.0016287
635	0.0256576	0.0016287
645	0.0241483	0.0016287
655	0.0226391	0.0016287
665	0.0211298	0.00325739
675	0.0172057	0.00325739
685	0.014489	0.0016287
695	0.0138853	0.00325739
705	0.0129797	0
715	0.0120742	0
725	0.00754636	0.0016287
735	0.00543338	0
745	0.00845192	0.0016287
755	0.00422596	0
765	0.00422596	0
775	0.00392411	0.0016287
785	0.00362225	0.0016287
795	0.0033204	0.00325739
805	0.00362225	0
815	0.0033204	0.0016287
825	0.00211298	0
835	0.00181113	0.0016287
845	0.00181113	0.00325739
855	0.00120742	0
865	0.00271669	0.0016287
875	0.00241483	0.00651479
885	0.000905563	0.00488609
895	0.000603709	0
905	0.00211298	0
915	0.00150927	0.00325739
925	0.00271669	0.0016287
935	0.000301854	0
945	0.00150927	0
955	0.000603709	0
965	0	0.0016287
975	0.000905563	0.0016287
985	0.00120742	0
995	0.00211298	0.00325739
1005	0.00211298	0.0016287
1015	0.000905563	0.0016287
1025	0.00211298	0.00488609
1035	0.00150927	0
1045	0.00241483	0
1055	0.000603709	0
1065	0.000905563	0.0016287
1075	0.00241483	0
1085	0.00150927	0
1095	0.00181113	0
1105	0.00120742	0.0016287
1115	0	0.00325739
1125	0.000905563	0
1135	0.000905563	0
1145	0.00120742	0.0016287
1155	0.00120742	0.0016287
1165	0.000603709	0
1175	0.00120742	0
1185	0.00150927	0
1195	0.00150927	0.0016287
