FG time = 3318.48	BG time = 614.282
5	0	0
15	0	0
25	0	0
35	0	0
45	0	0
55	0	0
65	0	0
75	0	0
85	0	0
95	0.000301343	0
105	0.000301343	0
115	0.00180806	0
125	0.00391746	0
135	0.00813626	0
145	0.0108484	0
155	0.0135604	0
165	0.0126564	0.00162792
175	0.0153685	0.00162792
185	0.0168752	0
195	0.0111497	0.00162792
205	0.0102457	0
215	0.0102457	0
225	0.0120537	0
235	0.0108484	0
245	0.00994432	0
255	0.00904029	0
265	0.00994432	0
275	0.0102457	0
285	0.00723223	0
295	0.00813626	0
305	0.00602686	0
315	0.0102457	0.00325583
325	0.00662955	0.00162792
335	0.00693089	0
345	0.00271209	0
355	0.00602686	0
365	0.00813626	0
375	0.00301343	0
385	0.00361612	0
395	0.0042188	0
405	0.00361612	0
415	0.00391746	0.00162792
425	0.00391746	0
435	0.00271209	0
445	0.00241074	0
455	0.00361612	0
465	0.00120537	0
475	0.0021094	0
485	0.0021094	0.00162792
495	0.0021094	0
505	0.00120537	0
515	0.0021094	0
525	0.000904029	0
535	0.00120537	0
545	0.0042188	0
555	0.0021094	0.00162792
565	0.000602686	0
575	0.000602686	0
585	0.0021094	0
595	0.000904029	0
605	0	0
615	0.00241074	0
625	0.000301343	0.00162792
635	0.000904029	0
645	0.000904029	0
655	0.000904029	0
665	0.000602686	0
675	0.000602686	0
685	0.000602686	0
695	0	0
705	0.000602686	0
715	0.000301343	0
725	0	0
735	0.000904029	0
745	0.000602686	0
755	0	0
765	0	0
775	0.000301343	0
785	0	0
795	0.000301343	0
805	0.000301343	0.00162792
815	0	0
825	0	0
835	0.000301343	0
845	0	0
855	0.000301343	0
865	0	0
875	0	0
885	0	0
895	0	0
905	0	0
915	0.000301343	0
925	0	0
935	0.000301343	0
945	0	0
955	0	0
965	0	0
975	0	0
985	0	0
995	0	0
1005	0	0.00162792
1015	0	0
1025	0.000301343	0
1035	0	0
1045	0	0
1055	0	0
1065	0	0
1075	0	0
1085	0	0
1095	0.000301343	0
1105	0.000602686	0
1115	0	0
1125	0	0
1135	0	0
1145	0	0
1155	0	0
1165	0	0
1175	0.000301343	0
1185	0.000602686	0.00162792
1195	0	0
