FG time = 3595.08	BG time = 613.097
5	0	0
15	0	0
25	0	0
35	0.000278158	0
45	0.00278158	0.00163106
55	0.00639763	0.00326213
65	0.0161332	0.00326213
75	0.0258687	0.0114175
85	0.0344916	0.00815532
95	0.0386639	0.00815532
105	0.0414455	0
115	0.0428363	0.00489319
125	0.0509029	0.00326213
135	0.0489558	0.00163106
145	0.0578568	0
155	0.0628637	0.00326213
165	0.0575787	0.00163106
175	0.0578568	0
185	0.0642545	0
195	0.0539626	0.00326213
205	0.0547971	0.00326213
215	0.0564661	0.00163106
225	0.0620292	0.00326213
235	0.0642545	0.00326213
245	0.0631418	0
255	0.0645326	0
265	0.0567442	0.00326213
275	0.0620292	0
285	0.0628637	0.00163106
295	0.0589695	0.00326213
305	0.0575787	0.00326213
315	0.0650889	0.00163106
325	0.0653671	0
335	0.0639763	0
345	0.0586913	0.00163106
355	0.0561879	0.00489319
365	0.0506247	0
375	0.0564661	0.00489319
385	0.0570224	0
395	0.0506247	0.00326213
405	0.0489558	0.00326213
415	0.0506247	0.00326213
425	0.0478432	0.00163106
435	0.0414455	0
445	0.0531282	0
455	0.0439489	0.00326213
465	0.0397766	0.00163106
475	0.0428363	0
485	0.0425582	0.00163106
495	0.0353261	0
505	0.0414455	0.00163106
515	0.0339353	0
525	0.0356042	0
535	0.0353261	0.00326213
545	0.0350479	0.00326213
555	0.0258687	0.00326213
565	0.0278158	0
575	0.0241997	0
585	0.0216963	0.00163106
595	0.0275376	0
605	0.0189147	0
615	0.0180803	0.00163106
625	0.0166895	0.00163106
635	0.0150205	0.00163106
645	0.0152987	0
655	0.0122389	0
665	0.0122389	0.00163106
675	0.0125171	0.00163106
685	0.0102918	0
695	0.01057	0.00163106
705	0.0102918	0
715	0.00751026	0.00163106
725	0.00611947	0
735	0.00695395	0
745	0.00250342	0
755	0.00500684	0.00163106
765	0.00278158	0
775	0.00333789	0.00326213
785	0.00250342	0
795	0.00166895	0.00163106
805	0.000834474	0
815	0.00139079	0.00163106
825	0.00194711	0.00163106
835	0.00194711	0
845	0.00166895	0.00163106
855	0.000834474	0
865	0.00278158	0.00163106
875	0.00139079	0.00163106
885	0.00139079	0
895	0.00194711	0.00163106
905	0.00139079	0.00326213
915	0.00139079	0
925	0.00139079	0.00326213
935	0.000278158	0.00163106
945	0.00111263	0
955	0.00139079	0
965	0.00194711	0
975	0.000556316	0
985	0	0
995	0.00222526	0.00163106
1005	0.000834474	0
1015	0.00111263	0
1025	0.000556316	0
1035	0.00139079	0.00326213
1045	0.00139079	0.00163106
1055	0.00166895	0
1065	0.000834474	0
1075	0.00139079	0.00163106
1085	0.00166895	0
1095	0.000278158	0
1105	0.00166895	0.00163106
1115	0.00250342	0
1125	0.000834474	0.00326213
1135	0.00111263	0
1145	0.00166895	0
1155	0.00139079	0.00163106
1165	0.000556316	0.00163106
1175	0.000278158	0.00163106
1185	0.000834474	0.00163106
1195	0.000556316	0
