FG time = 2884.93	BG time = 364.918
5	0	0
15	0	0
25	0	0
35	0	0
45	0	0
55	0	0
65	0	0
75	0	0
85	0	0
95	0	0
105	0	0
115	0	0
125	0	0
135	0	0
145	0.00173315	0
155	0.000693259	0
165	0.00138652	0
175	0.00485281	0.00274034
185	0.00450618	0
195	0.00346629	0
205	0.00450618	0
215	0.00519944	0.00274034
225	0.00623933	0
235	0.00485281	0
245	0.00727921	0.00274034
255	0.00485281	0.00274034
265	0.00693259	0
275	0.00658596	0
285	0.00935899	0
295	0.00485281	0.00274034
305	0.00693259	0.00274034
315	0.00658596	0
325	0.00901236	0
335	0.00693259	0.00548068
345	0.00693259	0
355	0.00970562	0
365	0.00797247	0.00274034
375	0.00762584	0
385	0.00693259	0
395	0.0083191	0
405	0.0083191	0
415	0.00866573	0
425	0.00658596	0
435	0.00415955	0
445	0.00658596	0
455	0.0058927	0.00274034
465	0.00658596	0
475	0.00623933	0
485	0.00623933	0
495	0.00311966	0.00274034
505	0.00519944	0
515	0.00554607	0
525	0.00519944	0
535	0.00381292	0
545	0.00346629	0
555	0.00346629	0
565	0.00415955	0
575	0.00173315	0
585	0.00207978	0
595	0.00277303	0
605	0.0024264	0
615	0.00173315	0
625	0.00311966	0
635	0.00346629	0
645	0.00173315	0
655	0.000693259	0
665	0.00311966	0.00274034
675	0.00138652	0
685	0.00103989	0.00548068
695	0.00103989	0
705	0.00103989	0.00274034
715	0.000346629	0.00274034
725	0.00173315	0
735	0.00103989	0
745	0.000693259	0
755	0.000346629	0
765	0.000693259	0
775	0.000693259	0
785	0.000346629	0
795	0	0
805	0.00103989	0.00274034
815	0.000346629	0
825	0.00103989	0
835	0	0
845	0.000346629	0
855	0.000346629	0
865	0.000346629	0
875	0.00103989	0.00274034
885	0.000693259	0
895	0.000693259	0
905	0.000346629	0.00274034
915	0	0
925	0.000346629	0
935	0.000693259	0
945	0.00138652	0.00274034
955	0.000346629	0
965	0	0
975	0.000693259	0
985	0	0
995	0.000346629	0
1005	0	0
1015	0.000346629	0
1025	0.000346629	0
1035	0	0
1045	0.000346629	0
1055	0.000346629	0
1065	0.000693259	0
1075	0.000693259	0
1085	0.00103989	0.00274034
1095	0	0
1105	0.00103989	0
1115	0.000693259	0
1125	0.00103989	0
1135	0.000693259	0
1145	0.00103989	0.00274034
1155	0.000346629	0
1165	0	0
1175	0.000693259	0
1185	0.00138652	0
1195	0.000346629	0.00274034
