FG time = 3604.94	BG time = 544.659
5	0	0
15	0	0
25	0	0
35	0	0
45	0	0
55	0.00221918	0
65	0.0130377	0
75	0.0343973	0.00734405
85	0.0540925	0.00734405
95	0.0687946	0.00918006
105	0.0957021	0.00367203
115	0.100695	0.00183601
125	0.118171	0.00367203
135	0.118449	0
145	0.12899	0.00367203
155	0.143137	0.00183601
165	0.135093	0.00183601
175	0.164219	0.00367203
185	0.152569	0.00183601
195	0.156175	0
205	0.165884	0.00367203
215	0.155343	0
225	0.160058	0
235	0.173373	0.00183601
245	0.18225	0
255	0.172264	0.00183601
265	0.178644	0
275	0.177534	0.00550804
285	0.162832	0
295	0.180863	0.00367203
305	0.172819	0
315	0.171709	0
325	0.180031	0.00183601
335	0.164497	0.00367203
345	0.163942	0
355	0.167548	0.00550804
365	0.168103	0.00550804
375	0.15673	0
385	0.139254	0.00183601
395	0.153401	0.00183601
405	0.147853	0.00367203
415	0.150904	0.00367203
425	0.136757	0.00183601
435	0.135647	0
445	0.129822	0.00183601
455	0.130099	0.00183601
465	0.12788	0
475	0.116784	0.00183601
485	0.116784	0
495	0.108185	0
505	0.111514	0
515	0.0915411	0
525	0.0920959	0.00183601
535	0.0848836	0
545	0.0915411	0
555	0.0785035	0.00183601
565	0.0771165	0.00367203
575	0.0721233	0
585	0.0754521	0.00183601
595	0.066298	0.00367203
605	0.0610274	0.00367203
615	0.0499315	0.00183601
625	0.0535377	0.00183601
635	0.0443836	0
645	0.0416096	0.00183601
655	0.0374487	0.00183601
665	0.0274623	0
675	0.0282945	0.00183601
685	0.0291267	0
695	0.0208048	0
705	0.0183082	0.00183601
715	0.0185856	0
725	0.0141473	0.00183601
735	0.0135925	0
745	0.00915411	0.00183601
755	0.00721233	0.00550804
765	0.00832192	0.00183601
775	0.00527055	0.00183601
785	0.00332877	0
795	0.00582535	0.00183601
805	0.00249658	0
815	0.00332877	0.00367203
825	0.00194178	0
835	0.00249658	0
845	0.00110959	0
855	0.00277397	0
865	0.000554795	0
875	0.00166438	0.00183601
885	0.00221918	0.00183601
895	0.00166438	0
905	0.000832192	0
915	0.00110959	0
925	0.000832192	0.00734405
935	0.00166438	0.00183601
945	0.00332877	0.00183601
955	0.00194178	0.00183601
965	0.00138699	0.00183601
975	0.00221918	0.00367203
985	0.00138699	0.00183601
995	0.00249658	0.00183601
1005	0.00138699	0.00550804
1015	0.00110959	0.00183601
1025	0.00221918	0.00183601
1035	0.00194178	0
1045	0.00138699	0
1055	0.00110959	0
1065	0.00249658	0.00183601
1075	0.000832192	0
1085	0.00110959	0
1095	0.000277397	0.00183601
1105	0.00138699	0.00183601
1115	0.000554795	0.00183601
1125	0.00221918	0.00183601
1135	0.00138699	0.00367203
1145	0.00110959	0
1155	0.000832192	0
1165	0.00110959	0
1175	0.00110959	0
1185	0.00194178	0
1195	0.000277397	0
