FG time = 3312.72	BG time = 733.445
5	0	0
15	0	0
25	0	0
35	0	0
45	0	0
55	0	0
65	0	0
75	0	0
85	0	0
95	0	0
105	0	0
115	0.000301866	0
125	0	0
135	0.000301866	0.00136343
145	0	0
155	0.00150933	0
165	0.00120747	0
175	0.00150933	0
185	0.0036224	0
195	0.00241493	0
205	0.00150933	0
215	0.004528	0
225	0.00573546	0
235	0.00573546	0
245	0.00513173	0.00136343
255	0.00392426	0
265	0.00694293	0
275	0.004528	0.00136343
285	0.004528	0.00136343
295	0.00573546	0
305	0.004528	0
315	0.00694293	0.00136343
325	0.00573546	0
335	0.00422613	0
345	0.00664106	0
355	0.00815039	0.00136343
365	0.00664106	0
375	0.00573546	0.00136343
385	0.00603733	0
395	0.00543359	0
405	0.004528	0
415	0.00482986	0
425	0.00603733	0
435	0.00543359	0
445	0.0036224	0
455	0.00633919	0
465	0.0036224	0
475	0.00332053	0
485	0.00664106	0.00136343
495	0.004528	0.00136343
505	0.00211306	0
515	0.00422613	0
525	0.00392426	0.00545371
535	0.00422613	0
545	0.00392426	0
555	0.00301866	0
565	0.0018112	0.00136343
575	0.00241493	0.00136343
585	0.00211306	0
595	0.00241493	0
605	0.00120747	0
615	0.00301866	0.00136343
625	0.00301866	0.00136343
635	0.000905599	0
645	0.00211306	0
655	0.0018112	0.00272686
665	0.00150933	0.00136343
675	0.00150933	0.00136343
685	0.00211306	0
695	0.000905599	0
705	0.000301866	0.00136343
715	0.000905599	0
725	0.000905599	0
735	0.000301866	0
745	0.000301866	0.00136343
755	0	0
765	0.000905599	0
775	0.000905599	0
785	0.00150933	0
795	0.000301866	0
805	0.00120747	0.00136343
815	0.000603733	0
825	0.000603733	0
835	0.000905599	0
845	0.000301866	0.00136343
855	0.000905599	0
865	0.00150933	0.00136343
875	0.000603733	0
885	0	0.00136343
895	0.000603733	0
905	0.000603733	0
915	0.000905599	0.00136343
925	0.000905599	0.00409028
935	0.00120747	0
945	0.000603733	0.00136343
955	0.00120747	0.00136343
965	0.000301866	0
975	0.000301866	0
985	0.00211306	0
995	0.000905599	0
1005	0.00120747	0.00272686
1015	0.000603733	0
1025	0	0
1035	0.00120747	0
1045	0	0
1055	0	0.00136343
1065	0	0.00272686
1075	0.000905599	0
1085	0	0
1095	0.000905599	0.00136343
1105	0.000905599	0
1115	0.000301866	0
1125	0.000603733	0
1135	0.000301866	0
1145	0.000603733	0
1155	0.000905599	0.00136343
1165	0.000301866	0
1175	0.000603733	0
1185	0.000905599	0.00136343
1195	0.000301866	0
