FG time = 1754.6	BG time = 373.667
5	0	0
15	0	0
25	0	0
35	0.0017098	0
45	0.00455946	0.00267618
55	0.0142483	0.00267618
65	0.025077	0
75	0.0364757	0.00535236
85	0.0387554	0.00535236
95	0.0467344	0.0133809
105	0.0461645	0.00267618
115	0.0638324	0.00267618
125	0.0735212	0.00267618
135	0.0638324	0.00267618
145	0.0649723	0.00267618
155	0.0780807	0.00535236
165	0.0883395	0.00535236
175	0.0746611	0
185	0.0894793	0.00535236
195	0.0906192	0
205	0.0985982	0.00267618
215	0.0963185	0
225	0.0775108	0
235	0.0985982	0
245	0.0723814	0.00535236
255	0.0928989	0.00267618
265	0.0980283	0.00535236
275	0.0968885	0.00267618
285	0.102018	0
295	0.0917591	0.00267618
305	0.0906192	0.00267618
315	0.0934689	0
325	0.0974584	0.00267618
335	0.0985982	0.00267618
345	0.0906192	0.00267618
355	0.0900493	0.00535236
365	0.0917591	0.00535236
375	0.0803604	0.00267618
385	0.0883395	0
395	0.0689618	0
405	0.0832101	0.00535236
415	0.0718114	0.00267618
425	0.0803604	0.00267618
435	0.0678219	0
445	0.0609827	0.00267618
455	0.0615527	0
465	0.0632625	0.00267618
475	0.0564233	0.00267618
485	0.0581331	0
495	0.0712415	0.00267618
505	0.0649723	0
515	0.050724	0
525	0.0427449	0
535	0.0484442	0
545	0.0404652	0.00267618
555	0.0398952	0
565	0.0450246	0
575	0.0410351	0
585	0.0370456	0
595	0.0296365	0
605	0.0279267	0.00267618
615	0.017098	0.00267618
625	0.0262169	0.00267618
635	0.0273567	0.00535236
645	0.0193777	0.00267618
655	0.0227973	0
665	0.0176679	0.00535236
675	0.0153882	0.00267618
685	0.0153882	0.00267618
695	0.0131084	0.00802854
705	0.00626925	0
715	0.0131084	0
725	0.00740912	0
735	0.00740912	0
745	0.00740912	0.00267618
755	0.00455946	0
765	0.00512939	0
775	0.00740912	0.0107047
785	0.00341959	0.00267618
795	0.00398952	0
805	0.00569932	0.00267618
815	0.00284966	0
825	0.00227973	0.00535236
835	0.00227973	0.00535236
845	0.00113986	0
855	0.00227973	0.00535236
865	0.00113986	0
875	0	0.00267618
885	0.00227973	0
895	0.00113986	0.00267618
905	0.00227973	0
915	0.00227973	0.00267618
925	0.00113986	0.00267618
935	0.00398952	0.00267618
945	0.00341959	0
955	0	0.00267618
965	0.00227973	0.00267618
975	0.00227973	0
985	0.000569932	0
995	0.00227973	0.00267618
1005	0.00341959	0.00535236
1015	0.00227973	0.00267618
1025	0.00113986	0
1035	0.00284966	0.00267618
1045	0.00284966	0.00535236
1055	0.000569932	0
1065	0.00113986	0
1075	0.00227973	0
1085	0.00227973	0.00535236
1095	0.0017098	0.00267618
1105	0.0017098	0
1115	0.000569932	0
1125	0.00284966	0
1135	0.00113986	0.00267618
1145	0.0017098	0
1155	0.00284966	0
1165	0	0.00535236
1175	0.000569932	0.00267618
1185	0	0.00535236
1195	0.00227973	0.00267618
