FG time = 3313.32	BG time = 734.08
5	0	0
15	0.000301812	0
25	0.000301812	0
35	0.000301812	0
45	0.00543262	0.00408675
55	0.019316	0.00681124
65	0.0437627	0.00544899
75	0.0836019	0.0136225
85	0.10322	0.00953574
95	0.112274	0.0122602
105	0.100503	0.00817349
115	0.119216	0.00544899
125	0.130986	0.00681124
135	0.121027	0.00681124
145	0.127968	0.00544899
155	0.130986	0.0027245
165	0.132797	0.00681124
175	0.135514	0.0027245
185	0.136419	0.00136225
195	0.148793	0.0027245
205	0.131892	0.00408675
215	0.147586	0
225	0.15332	0.0027245
235	0.14487	0.00136225
245	0.145775	0.00136225
255	0.139135	0.0027245
265	0.13823	0.0027245
275	0.145473	0.0027245
285	0.139135	0.00136225
295	0.142153	0
305	0.138532	0.00544899
315	0.135815	0.00408675
325	0.134608	0.00136225
335	0.136117	0
345	0.127968	0.0027245
355	0.118612	0.00136225
365	0.122837	0.00136225
375	0.125252	0.0027245
385	0.113481	0.0027245
395	0.114085	0
405	0.116198	0
415	0.111369	0.00408675
425	0.107143	0.00136225
435	0.108652	0.00136225
445	0.100202	0.00136225
455	0.0983907	0.00136225
465	0.0845074	0.00136225
475	0.0893363	0
485	0.0775657	0.0027245
495	0.0823947	0
505	0.0709258	0.00136225
515	0.0736421	0.00544899
525	0.0679077	0
535	0.0603624	0
545	0.0579479	0.0027245
555	0.051308	0
565	0.0522135	0.0027245
575	0.0485917	0
585	0.0473845	0.00408675
595	0.0419519	0.0027245
605	0.0371229	0
615	0.0280685	0.00136225
625	0.0328975	0.00136225
635	0.0250504	0
645	0.0271631	0.0027245
655	0.0274649	0.0027245
665	0.0184105	0.0027245
675	0.020825	0.00136225
685	0.0147888	0.0027245
695	0.0135815	0
705	0.0132797	0.0027245
715	0.00935617	0.00136225
725	0.00814892	0.00136225
735	0.0075453	0.00136225
745	0.00633805	0.0027245
755	0.00543262	0.00136225
765	0.0051308	0.00136225
775	0.00452718	0.0027245
785	0.00271631	0.0027245
795	0.00181087	0.00136225
805	0.00181087	0.00136225
815	0.00331993	0.00136225
825	0.0024145	0.00136225
835	0.00211268	0
845	0.00301812	0.00136225
855	0.00181087	0.00136225
865	0.00150906	0.00136225
875	0.00120725	0
885	0.000905436	0.00136225
895	0.00211268	0
905	0.000603624	0
915	0.000603624	0.0027245
925	0.00120725	0.00544899
935	0.00150906	0.0027245
945	0.00392356	0.00136225
955	0.00120725	0
965	0.00181087	0.00136225
975	0.000905436	0
985	0.00181087	0
995	0.00331993	0.0027245
1005	0.000603624	0
1015	0.000905436	0.00136225
1025	0.000603624	0
1035	0.000603624	0.00136225
1045	0.000301812	0.00136225
1055	0.00150906	0
1065	0.00120725	0
1075	0.00150906	0
1085	0.000905436	0.0027245
1095	0.000603624	0.0027245
1105	0.000301812	0
1115	0.00150906	0.00408675
1125	0.00150906	0
1135	0.00211268	0.00136225
1145	0.00150906	0.0027245
1155	0.00150906	0
1165	0.00150906	0
1175	0.000905436	0
1185	0.00181087	0
1195	0.00150906	0.00136225
