FG time = 1813.25	BG time = 373.69
5	0	0
15	0	0
25	0	0
35	0	0
45	0	0
55	0	0
65	0	0
75	0	0
85	0	0
95	0	0
105	0	0
115	0	0
125	0	0
135	0	0
145	0.000551496	0
155	0.00220599	0
165	0.00165449	0
175	0.00330898	0
185	0.00165449	0
195	0.00330898	0
205	0.00110299	0
215	0.00275748	0
225	0.00606646	0
235	0.00496347	0.00267602
245	0.00386047	0
255	0.00827244	0
265	0.00661796	0
275	0.00606646	0
285	0.00386047	0
295	0.00220599	0
305	0.00606646	0
315	0.00441197	0
325	0.00386047	0
335	0.00606646	0.00267602
345	0.00551496	0
355	0.00496347	0
365	0.00716945	0
375	0.00551496	0
385	0.00220599	0
395	0.00716945	0
405	0.00330898	0.00535203
415	0.00496347	0
425	0.00992693	0
435	0.00551496	0
445	0.00441197	0
455	0.00827244	0
465	0.00330898	0
475	0.00330898	0
485	0.00330898	0.00267602
495	0.00220599	0
505	0.00220599	0
515	0.00220599	0
525	0.00275748	0
535	0.00275748	0
545	0.00496347	0
555	0.00606646	0
565	0.00330898	0
575	0.00386047	0.00267602
585	0.00110299	0
595	0.00110299	0
605	0.00441197	0
615	0.00220599	0
625	0.00165449	0
635	0.00275748	0
645	0.00110299	0
655	0.000551496	0.00267602
665	0.00110299	0
675	0.00165449	0.00267602
685	0.00165449	0
695	0.000551496	0
705	0.00330898	0
715	0.000551496	0
725	0.000551496	0
735	0	0
745	0.000551496	0
755	0	0
765	0.000551496	0
775	0.00110299	0
785	0.000551496	0
795	0	0.00267602
805	0.00110299	0.00267602
815	0.000551496	0
825	0.000551496	0
835	0	0
845	0.000551496	0
855	0.000551496	0
865	0.00110299	0
875	0.00165449	0.00267602
885	0.00110299	0.00267602
895	0.00110299	0
905	0.00165449	0
915	0.00110299	0
925	0.00110299	0
935	0.00165449	0
945	0.00110299	0
955	0.00110299	0
965	0	0
975	0	0
985	0.000551496	0
995	0.00110299	0
1005	0.000551496	0
1015	0.00110299	0
1025	0.000551496	0.00535203
1035	0.00165449	0.00267602
1045	0.00110299	0
1055	0	0
1065	0.000551496	0
1075	0.00165449	0
1085	0	0
1095	0	0
1105	0	0.00267602
1115	0.000551496	0
1125	0.00165449	0.00267602
1135	0.00165449	0
1145	0.000551496	0
1155	0.00110299	0.00267602
1165	0.000551496	0.00267602
1175	0.00110299	0
1185	0.00110299	0
1195	0.00110299	0
