FG time = 3099.91	BG time = 485.521
5	0	0
15	0	0
25	0	0
35	0	0
45	0	0
55	0	0
65	0	0
75	0.00161295	0
85	0.00225813	0
95	0.00225813	0
105	0.00387109	0
115	0.00451627	0
125	0.0100003	0
135	0.0067744	0
145	0.0109681	0.00205964
155	0.00741958	0
165	0.0103229	0
175	0.0161295	0
185	0.0103229	0.00205964
195	0.0112907	0.00205964
205	0.00806476	0
215	0.0106455	0
225	0.0106455	0
235	0.0158069	0
245	0.00935512	0
255	0.00806476	0
265	0.00967771	0
275	0.0116133	0
285	0.0067744	0
295	0.00645181	0
305	0.00774217	0
315	0.00645181	0
325	0.00774217	0
335	0.00516145	0.00205964
345	0.00548404	0
355	0.00741958	0
365	0.00548404	0
375	0.0067744	0
385	0.00387109	0
395	0.0035485	0
405	0.00387109	0
415	0.00645181	0
425	0.00580663	0
435	0.00483886	0
445	0.00419368	0
455	0.0035485	0
465	0.00419368	0.00205964
475	0.00225813	0
485	0.00419368	0
495	0.00387109	0
505	0.00225813	0
515	0.00225813	0
525	0.0032259	0
535	0.00290331	0.00205964
545	0.00225813	0
555	0.00258072	0
565	0.00419368	0
575	0.000645181	0
585	0.00193554	0
595	0.00129036	0
605	0.000645181	0
615	0.00032259	0
625	0.00032259	0
635	0.00161295	0
645	0.00032259	0
655	0.00129036	0
665	0.000645181	0
675	0.000967771	0.00205964
685	0.000645181	0
695	0	0
705	0.00129036	0
715	0	0
725	0	0
735	0.00032259	0
745	0.000645181	0
755	0.00032259	0.00205964
765	0.000967771	0
775	0.00032259	0
785	0	0
795	0.00032259	0
805	0	0
815	0	0
825	0.000645181	0
835	0	0
845	0.00032259	0
855	0.00032259	0
865	0.00032259	0
875	0.00032259	0
885	0	0
895	0.00032259	0
905	0	0.00205964
915	0.00032259	0
925	0.00032259	0
935	0	0
945	0	0
955	0	0
965	0	0
975	0	0.00205964
985	0.000645181	0
995	0.00032259	0
1005	0	0
1015	0	0
1025	0	0
1035	0	0
1045	0	0
1055	0	0
1065	0	0
1075	0.00032259	0
1085	0.00032259	0
1095	0	0
1105	0	0
1115	0.00032259	0
1125	0	0
1135	0	0
1145	0	0
1155	0	0
1165	0	0
1175	0	0
1185	0	0
1195	0.00032259	0.00205964
