FG time = 3012.81	BG time = 613.828
5	0	0
15	0	0
25	0	0
35	0.000663832	0
45	0	0
55	0.00531065	0.00162912
65	0.0192511	0.00651648
75	0.0398299	0.00651648
85	0.0487916	0.00488736
95	0.0604087	0.00488736
105	0.0667151	0.00162912
115	0.0862981	0.00325824
125	0.0886215	0.00651648
135	0.0859662	0.00488736
145	0.0879577	0.00325824
155	0.113183	0.00488736
165	0.0982471	0.00162912
175	0.098579	0.00162912
185	0.107209	0
195	0.117498	0.00325824
205	0.105217	0.00325824
215	0.116171	0.00325824
225	0.114179	0.00162912
235	0.122477	0
245	0.116171	0.00162912
255	0.127124	0.00325824
265	0.11949	0.00651648
275	0.115507	0.00325824
285	0.11086	0.00325824
295	0.109532	0.00162912
305	0.115507	0
315	0.110528	0
325	0.100239	0.00162912
335	0.107873	0.00162912
345	0.101234	0.00325824
355	0.100239	0.00325824
365	0.100239	0.00162912
375	0.102894	0
385	0.107209	0.00162912
395	0.0972514	0.00325824
405	0.0972514	0.00325824
415	0.0919407	0.00162912
425	0.0922726	0.00162912
435	0.0926045	0.00325824
445	0.075013	0.00162912
455	0.0783321	0.00325824
465	0.0756768	0
475	0.0697023	0
485	0.0770045	0.00162912
495	0.0716938	0
505	0.0733534	0.00325824
515	0.0640598	0.00162912
525	0.0597449	0
535	0.051447	0.00162912
545	0.0547661	0.00162912
555	0.0564257	0
565	0.0471321	0
575	0.0411576	0.00162912
585	0.0441448	0
595	0.0345193	0.00162912
605	0.0348512	0
615	0.0318639	0.00162912
625	0.0321958	0.00325824
635	0.0272171	0.00325824
645	0.0268852	0.00162912
655	0.0265533	0.00325824
665	0.0192511	0.00325824
675	0.0185873	0
685	0.0146043	0.00162912
695	0.0146043	0.00162912
705	0.0136086	0.00162912
715	0.011949	0.00162912
725	0.0102894	0.013033
735	0.0082979	0.00162912
745	0.00663832	0.00325824
755	0.00531065	0
765	0.00862981	0.00488736
775	0.00265533	0
785	0.00497874	0.00325824
795	0.00398299	0
805	0.00431491	0.00162912
815	0.00298724	0
825	0.00132766	0.00162912
835	0.00165958	0.00325824
845	0.0019915	0
855	0.0019915	0
865	0.00165958	0
875	0.00132766	0
885	0.00265533	0
895	0.00365107	0.00325824
905	0.000995748	0.00325824
915	0.0019915	0.00162912
925	0.00331916	0.00162912
935	0.000995748	0.00325824
945	0.00132766	0.00162912
955	0.00265533	0.00162912
965	0.000995748	0.00162912
975	0.00232341	0.00162912
985	0.00132766	0.00162912
995	0.00132766	0
1005	0.000995748	0.00325824
1015	0.00132766	0
1025	0.0019915	0.00325824
1035	0.0019915	0.00162912
1045	0.00132766	0
1055	0.000995748	0
1065	0.00232341	0.00162912
1075	0.00331916	0.00162912
1085	0.00265533	0
1095	0.00232341	0.00162912
1105	0.00298724	0.00162912
1115	0.0019915	0.00162912
1125	0.00132766	0
1135	0.0019915	0.00162912
1145	0.000995748	0
1155	0.0019915	0
1165	0.0019915	0.00162912
1175	0.000995748	0.00162912
1185	0.00132766	0
1195	0.00165958	0.00488736
