FG time = 3250.47	BG time = 870.368
5	0	0
15	0	0
25	0	0
35	0	0
45	0.00246118	0
55	0.00830648	0.00459576
65	0.0633754	0.00459576
75	0.143056	0.0149362
85	0.207047	0.00689364
95	0.211046	0.0114894
105	0.246426	0.0057447
115	0.252271	0.00804258
125	0.284574	0
135	0.285497	0.00229788
145	0.307032	0.0057447
155	0.314416	0.00804258
165	0.319031	0.00114894
175	0.307955	0.00689364
185	0.321184	0.00344682
195	0.320876	0.00114894
205	0.335028	0.00114894
215	0.323645	0.00229788
225	0.314416	0.00344682
235	0.342412	0.0057447
245	0.325799	0.00689364
255	0.322722	0.00459576
265	0.335644	0.00229788
275	0.324876	0.00459576
285	0.316262	0.00229788
295	0.318723	0.00344682
305	0.308878	0.00344682
315	0.313801	0.00229788
325	0.315646	0.00229788
335	0.295957	0.00229788
345	0.279959	0.00229788
355	0.289496	0
365	0.284882	0.00114894
375	0.282728	0.00229788
385	0.273191	0.00229788
395	0.256578	0.00689364
405	0.255655	0.00114894
415	0.252579	0.00459576
425	0.250425	0.00114894
435	0.240888	0
445	0.210739	0.00344682
455	0.221814	0.00459576
465	0.203355	0.00344682
475	0.220583	0.00114894
485	0.199663	0.00114894
495	0.187357	0.00229788
505	0.175667	0
515	0.166745	0.00344682
525	0.161207	0
535	0.160592	0.00229788
545	0.143979	0.00229788
555	0.13598	0.00344682
565	0.127058	0.00229788
575	0.115983	0.00344682
585	0.113522	0.00229788
595	0.116291	0.00114894
605	0.0929096	0
615	0.0839878	0.00459576
625	0.0673748	0.00344682
635	0.0707589	0.00344682
645	0.0636831	0.00114894
655	0.0606066	0.00114894
665	0.0483007	0.00114894
675	0.0498389	0
685	0.0409171	0.00459576
695	0.0307648	0.00459576
705	0.0335336	0
715	0.0310724	0.00344682
725	0.0227659	0.00114894
735	0.0172283	0.00229788
745	0.0181512	0.00114894
755	0.0129212	0.00689364
765	0.0110753	0.00114894
775	0.00984472	0.00229788
785	0.00984472	0.00114894
795	0.00738354	0.00344682
805	0.0064606	0
815	0.00461471	0.00229788
825	0.00338412	0.00229788
835	0.00246118	0.00344682
845	0.00184589	0
855	0.00399942	0.00114894
865	0.00276883	0.00114894
875	0.00184589	0.00229788
885	0.00369177	0.00459576
895	0.00215353	0.00114894
905	0.00215353	0.00114894
915	0.00338412	0
925	0.00153824	0.00229788
935	0.00399942	0.00114894
945	0.00123059	0.00229788
955	0.00215353	0
965	0.00215353	0.00229788
975	0.00184589	0.00229788
985	0.000307648	0.00229788
995	0.00123059	0.00229788
1005	0.00153824	0.00229788
1015	0.00123059	0.00229788
1025	0.00276883	0.00229788
1035	0.00184589	0.00114894
1045	0.00246118	0.00114894
1055	0.000922943	0.00229788
1065	0.00123059	0.00114894
1075	0.00184589	0
1085	0.00184589	0.00229788
1095	0.00338412	0
1105	0.00276883	0.00114894
1115	0.000615295	0
1125	0.00215353	0.00459576
1135	0.00123059	0.00229788
1145	0.00153824	0.00114894
1155	0.00276883	0.00114894
1165	0.00369177	0.00229788
1175	0.00246118	0.00114894
1185	0.00153824	0
1195	0.000307648	0.00114894
