FG time = 3243.89	BG time = 484.57
5	0	0
15	0	0
25	0	0
35	0	0
45	0	0
55	0	0
65	0	0
75	0	0
85	0	0
95	0	0
105	0.000308272	0
115	0.000924816	0
125	0.00123309	0
135	0.00123309	0.00206368
145	0.00277445	0
155	0.0021579	0
165	0.00246618	0.00412737
175	0.0055489	0
185	0.00616544	0
195	0.00431581	0
205	0.00400754	0
215	0.00400754	0
225	0.00585717	0
235	0.00739853	0.00206368
245	0.00709026	0
255	0.00678199	0
265	0.00863162	0
275	0.00832335	0
285	0.00616544	0
295	0.0107895	0
305	0.00863162	0
315	0.00832335	0
325	0.00924816	0
335	0.00801507	0
345	0.0110978	0
355	0.00986471	0
365	0.00863162	0.00206368
375	0.00893989	0
385	0.00863162	0
395	0.0104813	0
405	0.00924816	0
415	0.00924816	0
425	0.00832335	0
435	0.00739853	0
445	0.00462408	0
455	0.0110978	0
465	0.00863162	0
475	0.00524063	0
485	0.0077068	0
495	0.00678199	0
505	0.00524063	0
515	0.00647371	0
525	0.00647371	0
535	0.00709026	0.00206368
545	0.00369926	0
555	0.00246618	0.00206368
565	0.00524063	0.00206368
575	0.0021579	0.00412737
585	0.00369926	0
595	0.00585717	0
605	0.00246618	0
615	0.00123309	0.00206368
625	0.00184963	0
635	0.00184963	0
645	0.00154136	0.00206368
655	0.0021579	0
665	0.0021579	0
675	0.00123309	0
685	0.00123309	0
695	0.00184963	0.00206368
705	0.00123309	0.00206368
715	0.000308272	0
725	0.000616544	0
735	0.00123309	0
745	0.00123309	0
755	0.00123309	0.00206368
765	0.000308272	0.00206368
775	0.000616544	0.00206368
785	0.000616544	0.00412737
795	0.00184963	0
805	0.00184963	0.00206368
815	0.000308272	0.00206368
825	0.000616544	0.00412737
835	0.000308272	0
845	0.000308272	0
855	0.00123309	0
865	0.000924816	0
875	0.000308272	0
885	0.000924816	0
895	0.000616544	0
905	0.000616544	0
915	0.000924816	0
925	0.000308272	0
935	0	0
945	0.000308272	0
955	0.000616544	0
965	0.000616544	0
975	0.000616544	0
985	0.00246618	0
995	0.000616544	0
1005	0.000616544	0
1015	0.00123309	0
1025	0.000308272	0
1035	0.000616544	0.00206368
1045	0.00123309	0
1055	0.000616544	0.00206368
1065	0.000616544	0.00206368
1075	0.000924816	0.00206368
1085	0.000308272	0
1095	0.000616544	0.00206368
1105	0.000308272	0
1115	0.000308272	0
1125	0.000616544	0
1135	0	0
1145	0.000616544	0.00412737
1155	0.000616544	0
1165	0.000924816	0
1175	0.00123309	0
1185	0.000924816	0.00206368
1195	0.00154136	0.00412737
