FG time = 3619.58	BG time = 734.295
5	0	0
15	0	0
25	0	0
35	0	0
45	0.000276275	0
55	0.00497296	0.00136185
65	0.0254173	0.0081711
75	0.0875793	0.00953295
85	0.106366	0.00408555
95	0.133994	0.00680925
105	0.134822	0.0054474
115	0.15499	0.00680925
125	0.15278	0.00136185
135	0.15803	0.00136185
145	0.170462	0.00136185
155	0.172672	0.0027237
165	0.181789	0.0054474
175	0.180684	0.0054474
185	0.169909	0.0054474
195	0.179579	0.0027237
205	0.17433	0.00136185
215	0.169909	0.00136185
225	0.185657	0.00136185
235	0.188972	0.0027237
245	0.171291	0.00136185
255	0.179303	0.00680925
265	0.163279	0.0027237
275	0.188972	0.0027237
285	0.183723	0.0027237
295	0.172672	0.00136185
305	0.162726	0
315	0.178474	0.00136185
325	0.155819	0
335	0.163831	0
345	0.154714	0.00408555
355	0.152504	0.00136185
365	0.156372	0
375	0.14615	0
385	0.153057	0.0027237
395	0.141177	0.0027237
405	0.132612	0.0054474
415	0.135375	0.00136185
425	0.121837	0.0027237
435	0.118522	0.00408555
445	0.122943	0
455	0.112997	0.00136185
465	0.112168	0.0027237
475	0.116588	0.0027237
485	0.0980778	0.0054474
495	0.107747	0.00408555
505	0.0931048	0
515	0.0889607	0.00136185
525	0.0809487	0
535	0.0867505	0.0027237
545	0.0803961	0.0027237
555	0.062162	0
565	0.06824	0.00136185
575	0.0574653	0
585	0.0660298	0.00136185
595	0.0549788	0.0027237
605	0.05415	0.0027237
615	0.0436515	0.0027237
625	0.046138	0.0054474
635	0.0370209	0.00136185
645	0.0389548	0
655	0.0306666	0.0027237
665	0.0276275	0.00136185
675	0.0287326	0.0027237
685	0.0168528	0.00136185
695	0.0157477	0.0027237
705	0.0179579	0
715	0.0174053	0.0054474
725	0.0138138	0.00136185
735	0.0113273	0
745	0.00966964	0.00136185
755	0.0127087	0
765	0.00994591	0.00408555
775	0.00745944	0.0027237
785	0.00580178	0.00136185
795	0.00690688	0
805	0.00276275	0
815	0.00414413	0.00136185
825	0.0033153	0.00136185
835	0.00276275	0.0054474
845	0.00359158	0.00408555
855	0.00303903	0.0027237
865	0.00248648	0.0027237
875	0.00165765	0.00408555
885	0.00165765	0.00136185
895	0.000552551	0.00680925
905	0.0022102	0.0027237
915	0.00276275	0.00136185
925	0.00193393	0.00136185
935	0.00165765	0.00408555
945	0.00165765	0.00136185
955	0.00248648	0.00136185
965	0.00386786	0.0027237
975	0.00165765	0.00136185
985	0.00303903	0.00136185
995	0.00193393	0.0027237
1005	0.0022102	0.0027237
1015	0.0022102	0.00408555
1025	0.00138138	0.00408555
1035	0.00276275	0
1045	0.0033153	0.00136185
1055	0.0022102	0.00408555
1065	0.00138138	0.0027237
1075	0.00193393	0.00136185
1085	0.00303903	0.00136185
1095	0.00138138	0.00136185
1105	0.00248648	0.00136185
1115	0.0011051	0.00136185
1125	0.0022102	0.00136185
1135	0.0022102	0.0027237
1145	0.00193393	0
1155	0.00276275	0.00136185
1165	0.00165765	0.00136185
1175	0.0011051	0.00136185
1185	0.00193393	0
1195	0.0022102	0
