FG time = 1512.37	BG time = 612.739
5	0	0
15	0	0
25	0	0
35	0	0
45	0	0
55	0.00264486	0
65	0.015208	0.00326403
75	0.04893	0.00326403
85	0.076701	0.00816008
95	0.0819908	0.00652807
105	0.0852968	0.00489605
115	0.0912478	0.0097921
125	0.0971987	0
135	0.109101	0.00326403
145	0.101166	0.00163202
155	0.0839744	0.00489605
165	0.119019	0
175	0.0971987	0.00163202
185	0.113068	0.00326403
195	0.0965375	0
205	0.123647	0.00163202
215	0.103811	0.00326403
225	0.110423	0
235	0.105133	0
245	0.0985212	0.00163202
255	0.145467	0
265	0.107117	0.00163202
275	0.0991824	0.00163202
285	0.0991824	0
295	0.0958763	0
305	0.0952151	0.00326403
315	0.0912478	0
325	0.103811	0
335	0.100505	0.00489605
345	0.101827	0.00163202
355	0.0806683	0
365	0.0985212	0.00326403
375	0.0971987	0
385	0.0852968	0
395	0.076701	0.00489605
405	0.0727337	0
415	0.0760398	0
425	0.103811	0
435	0.0714113	0
445	0.0780235	0
455	0.0747174	0
465	0.0694277	0.00326403
475	0.0780235	0.00163202
485	0.0641379	0
495	0.0588482	0
505	0.0634767	0
515	0.0568646	0
525	0.0555421	0
535	0.0370281	0.00326403
545	0.04893	0.00163202
555	0.0469463	0.00163202
565	0.0403342	0
575	0.0469463	0.00163202
585	0.0350444	0
595	0.0277711	0
605	0.0323996	0.00489605
615	0.0370281	0.00326403
625	0.024465	0.00163202
635	0.0257874	0
645	0.0257874	0.00489605
655	0.0204977	0.00163202
665	0.0158692	0.00163202
675	0.0165304	0
685	0.0145467	0
695	0.0165304	0.00163202
705	0.015208	0.00326403
715	0.00793459	0
725	0.0132243	0.00489605
735	0.00462851	0.00163202
745	0.00595094	0
755	0.00396729	0.00163202
765	0.00264486	0.00163202
775	0.00330608	0
785	0.00462851	0
795	0.00396729	0.00163202
805	0.000661216	0.00163202
815	0.00264486	0
825	0.00264486	0
835	0.000661216	0
845	0.00330608	0.00163202
855	0.000661216	0
865	0.00330608	0
875	0.000661216	0.00163202
885	0.00330608	0
895	0.000661216	0.00326403
905	0.000661216	0.00163202
915	0.000661216	0
925	0.00264486	0.00163202
935	0.00264486	0
945	0.00198365	0.00163202
955	0.00198365	0.00163202
965	0.00264486	0
975	0	0
985	0.00264486	0.00163202
995	0	0
1005	0.00132243	0
1015	0	0
1025	0	0.00163202
1035	0.00132243	0
1045	0.00198365	0
1055	0.000661216	0
1065	0	0.00163202
1075	0.00132243	0.00163202
1085	0	0
1095	0.000661216	0
1105	0	0.00163202
1115	0.00132243	0.00163202
1125	0.000661216	0
1135	0	0
1145	0.00198365	0
1155	0	0.00163202
1165	0.000661216	0.00163202
1175	0.00264486	0
1185	0	0
1195	0.00132243	0
