FG time = 2825.56	BG time = 304.8
5	0	0
15	0	0
25	0	0
35	0	0
45	0.000353912	0
55	0.00141565	0
65	0.0138026	0
75	0.0438851	0.00328084
85	0.0721981	0.00656168
95	0.0955563	0.00984252
105	0.125639	0.00328084
115	0.141565	0.00656168
125	0.148643	0
135	0.160676	0.00328084
145	0.165631	0
155	0.192882	0
165	0.203853	0.00328084
175	0.192174	0
185	0.20987	0.00656168
195	0.21801	0
205	0.243845	0
215	0.214117	0
225	0.227919	0.00656168
235	0.230751	0.00656168
245	0.233582	0
255	0.239952	0
265	0.225796	0.00656168
275	0.234644	0
285	0.235705	0.00328084
295	0.228627	0
305	0.237475	0
315	0.232166	0
325	0.240306	0
335	0.234998	0.00328084
345	0.237121	0.00656168
355	0.202792	0
365	0.222257	0
375	0.224734	0
385	0.204915	0.00328084
395	0.223672	0.00656168
405	0.207039	0
415	0.213055	0
425	0.190759	0
435	0.189697	0
445	0.186866	0.00328084
455	0.18368	0
465	0.171647	0
475	0.169524	0
485	0.166693	0
495	0.141565	0.00328084
505	0.138734	0.00328084
515	0.143688	0
525	0.134841	0
535	0.117499	0
545	0.121038	0
555	0.115021	0
565	0.112898	0
575	0.0980337	0.00328084
585	0.0895398	0
595	0.0909554	0
605	0.0789224	0
615	0.084585	0.00328084
625	0.0743215	0
635	0.0661816	0
645	0.0675972	0
655	0.056272	0
665	0.0545025	0
675	0.0396382	0.00328084
685	0.0346834	0
695	0.0314982	0
705	0.0276051	0.00984252
715	0.0258356	0.00328084
725	0.0208808	0.00328084
735	0.0219426	0.00328084
745	0.0130947	0
755	0.0109713	0.00328084
765	0.0102635	0.00656168
775	0.00743215	0
785	0.0088478	0
795	0.00389303	0.00656168
805	0.00318521	0.00656168
815	0.00353912	0.00984252
825	0.00353912	0
835	0.00424695	0
845	0.00247738	0
855	0.00247738	0
865	0.00106174	0.00328084
875	0.00212347	0.00328084
885	0.0028313	0.00656168
895	0.00318521	0
905	0.00141565	0.00328084
915	0.00212347	0.00328084
925	0.00176956	0.00328084
935	0.00247738	0
945	0.00141565	0
955	0.00247738	0.00328084
965	0.00176956	0.00328084
975	0.00141565	0
985	0.00176956	0
995	0.00212347	0
1005	0.00389303	0.00328084
1015	0.00389303	0.00328084
1025	0.00176956	0
1035	0.00176956	0.00328084
1045	0.00176956	0.00328084
1055	0.00212347	0.00328084
1065	0.00247738	0
1075	0.00141565	0.00984252
1085	0.00318521	0.00328084
1095	0.0028313	0
1105	0.0028313	0.00328084
1115	0.00212347	0.00328084
1125	0.0028313	0
1135	0.00176956	0
1145	0.00353912	0
1155	0.00247738	0.00328084
1165	0.00212347	0
1175	0.00141565	0
1185	0.00176956	0.00328084
1195	0.00212347	0
