FG time = 2412.78	BG time = 493.532
5	0	0
15	0	0
25	0	0
35	0	0
45	0	0
55	0	0
65	0	0
75	0	0
85	0	0
95	0	0
105	0	0
115	0	0
125	0	0
135	0.00041446	0
145	0	0
155	0.00041446	0
165	0.000828921	0
175	0.00165784	0
185	0.00124338	0
195	0.00248676	0
205	0.00373014	0
215	0.0020723	0
225	0.00455906	0
235	0.00290122	0
245	0.0020723	0
255	0.0041446	0
265	0.00580244	0
275	0.00248676	0
285	0.00746028	0
295	0.0041446	0
305	0.00497352	0.00202621
315	0.00663136	0
325	0.0062169	0
335	0.00373014	0
345	0.00538798	0
355	0.0041446	0
365	0.0041446	0
375	0.00373014	0
385	0.0041446	0.00405242
395	0.00290122	0.00202621
405	0.00373014	0
415	0.00290122	0.00202621
425	0.00248676	0.00202621
435	0.00331568	0
445	0.0062169	0
455	0.0062169	0
465	0.0062169	0
475	0.00455906	0
485	0.00580244	0
495	0.00331568	0
505	0.0020723	0
515	0.00538798	0
525	0.00373014	0
535	0.00373014	0
545	0.00373014	0.00202621
555	0.00248676	0
565	0.00165784	0
575	0.0020723	0.00405242
585	0.00331568	0.00202621
595	0.00331568	0
605	0.00331568	0
615	0.00248676	0
625	0.00041446	0.00202621
635	0.00165784	0
645	0.0020723	0
655	0.00248676	0
665	0.00124338	0
675	0.00331568	0
685	0.00248676	0
695	0.00124338	0
705	0	0
715	0.0020723	0
725	0.00041446	0
735	0.000828921	0
745	0.00041446	0
755	0	0
765	0.000828921	0.00405242
775	0.000828921	0
785	0.00041446	0.00202621
795	0.000828921	0
805	0.000828921	0
815	0.00041446	0.00405242
825	0.000828921	0
835	0.00041446	0
845	0.00124338	0
855	0.00124338	0
865	0.00041446	0.00202621
875	0	0.00405242
885	0.00041446	0.00202621
895	0.00041446	0
905	0	0.00202621
915	0	0
925	0.00041446	0
935	0.00041446	0
945	0.00041446	0.00202621
955	0.00124338	0
965	0.00041446	0.00202621
975	0.00124338	0.00202621
985	0.00041446	0
995	0.000828921	0
1005	0.00124338	0
1015	0.000828921	0
1025	0.00041446	0
1035	0.00041446	0.00405242
1045	0.00124338	0
1055	0.00041446	0.00202621
1065	0.000828921	0
1075	0.00124338	0
1085	0.00124338	0.00202621
1095	0.00165784	0.00202621
1105	0.000828921	0
1115	0.00041446	0.00810484
1125	0	0
1135	0.00041446	0.00202621
1145	0	0
1155	0.000828921	0
1165	0.00165784	0
1175	0.00124338	0
1185	0.000828921	0
1195	0.000828921	0
