FG time = 3312.79	BG time = 733.209
5	0	0
15	0	0
25	0	0
35	0	0
45	0	0
55	0	0
65	0	0
75	0	0
85	0	0
95	0	0
105	0	0
115	0	0
125	0.00030186	0
135	0	0
145	0.00030186	0
155	0.00030186	0
165	0.00181116	0
175	0.00181116	0.00136387
185	0.00241488	0
195	0.00362232	0
205	0.0045279	0
215	0.00362232	0
225	0.00271674	0.00136387
235	0.00513162	0
245	0.0060372	0
255	0.0060372	0.00136387
265	0.00482976	0
275	0.00362232	0
285	0.0045279	0.00136387
295	0.0060372	0
305	0.00633907	0
315	0.00664093	0.00272773
325	0.00754651	0
335	0.0060372	0
345	0.00513162	0
355	0.00784837	0
365	0.00754651	0.00272773
375	0.00573534	0
385	0.00664093	0
395	0.00543348	0.00272773
405	0.00694279	0.00272773
415	0.0045279	0.00136387
425	0.00754651	0
435	0.00633907	0.00136387
445	0.00482976	0
455	0.00543348	0
465	0.00271674	0.00272773
475	0.00422604	0.00136387
485	0.0045279	0.00136387
495	0.00422604	0
505	0.00332046	0
515	0.00271674	0.00272773
525	0.0045279	0.00136387
535	0.00422604	0.00136387
545	0.00362232	0
555	0.00271674	0.00136387
565	0.0030186	0.00136387
575	0.00241488	0
585	0.00241488	0
595	0.00271674	0
605	0.0015093	0.00136387
615	0.00332046	0
625	0.00211302	0
635	0.00332046	0.00136387
645	0.00241488	0
655	0.00120744	0
665	0.000905581	0
675	0.0030186	0
685	0.00120744	0
695	0.00120744	0.00136387
705	0.00181116	0
715	0.00060372	0
725	0.00181116	0.00136387
735	0.00030186	0.00272773
745	0.000905581	0
755	0.000905581	0
765	0.0015093	0.00136387
775	0.00030186	0.00272773
785	0.00181116	0.00136387
795	0.00030186	0.00136387
805	0	0
815	0.00181116	0
825	0.00030186	0
835	0.00060372	0
845	0.00181116	0.00136387
855	0.00030186	0
865	0.00030186	0
875	0	0
885	0.00060372	0
895	0.000905581	0
905	0.00060372	0.00136387
915	0.00060372	0
925	0.000905581	0
935	0.00030186	0.00136387
945	0	0
955	0	0
965	0.00211302	0.00136387
975	0.000905581	0.00136387
985	0.00060372	0
995	0.000905581	0.00136387
1005	0.00030186	0.00136387
1015	0.00060372	0.00136387
1025	0.00060372	0.00136387
1035	0.00030186	0
1045	0.000905581	0
1055	0.000905581	0
1065	0.00030186	0
1075	0	0.00136387
1085	0.00030186	0.00136387
1095	0.000905581	0
1105	0.00030186	0
1115	0.000905581	0.00272773
1125	0	0
1135	0.00060372	0.00136387
1145	0.000905581	0
1155	0.00060372	0.00136387
1165	0.000905581	0.00136387
1175	0.00060372	0
1185	0.00060372	0
1195	0.00060372	0.00272773
