FG time = 3604.6	BG time = 485.001
5	0	0
15	0	0
25	0	0
35	0	0
45	0	0
55	0	0
65	0	0
75	0	0
85	0	0
95	0	0
105	0	0
115	0.000277423	0
125	0.000277423	0
135	0.00138712	0
145	0	0
155	0.00138712	0
165	0.00083227	0
175	0.00166454	0
185	0.00166454	0
195	0.00277423	0
205	0.00277423	0
215	0.00332908	0
225	0.00305166	0
235	0.00443878	0
245	0.00582589	0
255	0.0036065	0
265	0.00305166	0
275	0.00277423	0
285	0.00527105	0
295	0.00527105	0
305	0.00804528	0
315	0.00638074	0
325	0.00554847	0
335	0.00582589	0
345	0.00582589	0
355	0.00693559	0
365	0.00499362	0
375	0.00416135	0.00206185
385	0.00749043	0
395	0.00582589	0
405	0.00554847	0
415	0.00388393	0
425	0.00443878	0.0041237
435	0.00443878	0
445	0.00388393	0
455	0.0047162	0
465	0.00443878	0
475	0.00416135	0
485	0.00499362	0
495	0.00388393	0
505	0.00443878	0.00206185
515	0.00443878	0
525	0.00721301	0
535	0.00527105	0
545	0.00332908	0.0041237
555	0.00499362	0.00206185
565	0.00221939	0.00206185
575	0.00249681	0
585	0.00194196	0
595	0.00194196	0
605	0.00305166	0
615	0.00110969	0
625	0.00194196	0
635	0.000554847	0
645	0.00166454	0
655	0.00305166	0
665	0.00138712	0
675	0.00083227	0
685	0.000277423	0.00206185
695	0.00194196	0
705	0.00138712	0
715	0.00138712	0
725	0	0
735	0.00083227	0
745	0.000554847	0
755	0.00110969	0
765	0.00083227	0.0041237
775	0.00166454	0
785	0.000554847	0
795	0.000277423	0.00206185
805	0.00166454	0
815	0.00083227	0
825	0.00138712	0.00206185
835	0.00110969	0
845	0.000554847	0.00206185
855	0.00083227	0
865	0.00083227	0
875	0.000554847	0
885	0.00110969	0
895	0	0.0041237
905	0.000554847	0
915	0.00083227	0
925	0.000277423	0
935	0.00083227	0
945	0.00083227	0
955	0.000554847	0
965	0.000554847	0
975	0.000554847	0
985	0.00083227	0
995	0.00110969	0.0041237
1005	0.00138712	0.00206185
1015	0.00083227	0
1025	0.00166454	0
1035	0.000277423	0
1045	0.000554847	0
1055	0.000277423	0
1065	0.000554847	0
1075	0.000554847	0
1085	0.000277423	0
1095	0.00083227	0
1105	0.00166454	0
1115	0.00083227	0
1125	0.000277423	0.00206185
1135	0.00194196	0
1145	0.00110969	0.00206185
1155	0.00166454	0
1165	0.000554847	0
1175	0.00083227	0.0041237
1185	0.000554847	0
1195	0.00166454	0.00206185
