FG time = 3011.92	BG time = 487.239
5	0	0
15	0	0
25	0	0
35	0	0
45	0.00132806	0
55	0.0136126	0.00820952
65	0.04781	0.016419
75	0.0916359	0.00615714
85	0.113217	0.00205238
95	0.142766	0.00820952
105	0.130482	0
115	0.139446	0.00820952
125	0.140442	0.00820952
135	0.142102	0.00205238
145	0.149738	0.00410476
155	0.156711	0
165	0.133138	0.00205238
175	0.153391	0.00615714
185	0.15173	0
195	0.167335	0.00615714
205	0.155383	0.00205238
215	0.152063	0
225	0.152727	0.00410476
235	0.156047	0.00615714
245	0.156047	0
255	0.163351	0.00205238
265	0.161027	0.00205238
275	0.156047	0.00205238
285	0.147414	0
295	0.157043	0
305	0.155051	0
315	0.14509	0.00410476
325	0.152727	0
335	0.136126	0.00205238
345	0.156711	0
355	0.138118	0
365	0.133802	0
375	0.135794	0.00205238
385	0.139446	0.00410476
395	0.121849	0
405	0.130814	0.00205238
415	0.127493	0.00205238
425	0.118529	0
435	0.102592	0
445	0.104584	0
455	0.106909	0
465	0.108569	0.00205238
475	0.0883158	0
485	0.0793514	0.00205238
495	0.0866557	0.00410476
505	0.0889798	0.00410476
515	0.0747032	0.00205238
525	0.0753672	0.00205238
535	0.0673989	0.00615714
545	0.069391	0
555	0.0667349	0
565	0.0590985	0
575	0.0607586	0
585	0.0544503	0
595	0.047146	0
605	0.047146	0
615	0.0361895	0
625	0.0378496	0.00410476
635	0.0345295	0.00205238
645	0.0278892	0
655	0.0282212	0.00205238
665	0.0219129	0
675	0.0202529	0.00205238
685	0.0212489	0.00615714
695	0.0146086	0
705	0.0129486	0.00615714
715	0.0126165	0
725	0.00896438	0
735	0.0109565	0
745	0.00863237	0.00205238
755	0.00498021	0
765	0.00398417	0
775	0.0046482	0.00205238
785	0.00298813	0.00205238
795	0.00564424	0
805	0.00431618	0
815	0.00431618	0
825	0.00298813	0
835	0.00265611	0.00410476
845	0.0023241	0.00205238
855	0.00199209	0.00205238
865	0.00199209	0
875	0.000664028	0.00205238
885	0.000996043	0.00205238
895	0.000664028	0
905	0.0023241	0
915	0.0023241	0
925	0.00166007	0.00205238
935	0.00199209	0.00205238
945	0.000664028	0
955	0.00166007	0.00205238
965	0.00132806	0
975	0.000332014	0.00410476
985	0.00166007	0
995	0.00166007	0
1005	0.00265611	0.00205238
1015	0.00332014	0.00410476
1025	0.000664028	0
1035	0.000332014	0
1045	0.00199209	0
1055	0.000664028	0
1065	0.000664028	0.00205238
1075	0.000332014	0
1085	0.000996043	0.00205238
1095	0.00166007	0.00205238
1105	0.00132806	0
1115	0.00132806	0.00410476
1125	0.000332014	0.00205238
1135	0.00166007	0.00205238
1145	0.00265611	0
1155	0.00199209	0.00205238
1165	0.000332014	0
1175	0.00132806	0.00205238
1185	0.00166007	0
1195	0.000664028	0
