FG time = 3313.24	BG time = 733.378
5	0	0
15	0	0
25	0	0
35	0.000301819	0
45	0.00271637	0
55	0.00694184	0.00272711
65	0.0241455	0.00545421
75	0.0494984	0.00818132
85	0.0624766	0.00681776
95	0.0823967	0.00545421
105	0.0962803	0.00545421
115	0.103222	0.00409066
125	0.111673	0.00545421
135	0.122539	0.00409066
145	0.130084	0.00136355
155	0.142157	0.00681776
165	0.127368	0.00681776
175	0.130688	0.00136355
185	0.13431	0.00272711
195	0.127971	0.00136355
205	0.147891	0
215	0.153626	0.00409066
225	0.156342	0.00136355
235	0.162982	0
245	0.149702	0
255	0.140648	0.00272711
265	0.155135	0
275	0.141855	0.00136355
285	0.139742	0.00136355
295	0.166302	0.00136355
305	0.142157	0.00136355
315	0.145779	0.00545421
325	0.147288	0
335	0.147891	0.00272711
345	0.138837	0
355	0.143666	0.00409066
365	0.134008	0
375	0.140044	0
385	0.123142	0
395	0.131593	0
405	0.116502	0
415	0.118011	0.00272711
425	0.116502	0.00136355
435	0.115295	0
445	0.101411	0
455	0.0920549	0.00136355
465	0.102317	0
475	0.0971858	0
485	0.0932621	0.00272711
495	0.0926585	0.00136355
505	0.0808876	0.00136355
515	0.0790766	0
525	0.0739457	0.00136355
535	0.0769639	0
545	0.0697202	0.00272711
555	0.0679093	0
565	0.0597602	0.00272711
575	0.0603638	0.00136355
585	0.050102	0
595	0.0473856	0.00272711
605	0.0491965	0.00136355
615	0.0419529	0.00272711
625	0.0416511	0.00136355
635	0.0371238	0.00272711
645	0.0359165	0
655	0.0307856	0.00136355
665	0.0271637	0.00272711
675	0.0280692	0.00272711
685	0.0241455	0.00409066
695	0.021731	0.00136355
705	0.0147891	0
715	0.0102619	0
725	0.0135819	0
735	0.00996003	0.00136355
745	0.00814912	0.00409066
755	0.00996003	0.00272711
765	0.00754548	0
775	0.00362183	0.00136355
785	0.00482911	0.00545421
795	0.00241455	0
805	0.00422547	0.00272711
815	0.00452729	0.00545421
825	0.00482911	0.00136355
835	0.0015091	0.00136355
845	0.00120728	0
855	0.00181092	0.00136355
865	0.00120728	0.00136355
875	0.00181092	0
885	0.00120728	0.00136355
895	0.00241455	0.00136355
905	0.000905458	0.00272711
915	0.000905458	0
925	0.0015091	0.00136355
935	0.00211273	0.00136355
945	0.00120728	0
955	0.0015091	0.00136355
965	0.00241455	0.00272711
975	0.00271637	0.00272711
985	0.000603638	0
995	0.00181092	0.00272711
1005	0.00120728	0.00136355
1015	0.0015091	0
1025	0.000905458	0.00136355
1035	0.000905458	0
1045	0.0015091	0.00136355
1055	0.000603638	0.00136355
1065	0.00211273	0.00272711
1075	0.00181092	0.00136355
1085	0.00181092	0
1095	0.0015091	0
1105	0.0015091	0
1115	0.00211273	0
1125	0.000905458	0
1135	0.0015091	0
1145	0.00211273	0.00272711
1155	0.0015091	0
1165	0.00120728	0
1175	0.00120728	0.00136355
1185	0.000603638	0.00272711
1195	0.0015091	0
