FG time = 3544.89	BG time = 544.636
5	0	0
15	0	0
25	0	0
35	0	0
45	0	0
55	0	0
65	0	0
75	0	0
85	0	0
95	0	0
105	0	0
115	0	0
125	0.000282096	0
135	0	0
145	0.000282096	0
155	0.00141048	0
165	0.00141048	0
175	0.00197467	0.00183609
185	0.00507773	0.00183609
195	0.00282096	0.00183609
205	0.00253886	0
215	0.00338515	0
225	0.00620611	0
235	0.00423144	0
245	0.00479563	0
255	0.00564192	0
265	0.00451354	0
275	0.00479563	0
285	0.00761659	0
295	0.00874498	0
305	0.00874498	0
315	0.0101555	0
325	0.00846288	0
335	0.0110017	0
345	0.00620611	0
355	0.00902707	0.00183609
365	0.00930917	0
375	0.00535982	0
385	0.00959126	0
395	0.00620611	0.00183609
405	0.00592402	0
415	0.00789869	0
425	0.00564192	0.00367217
435	0.00818078	0.00183609
445	0.0073345	0
455	0.0070524	0.00183609
465	0.00564192	0.00183609
475	0.00479563	0
485	0.00620611	0.00183609
495	0.00535982	0
505	0.00846288	0.00183609
515	0.00620611	0.00183609
525	0.00366725	0
535	0.00620611	0
545	0.00564192	0
555	0.00253886	0.00183609
565	0.00338515	0
575	0.00423144	0
585	0.00479563	0.00183609
595	0.00423144	0.00183609
605	0.00310306	0
615	0.00338515	0
625	0.00282096	0
635	0.00169258	0.00183609
645	0.00282096	0
655	0.00338515	0
665	0.00253886	0
675	0.00112838	0
685	0.00169258	0
695	0.000564192	0
705	0.00141048	0
715	0.00197467	0
725	0.000282096	0.00183609
735	0.000282096	0
745	0.000846288	0
755	0	0.00183609
765	0.00169258	0
775	0.000564192	0
785	0.000282096	0
795	0.000564192	0
805	0.000564192	0.00183609
815	0.000564192	0.00183609
825	0.000282096	0
835	0.000564192	0
845	0.000282096	0
855	0.000564192	0
865	0.000846288	0
875	0.000282096	0
885	0.000564192	0
895	0.000564192	0.00183609
905	0.000564192	0
915	0.000282096	0
925	0.000564192	0
935	0.000846288	0
945	0.000282096	0
955	0	0
965	0.000564192	0
975	0.000564192	0
985	0.000282096	0
995	0	0
1005	0.00112838	0.00183609
1015	0	0
1025	0.000846288	0.00183609
1035	0.000564192	0
1045	0.00141048	0
1055	0	0
1065	0.000282096	0
1075	0.000564192	0
1085	0.000282096	0
1095	0.000564192	0
1105	0.000846288	0.00183609
1115	0.000846288	0
1125	0.000564192	0
1135	0.000564192	0
1145	0.000846288	0
1155	0.00112838	0
1165	0	0
1175	0.000564192	0.00183609
1185	0.000846288	0
1195	0.00112838	0
