FG time = 3250.46	BG time = 485.946
5	0	0
15	0	0
25	0	0
35	0	0
45	0.00430708	0
55	0.034149	0.0164627
65	0.0799886	0.0144049
75	0.136904	0.012347
85	0.171975	0.00617352
95	0.20151	0.0185206
105	0.20674	0.012347
115	0.22366	0.0102892
125	0.277499	0.00411568
135	0.262732	0.00617352
145	0.268269	0.00617352
155	0.263655	0.00823136
165	0.292574	0.00617352
175	0.296573	0
185	0.303034	0
195	0.31534	0.00205784
205	0.31534	0
215	0.318416	0.00205784
225	0.307033	0.00411568
235	0.309494	0.00823136
245	0.326415	0.00205784
255	0.327646	0.00411568
265	0.318108	0.00205784
275	0.30611	0
285	0.31657	0
295	0.326415	0
305	0.335337	0.00617352
315	0.314417	0.00411568
325	0.313494	0
335	0.29565	0.00617352
345	0.297496	0
355	0.296265	0.00823136
365	0.283036	0.00205784
375	0.277499	0.00823136
385	0.267039	0.00205784
395	0.267962	0
405	0.260578	0.00617352
415	0.246119	0.00205784
425	0.240889	0.00205784
435	0.239658	0.00205784
445	0.225199	0.00205784
455	0.225814	0
465	0.205817	0.00411568
475	0.183666	0.00205784
485	0.18182	0.00205784
495	0.17659	0.00411568
505	0.166438	0
515	0.167361	0.00205784
525	0.158747	0
535	0.148594	0
545	0.148287	0
555	0.131981	0.00205784
565	0.130751	0
575	0.127982	0
585	0.110446	0.00205784
595	0.107677	0.00823136
605	0.101832	0.00205784
615	0.0830651	0.00205784
625	0.0907563	0.00205784
635	0.0698362	0
645	0.0729127	0.00205784
655	0.0618373	0.00205784
665	0.0519926	0
675	0.0504543	0.00205784
685	0.0350719	0.00205784
695	0.0344566	0
705	0.0307648	0.00205784
715	0.0273807	0
725	0.0193818	0.00205784
735	0.0203048	0.00205784
745	0.0150748	0.00617352
755	0.0126136	0.00205784
765	0.01046	0.00617352
775	0.00922945	0.00411568
785	0.00984475	0
795	0.00646062	0.00205784
805	0.00707591	0.00617352
815	0.00707591	0.00411568
825	0.00769121	0
835	0.00615297	0
845	0.00307648	0.00205784
855	0.00215354	0
865	0.00338413	0.00411568
875	0.00430708	0.00411568
885	0.000615297	0.00411568
895	0.00184589	0
905	0.00215354	0
915	0.00307648	0.00205784
925	0.00246119	0.00617352
935	0.00246119	0
945	0.00153824	0
955	0.00184589	0
965	0.00307648	0
975	0.00307648	0.00205784
985	0.00246119	0
995	0.00184589	0
1005	0.00215354	0.00205784
1015	0.00369178	0.00617352
1025	0.00215354	0
1035	0.00369178	0.00205784
1045	0.00215354	0.00205784
1055	0.00215354	0
1065	0.00246119	0.00411568
1075	0.00369178	0.00411568
1085	0.00307648	0.00205784
1095	0.00153824	0.00205784
1105	0.00338413	0
1115	0.00123059	0
1125	0.00276884	0.00205784
1135	0.00123059	0.00205784
1145	0.00369178	0.00411568
1155	0.00369178	0
1165	0.00399943	0.00205784
1175	0.00307648	0.00205784
1185	0.00246119	0
1195	0.00123059	0.00205784
