FG time = 3012.94	BG time = 613.288
5	0	0
15	0	0
25	0	0
35	0.00199141	0
45	0.00265521	0.00652222
55	0.0142718	0.00815277
65	0.033522	0.0114139
75	0.0544318	0.0114139
85	0.0677079	0.0114139
95	0.0637251	0.00978333
105	0.084303	0.00163055
115	0.087622	0.00326111
125	0.0972471	0
135	0.102226	0.00326111
145	0.113842	0.00163055
155	0.111187	0.00163055
165	0.115502	0.00163055
175	0.123135	0.00163055
185	0.118489	0.00163055
195	0.111519	0.00326111
205	0.117161	0.00326111
215	0.12048	0
225	0.128446	0.00326111
235	0.124795	0
245	0.130105	0.00163055
255	0.138735	0.00163055
265	0.132097	0.00489166
275	0.132429	0
285	0.131765	0.00326111
295	0.127782	0.00163055
305	0.126786	0
315	0.125127	0
325	0.122804	0
335	0.114174	0.00163055
345	0.119153	0.00326111
355	0.116497	0.00163055
365	0.110855	0.00163055
375	0.121476	0
385	0.116497	0.00163055
395	0.106208	0
405	0.103221	0.00163055
415	0.0952557	0
425	0.104549	0.00326111
435	0.0995704	0.00326111
445	0.0992385	0.00163055
455	0.09426	0.00163055
465	0.097579	0
475	0.0862944	0
485	0.0846349	0
495	0.074014	0
505	0.0796563	0
515	0.0763373	0
525	0.0587466	0.00163055
535	0.0720226	0
545	0.0604061	0.00326111
555	0.0507809	0
565	0.0524404	0.00652222
575	0.0444748	0.00163055
585	0.0474619	0
595	0.037173	0.00163055
605	0.0434791	0
615	0.0398282	0.00326111
625	0.0328582	0
635	0.0331901	0.00163055
645	0.0378368	0
655	0.0278797	0.00163055
665	0.0278797	0.00163055
675	0.0185865	0
685	0.0195822	0
695	0.0185865	0.00163055
705	0.0172589	0.00163055
715	0.0185865	0.00326111
725	0.0119485	0
735	0.00929324	0.00326111
745	0.00862944	0.00163055
755	0.00730183	0.00163055
765	0.00497852	0.00163055
775	0.00398282	0.00326111
785	0.00265521	0.00163055
795	0.00331901	0.00163055
805	0.00232331	0.00326111
815	0.00298711	0
825	0.00199141	0.00163055
835	0.00298711	0.00163055
845	0.000995704	0.00163055
855	0.00199141	0.00163055
865	0.000331901	0.00326111
875	0.00165951	0.00163055
885	0.000995704	0.00326111
895	0.00132761	0.00163055
905	0.00165951	0.00163055
915	0.000663803	0.00163055
925	0.000331901	0.00163055
935	0.00199141	0.00163055
945	0.00232331	0
955	0.000663803	0
965	0.00232331	0.00163055
975	0.000663803	0
985	0.00199141	0
995	0.000663803	0
1005	0.00165951	0
1015	0.00199141	0.00163055
1025	0.00199141	0
1035	0.00165951	0
1045	0.00165951	0
1055	0.000663803	0.00163055
1065	0.00199141	0
1075	0.000995704	0.00163055
1085	0.000995704	0.00163055
1095	0.000995704	0
1105	0.00165951	0.00326111
1115	0.00132761	0.00163055
1125	0	0
1135	0.000995704	0
1145	0.00132761	0.00326111
1155	0.000663803	0.00163055
1165	0.000331901	0
1175	0.000995704	0.00163055
1185	0.00165951	0.00163055
1195	0.000663803	0.00163055
