FG time = 1418.75	BG time = 365.364
5	0	0
15	0	0
25	0	0
35	0	0
45	0	0
55	0	0
65	0	0
75	0.0014097	0
85	0.0014097	0
95	0.000704848	0.002737
105	0.00211454	0.002737
115	0.00704848	0
125	0.00704848	0
135	0.00493394	0.002737
145	0.00422909	0
155	0.00634363	0
165	0.00704848	0
175	0.00563878	0
185	0.00563878	0.002737
195	0.00634363	0
205	0.00775333	0
215	0.00916302	0
225	0.00634363	0.002737
235	0.00493394	0
245	0.00352424	0
255	0.00281939	0.002737
265	0.0105727	0
275	0.0105727	0
285	0.00845818	0
295	0.00422909	0
305	0.00704848	0
315	0.00634363	0
325	0.00845818	0
335	0.00352424	0.002737
345	0.00281939	0
355	0.00422909	0.002737
365	0.00422909	0
375	0.00281939	0
385	0.00422909	0
395	0.00281939	0
405	0.00211454	0
415	0.00211454	0
425	0.00211454	0
435	0.00352424	0
445	0.00352424	0
455	0.0014097	0
465	0.00281939	0
475	0.00211454	0
485	0.00281939	0
495	0.0014097	0
505	0.000704848	0
515	0.000704848	0
525	0.00281939	0
535	0.000704848	0
545	0.00211454	0
555	0.00211454	0
565	0	0
575	0.000704848	0
585	0	0
595	0.000704848	0
605	0.00211454	0
615	0	0
625	0.0014097	0
635	0	0
645	0.0014097	0
655	0.000704848	0
665	0.0014097	0
675	0	0
685	0.000704848	0
695	0.000704848	0
705	0.000704848	0
715	0	0
725	0	0
735	0	0
745	0	0
755	0.000704848	0
765	0.000704848	0.002737
775	0	0
785	0	0
795	0.000704848	0
805	0	0
815	0.000704848	0
825	0	0
835	0.000704848	0
845	0.000704848	0
855	0	0
865	0	0.002737
875	0	0
885	0	0
895	0	0
905	0	0
915	0	0
925	0	0
935	0	0
945	0	0
955	0	0
965	0	0
975	0	0
985	0	0
995	0	0
1005	0	0
1015	0	0
1025	0	0
1035	0.000704848	0
1045	0	0
1055	0	0.002737
1065	0	0
1075	0	0
1085	0.000704848	0
1095	0	0
1105	0	0
1115	0	0
1125	0	0
1135	0	0
1145	0	0
1155	0	0
1165	0	0
1175	0.000704848	0
1185	0	0
1195	0	0
