FG time = 3019.38	BG time = 615.184
5	0	0
15	0	0
25	0	0
35	0	0
45	0	0
55	0	0
65	0	0
75	0	0
85	0	0
95	0	0
105	0	0
115	0.000331194	0
125	0.000662388	0
135	0	0
145	0.00298075	0
155	0.00132478	0
165	0.00298075	0
175	0.00662388	0
185	0.00529911	0
195	0.00927344	0
205	0.00629269	0
215	0.00364314	0
225	0.00695508	0
235	0.00695508	0.00162553
245	0.0059615	0
255	0.00794866	0.00162553
265	0.00960463	0
275	0.0122542	0
285	0.00894224	0
295	0.0122542	0
305	0.00861105	0
315	0.011923	0
325	0.00927344	0
335	0.00894224	0.00162553
345	0.00927344	0.00162553
355	0.00894224	0.00162553
365	0.0059615	0
375	0.0132478	0
385	0.00496791	0
395	0.00529911	0
405	0.00728627	0
415	0.011923	0.00162553
425	0.010267	0
435	0.00629269	0
445	0.0059615	0
455	0.00827986	0.00162553
465	0.00761747	0.00325106
475	0.00794866	0.00162553
485	0.00728627	0.00162553
495	0.00861105	0
505	0.00629269	0
515	0.0059615	0
525	0.00529911	0
535	0.0056303	0
545	0.00397433	0.00162553
555	0.00198717	0
565	0.00496791	0
575	0.00364314	0
585	0.00331194	0
595	0.00198717	0
605	0.00198717	0.00162553
615	0.00331194	0
625	0.00364314	0.00162553
635	0.00331194	0
645	0.00364314	0
655	0.000662388	0.00162553
665	0.000993583	0.00162553
675	0.00198717	0.00325106
685	0.00165597	0.00162553
695	0.00331194	0.00325106
705	0.000662388	0
715	0	0
725	0.00231836	0.00162553
735	0.00132478	0
745	0.000662388	0.00325106
755	0.000662388	0
765	0.000331194	0
775	0.000662388	0
785	0.000662388	0
795	0.000331194	0.00162553
805	0.000331194	0
815	0.00132478	0
825	0.000662388	0
835	0.000662388	0
845	0.000331194	0
855	0.000993583	0.00162553
865	0.000993583	0
875	0.00198717	0
885	0.000662388	0.00325106
895	0.000331194	0
905	0.000993583	0
915	0.000993583	0
925	0	0.00162553
935	0.000331194	0.00162553
945	0.000662388	0.00162553
955	0.000331194	0
965	0.000331194	0.00162553
975	0.000331194	0
985	0.000993583	0.00325106
995	0.00132478	0
1005	0.000993583	0.00162553
1015	0.000993583	0
1025	0.000662388	0
1035	0.000993583	0
1045	0.000993583	0.00162553
1055	0.00132478	0.00162553
1065	0.000993583	0.00162553
1075	0.000662388	0
1085	0.000331194	0
1095	0.000331194	0
1105	0.000993583	0
1115	0.000993583	0
1125	0.00132478	0.00162553
1135	0	0
1145	0.000331194	0.00162553
1155	0	0.00162553
1165	0	0.00162553
1175	0.000993583	0
1185	0.000331194	0.00325106
1195	0.00132478	0
