FG time = 3612.19	BG time = 485.879
5	0	0
15	0	0
25	0	0
35	0	0
45	0	0
55	0	0
65	0	0
75	0	0
85	0	0
95	0	0
105	0.00027684	0
115	0.00027684	0
125	0	0
135	0.000830521	0
145	0	0
155	0.000830521	0
165	0.000830521	0.00205812
175	0.00027684	0
185	0.00166104	0.00205812
195	0.0027684	0
205	0.00332208	0
215	0.00221472	0
225	0.00470628	0
235	0.00249156	0
245	0.00442944	0
255	0.00442944	0
265	0.00387576	0
275	0.00581364	0
285	0.00470628	0.00205812
295	0.00609048	0.00411625
305	0.00719785	0
315	0.00498312	0
325	0.00830521	0
335	0.00498312	0.00205812
345	0.00636732	0.00205812
355	0.00581364	0
365	0.00664416	0
375	0.00664416	0.00205812
385	0.00830521	0.00205812
395	0.00609048	0
405	0.00719785	0
415	0.00387576	0
425	0.0055368	0
435	0.00581364	0
445	0.00525996	0
455	0.0041526	0
465	0.00747469	0
475	0.00775153	0
485	0.00581364	0
495	0.00609048	0
505	0.00581364	0
515	0.00498312	0
525	0.00636732	0
535	0.00442944	0
545	0.00221472	0
555	0.0041526	0
565	0.00332208	0.00205812
575	0.0041526	0
585	0.00498312	0
595	0.00470628	0.00205812
605	0.00304524	0.00411625
615	0.00166104	0.00205812
625	0.00249156	0
635	0.00166104	0
645	0.00166104	0
655	0.00221472	0.00205812
665	0.00166104	0
675	0.0013842	0
685	0.00193788	0.00205812
695	0.0013842	0
705	0.0013842	0
715	0.0013842	0.00205812
725	0.000830521	0
735	0.00221472	0.00205812
745	0.00027684	0
755	0.00027684	0.00205812
765	0.000830521	0.00205812
775	0.000830521	0
785	0.00110736	0
795	0.00193788	0
805	0.00027684	0
815	0.000830521	0
825	0.00027684	0
835	0.00027684	0
845	0.000830521	0
855	0.00055368	0
865	0.00055368	0.00205812
875	0.000830521	0
885	0.000830521	0
895	0.000830521	0
905	0.0013842	0
915	0.00027684	0
925	0	0
935	0.000830521	0
945	0.00055368	0
955	0.000830521	0
965	0.0013842	0
975	0.00027684	0
985	0.00027684	0.00205812
995	0.000830521	0
1005	0.00055368	0
1015	0.0013842	0.00205812
1025	0	0
1035	0.00055368	0.00205812
1045	0.00055368	0
1055	0.00027684	0
1065	0.00027684	0
1075	0.00110736	0
1085	0.000830521	0
1095	0.0013842	0
1105	0.00055368	0.00411625
1115	0.00027684	0.00411625
1125	0.000830521	0.00205812
1135	0.00055368	0
1145	0.000830521	0
1155	0.00027684	0
1165	0.000830521	0
1175	0.00055368	0
1185	0.000830521	0.00205812
1195	0.00055368	0.00205812
