FG time = 3019.11	BG time = 614.973
5	0	0
15	0	0
25	0	0
35	0	0
45	0	0
55	0	0
65	0	0
75	0	0
85	0	0
95	0	0
105	0	0
115	0	0
125	0.000331223	0
135	0.000662446	0
145	0.000993669	0
155	0.00198734	0
165	0.000993669	0
175	0.00264978	0
185	0.00331223	0
195	0.00463712	0
205	0.0043059	0.00162609
215	0.00629324	0
225	0.00629324	0
235	0.00794935	0
245	0.00629324	0
255	0.00563079	0
265	0.00927425	0.00162609
275	0.00629324	0.00162609
285	0.0086118	0
295	0.0102679	0
305	0.00927425	0
315	0.0102679	0.00162609
325	0.00761813	0
335	0.00596202	0.00325218
345	0.00629324	0.00325218
355	0.00894302	0
365	0.00828058	0.00325218
375	0.0086118	0
385	0.00695569	0
395	0.00894302	0
405	0.00993669	0
415	0.0102679	0.00162609
425	0.00496835	0
435	0.00794935	0.00162609
445	0.00894302	0
455	0.00993669	0
465	0.00529957	0
475	0.00662446	0
485	0.0043059	0
495	0.00695569	0.00162609
505	0.00529957	0
515	0.00463712	0
525	0.00695569	0
535	0.00496835	0.00162609
545	0.00563079	0
555	0.00364345	0.00162609
565	0.00364345	0
575	0.00331223	0
585	0.00563079	0.00162609
595	0.00397468	0.00325218
605	0.00596202	0
615	0.00331223	0.00162609
625	0.00463712	0
635	0.00264978	0
645	0.00165612	0
655	0.00165612	0.00162609
665	0.00165612	0
675	0.00132489	0
685	0.00165612	0
695	0.00132489	0.00162609
705	0.00264978	0.00162609
715	0.00165612	0
725	0.000331223	0
735	0.00132489	0
745	0.00198734	0
755	0.000993669	0
765	0	0
775	0.000993669	0
785	0.000662446	0
795	0.000662446	0.00325218
805	0.000993669	0.00162609
815	0.000662446	0.00162609
825	0.000331223	0.00162609
835	0.000331223	0
845	0.000331223	0
855	0.000662446	0.00162609
865	0.000331223	0.00162609
875	0	0
885	0.000331223	0
895	0.00165612	0.00162609
905	0.000993669	0.00162609
915	0.000331223	0
925	0	0.00162609
935	0.000331223	0
945	0.000331223	0.00162609
955	0.00132489	0.00162609
965	0.000993669	0.00162609
975	0.000993669	0
985	0.00132489	0
995	0.000662446	0
1005	0.000662446	0
1015	0.00231856	0
1025	0.000331223	0
1035	0.000662446	0.00325218
1045	0.000993669	0
1055	0.000662446	0
1065	0.00198734	0.00162609
1075	0.00165612	0
1085	0	0
1095	0.000993669	0
1105	0.00165612	0
1115	0.000331223	0.00162609
1125	0.000662446	0.00162609
1135	0.000993669	0
1145	0.00165612	0.00162609
1155	0.00132489	0.00162609
1165	0.000993669	0
1175	0.000993669	0.00162609
1185	0.000331223	0.00162609
1195	0.000993669	0
