FG time = 3312.85	BG time = 612.76
5	0	0
15	0	0
25	0	0
35	0	0
45	0	0
55	0.000301855	0
65	0	0
75	0.00060371	0
85	0.00060371	0
95	0.000905564	0.00163196
105	0.0033204	0
115	0.00513153	0
125	0.00482968	0
135	0.00422597	0
145	0.00482968	0
155	0.00845193	0
165	0.00452782	0
175	0.0066408	0.00163196
185	0.0066408	0.00326392
195	0.00905564	0
205	0.00875379	0
215	0.00845193	0
225	0.00996121	0
235	0.00996121	0
245	0.0060371	0
255	0.00845193	0
265	0.00633895	0
275	0.00754637	0.00163196
285	0.00784822	0.00326392
295	0.00362226	0
305	0.00513153	0.00163196
315	0.00513153	0
325	0.00422597	0
335	0.00422597	0
345	0.00422597	0
355	0.00392411	0
365	0.00422597	0
375	0.00392411	0
385	0.00362226	0
395	0.00422597	0
405	0.00392411	0
415	0.00120742	0
425	0.00301855	0
435	0.00271669	0
445	0.00513153	0
455	0.00181113	0
465	0.00211298	0.00163196
475	0.00211298	0
485	0.00271669	0
495	0.00120742	0
505	0.00120742	0
515	0.00241484	0
525	0.000905564	0
535	0.00211298	0
545	0.000905564	0
555	0.000905564	0
565	0.000301855	0
575	0.00150927	0
585	0.000905564	0
595	0.000905564	0
605	0.00060371	0
615	0.00150927	0
625	0.00150927	0
635	0.000301855	0
645	0.000301855	0
655	0.000905564	0
665	0	0
675	0	0
685	0	0
695	0	0
705	0.000301855	0
715	0.000301855	0
725	0	0
735	0.000301855	0
745	0.000301855	0
755	0.000301855	0
765	0.000301855	0
775	0	0
785	0	0
795	0	0
805	0.000301855	0
815	0	0
825	0	0
835	0.000301855	0.00163196
845	0.000301855	0
855	0	0
865	0	0
875	0	0
885	0	0
895	0	0
905	0.000301855	0
915	0	0
925	0.000301855	0
935	0	0
945	0	0
955	0	0
965	0	0
975	0	0
985	0.000301855	0
995	0	0
1005	0	0
1015	0	0
1025	0	0
1035	0	0
1045	0.000301855	0
1055	0	0
1065	0.000301855	0
1075	0	0
1085	0	0
1095	0	0
1105	0	0
1115	0	0
1125	0	0
1135	0	0
1145	0.000301855	0
1155	0	0
1165	0	0
1175	0.000301855	0
1185	0.000301855	0
1195	0	0
