FG time = 3613.29	BG time = 732.99
5	0	0
15	0	0
25	0	0
35	0	0
45	0	0
55	0	0
65	0	0
75	0.000276756	0
85	0.000553512	0
95	0.00193729	0
105	0.00110702	0.00136427
115	0.00304432	0
125	0.00304432	0.00136427
135	0.00359783	0.00272855
145	0.00332107	0
155	0.00581188	0
165	0.0044281	0.00136427
175	0.00553512	0
185	0.00470485	0
195	0.00525836	0
205	0.00553512	0
215	0.00608863	0.00136427
225	0.00470485	0
235	0.00774917	0
245	0.00719566	0
255	0.00470485	0.00272855
265	0.00332107	0
275	0.00470485	0
285	0.00276756	0
295	0.00332107	0.00136427
305	0.00166054	0
315	0.00332107	0.00136427
325	0.0024908	0
335	0.00359783	0
345	0.00332107	0.00136427
355	0.00332107	0
365	0.0024908	0
375	0.00304432	0.00272855
385	0.00166054	0
395	0.0024908	0.00136427
405	0.00276756	0
415	0.00276756	0
425	0.00276756	0
435	0.00138378	0
445	0.00221405	0
455	0.00276756	0
465	0.000830268	0.00272855
475	0.00166054	0.00136427
485	0.000830268	0
495	0.00304432	0
505	0.0024908	0
515	0.00166054	0
525	0.00138378	0
535	0.00138378	0
545	0.000830268	0.00136427
555	0.00110702	0
565	0.00138378	0
575	0.000553512	0
585	0.000553512	0
595	0.000830268	0
605	0.000276756	0
615	0.00110702	0
625	0.000553512	0.00136427
635	0.000553512	0
645	0.000276756	0.00136427
655	0.000276756	0
665	0.000553512	0
675	0.00110702	0
685	0.000276756	0
695	0.000553512	0
705	0	0
715	0.000276756	0
725	0.000553512	0
735	0	0
745	0.000553512	0
755	0	0
765	0.000553512	0
775	0.000276756	0
785	0	0
795	0	0
805	0.000553512	0.00136427
815	0	0
825	0.000276756	0
835	0	0
845	0	0.00136427
855	0	0
865	0	0.00136427
875	0	0.00136427
885	0.000553512	0
895	0	0
905	0	0
915	0	0
925	0.000276756	0
935	0	0
945	0	0
955	0	0
965	0.000276756	0
975	0	0
985	0	0
995	0.000276756	0
1005	0.000276756	0
1015	0	0
1025	0	0
1035	0	0
1045	0.000276756	0
1055	0.000276756	0
1065	0.000276756	0
1075	0	0
1085	0	0
1095	0	0
1105	0	0
1115	0	0
1125	0	0
1135	0	0
1145	0	0
1155	0	0
1165	0.000276756	0
1175	0	0
1185	0	0
1195	0.000276756	0
