FG time = 3312.72	BG time = 733.445
5	0	0
15	0	0
25	0	0
35	0.000301866	0
45	0.000905599	0.00136343
55	0.00633919	0.00272686
65	0.0274698	0.00545371
75	0.0513173	0.009544
85	0.0772778	0.0163611
95	0.0887487	0.00409028
105	0.0908618	0.00409028
115	0.111389	0.00545371
125	0.115011	0.00545371
135	0.129803	0.00272686
145	0.125878	0.00136343
155	0.132519	0.00272686
165	0.142783	0
175	0.134632	0
185	0.146103	0
195	0.147311	0.00409028
205	0.152141	0
215	0.157574	0.00136343
225	0.149726	0.00136343
235	0.150329	0.00545371
245	0.161499	0.00136343
255	0.156065	0.009544
265	0.155461	0.00136343
275	0.147009	0.00272686
285	0.157272	0
295	0.154857	0.00272686
305	0.162706	0.00272686
315	0.152443	0
325	0.144896	0.00409028
335	0.147613	0
345	0.148518	0.00272686
355	0.142481	0.00272686
365	0.139462	0
375	0.12135	0.00545371
385	0.141877	0.00136343
395	0.131312	0
405	0.129501	0.00136343
415	0.111691	0.00136343
425	0.123161	0.00272686
435	0.105653	0
445	0.106559	0.00136343
455	0.111087	0
465	0.0950879	0.00136343
475	0.0914655	0.00136343
485	0.0959935	0.00136343
495	0.100823	0.00136343
505	0.090258	0
515	0.0787871	0
525	0.0821077	0.00136343
535	0.0818058	0.00409028
545	0.0730517	0
555	0.0652031	0.00136343
565	0.0639957	0.00136343
575	0.0540341	0
585	0.0630901	0.00136343
595	0.047393	0.00136343
605	0.0437706	0.00136343
615	0.0470912	0
625	0.0510154	0.00272686
635	0.0386389	0
645	0.0368277	0.00136343
655	0.029281	0.00272686
665	0.0265642	0.00272686
675	0.0235456	0.00136343
685	0.0217344	0
695	0.0220362	0
705	0.0150933	0
715	0.0144896	0.00136343
725	0.0129803	0.00272686
735	0.0120747	0.00409028
745	0.00815039	0
755	0.00996159	0.00136343
765	0.00633919	0.00272686
775	0.00573546	0
785	0.00754666	0.00136343
795	0.0027168	0
805	0.00392426	0
815	0.00543359	0
825	0.00332053	0.00272686
835	0.000905599	0.00136343
845	0.0036224	0.00272686
855	0.00120747	0
865	0.00150933	0.00136343
875	0.00211306	0.00272686
885	0.00211306	0.00136343
895	0.00150933	0.00409028
905	0.00120747	0
915	0.00120747	0.00136343
925	0.00211306	0
935	0.00211306	0.00136343
945	0.0018112	0.00136343
955	0.00150933	0.00136343
965	0.00150933	0.00272686
975	0.00150933	0
985	0.000905599	0
995	0.000905599	0.00136343
1005	0.00150933	0
1015	0.000905599	0.00136343
1025	0.0018112	0.00272686
1035	0.000905599	0.00272686
1045	0.000905599	0
1055	0.000905599	0.00136343
1065	0.00120747	0.00409028
1075	0.000603733	0.00136343
1085	0.000905599	0
1095	0.000603733	0
1105	0.0018112	0
1115	0.000905599	0
1125	0.000905599	0
1135	0.0018112	0.00272686
1145	0.000301866	0.00272686
1155	0.00120747	0
1165	0.000603733	0.00136343
1175	0.000301866	0.00272686
1185	0.00120747	0.00136343
1195	0.000905599	0.00272686
