FG time = 2710.25	BG time = 425.503
5	0	0
15	0	0
25	0	0
35	0	0
45	0	0
55	0	0
65	0	0
75	0	0
85	0	0
95	0	0
105	0	0
115	0	0
125	0	0
135	0.000737939	0
145	0.000737939	0
155	0	0
165	0.000737939	0
175	0.00147588	0
185	0.00147588	0
195	0.00184485	0
205	0.00332073	0
215	0.00405867	0
225	0.00405867	0
235	0.00295176	0
245	0.00553455	0.00235016
255	0.0036897	0
265	0.00553455	0
275	0.00221382	0
285	0.00701042	0.00235016
295	0.00701042	0
305	0.00590352	0
315	0.00774836	0.00235016
325	0.0103312	0
335	0.0084863	0
345	0.00701042	0
355	0.0084863	0
365	0.00590352	0
375	0.00774836	0.00235016
385	0.00664145	0
395	0.00332073	0.00470032
405	0.00922424	0
415	0.00516558	0
425	0.00811733	0
435	0.00701042	0
445	0.00590352	0
455	0.00811733	0
465	0.00664145	0
475	0.00811733	0
485	0.00553455	0
495	0.00922424	0
505	0.00774836	0
515	0.00332073	0
525	0.00627249	0
535	0.00332073	0
545	0.00701042	0
555	0.00516558	0
565	0.0036897	0.00235016
575	0.00405867	0
585	0.00442764	0
595	0.0036897	0
605	0.00221382	0
615	0.00295176	0
625	0.0036897	0
635	0.00110691	0
645	0.00332073	0
655	0.00295176	0
665	0.00147588	0
675	0.00110691	0
685	0.00184485	0.00235016
695	0.00110691	0
705	0.00036897	0
715	0.000737939	0
725	0.00110691	0
735	0.000737939	0.00235016
745	0	0
755	0	0.00235016
765	0.000737939	0
775	0.00147588	0
785	0.000737939	0
795	0.000737939	0
805	0.000737939	0
815	0	0
825	0.000737939	0
835	0.000737939	0
845	0.00110691	0.00235016
855	0.00036897	0
865	0.000737939	0.00235016
875	0.00110691	0.00235016
885	0.00036897	0
895	0.000737939	0
905	0.00036897	0
915	0	0
925	0.00110691	0.00235016
935	0.000737939	0
945	0.00036897	0
955	0.00036897	0
965	0.00184485	0
975	0.000737939	0
985	0.00036897	0.00235016
995	0	0.00470032
1005	0.00147588	0
1015	0.00036897	0
1025	0.00036897	0
1035	0.00110691	0
1045	0.000737939	0
1055	0.00147588	0
1065	0.000737939	0.00235016
1075	0.000737939	0
1085	0.00147588	0
1095	0.000737939	0
1105	0.000737939	0
1115	0.000737939	0.00235016
1125	0	0
1135	0	0
1145	0.000737939	0
1155	0.00036897	0
1165	0.00036897	0
1175	0.000737939	0
1185	0	0.00470032
1195	0	0
