FG time = 3005.28	BG time = 486.345
5	0	0
15	0	0
25	0	0
35	0	0
45	0	0
55	0	0
65	0	0
75	0	0
85	0	0
95	0	0
105	0	0
115	0	0
125	0	0
135	0.000665496	0
145	0.000998244	0
155	0.00166374	0
165	0.00232924	0
175	0.00299473	0
185	0.00465847	0
195	0.00432572	0
205	0.00266198	0
215	0.00565672	0
225	0.00565672	0
235	0.00299473	0
245	0.00698771	0
255	0.00565672	0
265	0.0076532	0
275	0.00432572	0
285	0.00332748	0
295	0.00499122	0
305	0.00998244	0
315	0.00698771	0
325	0.00665496	0
335	0.00465847	0
345	0.00499122	0
355	0.00931694	0
365	0.00598946	0
375	0.00598946	0
385	0.00732045	0.00411231
395	0.00598946	0
405	0.00565672	0
415	0.00665496	0.00205615
425	0.00432572	0
435	0.00399298	0
445	0.00532397	0
455	0.00432572	0
465	0.00598946	0
475	0.00232924	0
485	0.00532397	0.00205615
495	0.00199649	0
505	0.00399298	0.00205615
515	0.00432572	0
525	0.00465847	0
535	0.00299473	0.00205615
545	0.00565672	0.00205615
555	0.00399298	0
565	0.00399298	0
575	0.00199649	0.00205615
585	0.00232924	0
595	0.00366023	0
605	0.00366023	0
615	0.00232924	0
625	0.00199649	0.00205615
635	0.00299473	0
645	0.00166374	0
655	0.00232924	0
665	0.000332748	0
675	0.000665496	0
685	0	0
695	0.00232924	0
705	0.000998244	0
715	0.00166374	0
725	0.00232924	0
735	0.00133099	0.00205615
745	0.000665496	0
755	0.00133099	0
765	0.000665496	0
775	0.000665496	0
785	0.000998244	0.00205615
795	0.000332748	0
805	0.000665496	0.00205615
815	0.000332748	0
825	0.000332748	0
835	0.00166374	0
845	0.000332748	0.00205615
855	0.000665496	0
865	0.00166374	0
875	0.000665496	0
885	0.000998244	0
895	0.000998244	0
905	0	0
915	0	0
925	0.000332748	0
935	0	0
945	0.00133099	0
955	0.000665496	0
965	0.000665496	0
975	0.00133099	0
985	0.000332748	0
995	0.000998244	0
1005	0.000998244	0
1015	0.000332748	0.00205615
1025	0.000332748	0.00411231
1035	0.000665496	0
1045	0.00133099	0
1055	0.00133099	0
1065	0.000998244	0
1075	0.000998244	0
1085	0	0
1095	0.000665496	0
1105	0.000332748	0
1115	0.000665496	0
1125	0.000332748	0.00205615
1135	0.000332748	0
1145	0.00166374	0
1155	0.000332748	0
1165	0.000332748	0.00205615
1175	0.000665496	0
1185	0.000998244	0
1195	0.00133099	0.00205615
