FG time = 3012.94	BG time = 613.489
5	0	0
15	0	0
25	0	0
35	0.000995707	0
45	0.00696995	0.00489007
55	0.0205779	0.00652009
65	0.0394964	0.00978013
75	0.0607381	0.00978013
85	0.0876222	0.00978013
95	0.0939283	0.00652009
105	0.118157	0.00489007
115	0.132097	0.00815011
125	0.131433	0.00489007
135	0.141722	0
145	0.139731	0.00489007
155	0.147033	0.00163002
165	0.162964	0.00652009
175	0.168274	0.00163002
185	0.1623	0.00163002
195	0.163628	0.00326004
205	0.177568	0.00489007
215	0.172589	0.00815011
225	0.174912	0.00163002
235	0.172589	0.00326004
245	0.18487	0.00326004
255	0.192171	0.00163002
265	0.196154	0.00489007
275	0.174581	0.00163002
285	0.199141	0
295	0.176904	0.00326004
305	0.189516	0.00163002
315	0.171262	0.00326004
325	0.171262	0.00163002
335	0.171262	0.00652009
345	0.178231	0.00326004
355	0.173253	0.00652009
365	0.167942	0.00326004
375	0.175908	0.00489007
385	0.152675	0.00163002
395	0.160973	0
405	0.151015	0
415	0.143714	0.00163002
425	0.147033	0
435	0.154003	0.00163002
445	0.12911	0.00163002
455	0.137407	0.00326004
465	0.12745	0
475	0.11683	0.00163002
485	0.109196	0.00163002
495	0.1082	0
505	0.112847	0.00163002
515	0.0992387	0.00163002
525	0.0955878	0
535	0.0932645	0.00326004
545	0.0826436	0.00163002
555	0.0743461	0.00163002
565	0.0657166	0
575	0.0806522	0
585	0.0637252	0
595	0.0740142	0
605	0.0716909	0.00326004
615	0.0531043	0
625	0.0524405	0.00652009
635	0.0431473	0.00163002
645	0.0461344	0.00326004
655	0.0431473	0.00489007
665	0.0381687	0
675	0.0341859	0
685	0.0315307	0.00326004
695	0.0229012	0
705	0.0179227	0
715	0.0175908	0.00163002
725	0.016927	0.00163002
735	0.0142718	0.00815011
745	0.0132761	0.00163002
755	0.010289	0.00326004
765	0.00829755	0.00489007
775	0.00663804	0.00489007
785	0.00597424	0
795	0.00597424	0
805	0.00431473	0
815	0.00398283	0.00326004
825	0.00365092	0
835	0.00464663	0.00489007
845	0.00265522	0.00163002
855	0.00265522	0.00326004
865	0.00265522	0.00163002
875	0.00298712	0.00326004
885	0.00398283	0.00163002
895	0.00199141	0.00326004
905	0.00232332	0
915	0.00199141	0.00163002
925	0.00132761	0
935	0.00232332	0.00163002
945	0.00165951	0
955	0.00298712	0.00326004
965	0.00298712	0
975	0.00165951	0.00163002
985	0.00365092	0
995	0.00199141	0.00163002
1005	0.00331902	0
1015	0.00265522	0.00163002
1025	0.00165951	0.00326004
1035	0.00331902	0
1045	0.00132761	0
1055	0.00298712	0.00163002
1065	0.00199141	0
1075	0.00431473	0.00163002
1085	0.00165951	0.00326004
1095	0.00165951	0
1105	0.00132761	0.00163002
1115	0.00298712	0.00163002
1125	0.00199141	0
1135	0.00165951	0
1145	0.00199141	0.00815011
1155	0.00331902	0
1165	0.000663804	0.00163002
1175	0.00132761	0
1185	0.00132761	0.00489007
1195	0.00431473	0.00163002
