FG time = 3604.27	BG time = 544.671
5	0	0
15	0	0
25	0	0
35	0	0
45	0	0
55	0	0
65	0	0
75	0	0
85	0	0
95	0	0
105	0	0
115	0	0
125	0.000832346	0
135	0	0
145	0.00138724	0
155	0.000554897	0
165	0.00138724	0
175	0.00194214	0
185	0.00221959	0
195	0.00332938	0
205	0.00388428	0
215	0.00499407	0
225	0.00610387	0
235	0.00554897	0
245	0.00443918	0.00183597
255	0.00582642	0
265	0.00721366	0.00183597
275	0.00638132	0
285	0.00527152	0.00183597
295	0.00860091	0
305	0.00499407	0.00183597
315	0.00721366	0.00183597
325	0.00582642	0
335	0.00749111	0
345	0.00693621	0
355	0.00610387	0
365	0.00887835	0
375	0.00693621	0.00183597
385	0.00693621	0
395	0.00443918	0
405	0.00610387	0
415	0.00499407	0
425	0.00554897	0.00183597
435	0.00388428	0
445	0.00416173	0
455	0.00860091	0
465	0.00499407	0
475	0.00749111	0
485	0.00360683	0
495	0.00776856	0
505	0.00249704	0
515	0.00360683	0
525	0.00305193	0
535	0.00499407	0
545	0.00388428	0
555	0.00388428	0.00183597
565	0.00388428	0
575	0.00332938	0.00183597
585	0.00138724	0.00183597
595	0.00360683	0
605	0.00249704	0
615	0.00443918	0
625	0.00194214	0.00183597
635	0.00166469	0
645	0.00166469	0
655	0.00416173	0
665	0.000832346	0
675	0.000554897	0
685	0.00110979	0
695	0.00166469	0
705	0.000832346	0.00183597
715	0.00166469	0
725	0.000554897	0
735	0.00194214	0
745	0.000277449	0
755	0	0.00183597
765	0.000277449	0
775	0.000832346	0.00183597
785	0.000554897	0
795	0.000277449	0
805	0.000554897	0
815	0	0
825	0.00138724	0.00183597
835	0.00138724	0
845	0	0.00183597
855	0.000832346	0
865	0.000277449	0
875	0.000554897	0
885	0	0
895	0.000832346	0.00183597
905	0.000277449	0
915	0.000277449	0.00183597
925	0.000277449	0
935	0.000832346	0
945	0.00138724	0
955	0.000277449	0
965	0.000554897	0.00183597
975	0.000277449	0
985	0.000277449	0
995	0.000832346	0.00183597
1005	0.000277449	0
1015	0	0
1025	0.000832346	0
1035	0	0
1045	0.000832346	0.00183597
1055	0.000554897	0
1065	0.000554897	0
1075	0.000832346	0.00183597
1085	0.000832346	0
1095	0.000832346	0
1105	0.000832346	0
1115	0.000554897	0
1125	0.000554897	0.00367194
1135	0.000554897	0
1145	0.000554897	0
1155	0	0.00183597
1165	0.00138724	0
1175	0.00166469	0
1185	0.000277449	0
1195	0.000554897	0
