FG time = 3605.35	BG time = 485.014
5	0	0
15	0	0
25	0	0
35	0	0
45	0.000832098	0
55	0.0105399	0
65	0.0413275	0.00412359
75	0.0804361	0.00824718
85	0.137574	0.0123708
95	0.158931	0.00618539
105	0.178624	0.0144326
115	0.180843	0.00412359
125	0.198871	0
135	0.221893	0.00412359
145	0.226053	0.00618539
155	0.24214	0.00412359
165	0.245192	0.00618539
175	0.259337	0.0020618
185	0.248797	0.00412359
195	0.262666	0.0020618
205	0.28014	0.0020618
215	0.265994	0.0020618
225	0.259892	0.0020618
235	0.264607	0.0020618
245	0.271541	0
255	0.282636	0.0020618
265	0.270154	0.00412359
275	0.265162	0
285	0.270709	0.00412359
295	0.249075	0.0020618
305	0.271819	0
315	0.247688	0.00412359
325	0.253512	0.0020618
335	0.239922	0
345	0.25906	0.0020618
355	0.245469	0
365	0.235484	0.0020618
375	0.213572	0.0020618
385	0.225221	0.0020618
395	0.230491	0
405	0.217178	0.0020618
415	0.209689	0.0020618
425	0.206083	0
435	0.209411	0.0020618
445	0.192215	0.00412359
455	0.185558	0.0020618
465	0.182229	0
475	0.178901	0.00412359
485	0.155602	0
495	0.157821	0
505	0.16115	0.0020618
515	0.131471	0.0020618
525	0.143676	0.0020618
535	0.122318	0
545	0.126756	0.0020618
555	0.122873	0.00412359
565	0.109282	0.0020618
575	0.103458	0.00412359
585	0.0965234	0.00412359
595	0.087925	0.0020618
605	0.0829324	0
615	0.0845966	0.0020618
625	0.0768304	0.00412359
635	0.0676773	0.0020618
645	0.0582469	0.00412359
655	0.0576921	0
665	0.0513127	0.00412359
675	0.0410502	0
685	0.0335613	0.0020618
695	0.0363349	0.00412359
705	0.0294008	0.00412359
715	0.025795	0
725	0.0208024	0.0020618
735	0.0216345	0.00618539
745	0.016642	0.0020618
755	0.0124815	0.00618539
765	0.0108173	0
775	0.00887571	0.0020618
785	0.00887571	0
795	0.00526995	0
805	0.00471522	0
815	0.00305103	0.00412359
825	0.0016642	0.00412359
835	0.00277366	0
845	0.00332839	0.0020618
855	0.0016642	0
865	0.00249629	0.0020618
875	0.00221893	0.00618539
885	0.00249629	0.00412359
895	0.00138683	0.00412359
905	0.000832098	0.0020618
915	0.00360576	0.0020618
925	0.00221893	0.0020618
935	0.00277366	0
945	0.0016642	0
955	0.00194156	0
965	0.000277366	0.00412359
975	0.00194156	0
985	0.00249629	0
995	0.00110946	0.00824718
1005	0.0016642	0
1015	0.00110946	0.0020618
1025	0.00194156	0
1035	0.000832098	0
1045	0.00110946	0.00412359
1055	0.00249629	0
1065	0.00138683	0.00412359
1075	0.00138683	0.0020618
1085	0.00138683	0.0020618
1095	0.000832098	0
1105	0.00138683	0
1115	0.00194156	0
1125	0.0016642	0.00412359
1135	0.00221893	0.0020618
1145	0.00110946	0.0020618
1155	0.00194156	0
1165	0.000832098	0.00618539
1175	0.000832098	0
1185	0.00110946	0.00412359
1195	0.00138683	0.0020618
