FG time = 3619.67	BG time = 734.258
5	0	0
15	0	0
25	0	0
35	0	0
45	0	0
55	0	0
65	0	0
75	0	0
85	0	0
95	0	0
105	0.00110507	0
115	0.00193388	0
125	0.0052491	0
135	0.0052491	0
145	0.0052491	0.00272384
155	0.00663045	0.00136192
165	0.00552537	0.00136192
175	0.011327	0
185	0.00745925	0
195	0.0096694	0
205	0.00580164	0
215	0.0088406	0.00136192
225	0.00718298	0.00136192
235	0.00718298	0.00408576
245	0.00607791	0.00136192
255	0.00718298	0
265	0.00635418	0.00136192
275	0.00773552	0.00272384
285	0.00663045	0.00136192
295	0.00414403	0.00136192
305	0.00386776	0
315	0.0044203	0
325	0.00469657	0
335	0.00303895	0
345	0.00303895	0
355	0.00276269	0.00136192
365	0.00276269	0
375	0.00276269	0
385	0.00193388	0.00408576
395	0.00110507	0
405	0.00248642	0
415	0.00248642	0
425	0.00193388	0
435	0.00276269	0.00136192
445	0.000828806	0.00136192
455	0.00386776	0
465	0.000828806	0
475	0.000828806	0.00136192
485	0.00221015	0.00136192
495	0.000276269	0
505	0.00110507	0
515	0.000552537	0
525	0.00110507	0
535	0.000828806	0.00136192
545	0.00110507	0
555	0.000828806	0
565	0.000276269	0
575	0.000276269	0
585	0.00110507	0
595	0.000828806	0
605	0.00110507	0
615	0.000276269	0
625	0	0
635	0	0.00136192
645	0.000276269	0
655	0	0
665	0.000552537	0
675	0.000828806	0
685	0.000552537	0
695	0.000828806	0
705	0	0.00136192
715	0	0
725	0	0
735	0.000276269	0
745	0.000552537	0
755	0	0
765	0	0
775	0	0
785	0	0
795	0	0
805	0	0
815	0.000276269	0
825	0	0
835	0.000276269	0
845	0	0
855	0	0
865	0	0
875	0	0
885	0	0
895	0	0
905	0	0
915	0.000276269	0
925	0	0
935	0	0
945	0	0
955	0	0
965	0.000552537	0
975	0	0
985	0.000276269	0
995	0	0
1005	0	0
1015	0	0
1025	0.000276269	0
1035	0	0
1045	0	0
1055	0	0
1065	0	0
1075	0	0
1085	0.000276269	0
1095	0	0
1105	0	0
1115	0	0
1125	0	0.00136192
1135	0	0
1145	0	0
1155	0.000276269	0.00136192
1165	0	0
1175	0.000552537	0
1185	0	0
1195	0	0
