FG time = 3013.17	BG time = 614.191
5	0	0
15	0	0
25	0	0
35	0	0
45	0	0
55	0	0
65	0	0
75	0	0
85	0	0
95	0.000331877	0
105	0.000331877	0
115	0	0
125	0.000331877	0
135	0.000663753	0.00162816
145	0.000663753	0
155	0.00232314	0
165	0.00365064	0
175	0.00232314	0
185	0.00531003	0
195	0.00464627	0
205	0.00265501	0
215	0.00597378	0
225	0.00796504	0.00162816
235	0.00597378	0
245	0.00663753	0
255	0.00398252	0.00162816
265	0.00597378	0
275	0.0056419	0
285	0.0106201	0
295	0.00862879	0
305	0.00531003	0
315	0.00796504	0
325	0.00630566	0.00325632
335	0.00663753	0
345	0.0056419	0
355	0.00597378	0
365	0.00696941	0.00488448
375	0.00862879	0
385	0.00763316	0.00162816
395	0.00497815	0
405	0.00796504	0
415	0.0056419	0
425	0.00497815	0
435	0.00862879	0.00162816
445	0.00730129	0
455	0.00531003	0
465	0.0056419	0.00162816
475	0.0043144	0
485	0.00630566	0
495	0.00464627	0.00162816
505	0.00630566	0.00162816
515	0.00597378	0.00162816
525	0.00331877	0
535	0.00365064	0.00162816
545	0.00298689	0.00162816
555	0.00497815	0.00162816
565	0.00398252	0
575	0.00232314	0.00162816
585	0.00199126	0
595	0.00298689	0
605	0.00365064	0
615	0.00265501	0
625	0.00232314	0
635	0.00265501	0
645	0.00099563	0.00325632
655	0.00265501	0.00162816
665	0.00199126	0
675	0.00099563	0.00162816
685	0.00199126	0.00325632
695	0.000331877	0.00162816
705	0.00199126	0
715	0.000331877	0
725	0.00132751	0
735	0.000663753	0
745	0.00132751	0.00325632
755	0.000331877	0
765	0.00132751	0
775	0.00099563	0
785	0.00232314	0
795	0.000663753	0
805	0.000331877	0
815	0.000331877	0
825	0.000331877	0
835	0.000331877	0
845	0.000331877	0
855	0.000663753	0
865	0.00132751	0
875	0.000663753	0
885	0	0
895	0.000663753	0
905	0.000663753	0
915	0.00099563	0.00162816
925	0.000663753	0.00325632
935	0.000663753	0
945	0.00099563	0.00162816
955	0.000663753	0
965	0.000663753	0
975	0.000663753	0
985	0.00132751	0
995	0	0
1005	0.000331877	0
1015	0.00199126	0.00325632
1025	0.000663753	0
1035	0.000331877	0
1045	0.00165938	0.00162816
1055	0.000331877	0.00162816
1065	0.00099563	0.00325632
1075	0.00165938	0
1085	0	0
1095	0.00099563	0
1105	0.000663753	0
1115	0	0
1125	0.000663753	0
1135	0	0.00162816
1145	0.00132751	0
1155	0.00132751	0.00162816
1165	0.000331877	0.00162816
1175	0	0
1185	0.000663753	0
1195	0.000663753	0.00162816
