FG time = 3019.03	BG time = 374.121
5	0	0
15	0	0
25	0	0
35	0.000993695	0
45	0.0135805	0.0106917
55	0.0443851	0.0106917
65	0.09142	0.0160376
75	0.124874	0.0133647
85	0.150379	0.0213835
95	0.170916	0.0106917
105	0.177209	0.0106917
115	0.204039	0.00267293
125	0.208676	0.00267293
135	0.20967	0.00534587
145	0.21795	0.0187105
155	0.226231	0.00534587
165	0.237493	0.0133647
175	0.238156	0.0160376
185	0.238487	0.00534587
195	0.238156	0
205	0.267635	0
215	0.264323	0.00534587
225	0.260348	0
235	0.256042	0.00534587
245	0.237824	0.0080188
255	0.247761	0.00267293
265	0.234843	0
275	0.257367	0.00267293
285	0.252067	0.00267293
295	0.237162	0
305	0.238156	0.00267293
315	0.231531	0
325	0.242793	0
335	0.246436	0.00534587
345	0.218282	0
355	0.226563	0.00267293
365	0.230869	0.0080188
375	0.204039	0
385	0.221925	0.00267293
395	0.212651	0.00267293
405	0.209338	0.00267293
415	0.189133	0
425	0.187808	0
435	0.191783	0.00267293
445	0.184827	0
455	0.165616	0.00534587
465	0.170916	0.00534587
475	0.154354	0
485	0.153692	0
495	0.140773	0.00267293
505	0.142761	0
515	0.134149	0.00267293
525	0.127855	0.00267293
535	0.125868	0
545	0.109638	0.00267293
555	0.103676	0
565	0.101688	0.00267293
575	0.0944011	0.00267293
585	0.0881076	0.00267293
595	0.0745271	0.00267293
605	0.0788332	0.0080188
615	0.0761833	0.00267293
625	0.0688962	0
635	0.0529971	0
645	0.0520034	0.00534587
655	0.0503472	0
665	0.0407415	0.00267293
675	0.0324607	0.00267293
685	0.035773	0.00267293
695	0.0304733	0
705	0.0225238	0.00534587
715	0.0221925	0
725	0.0135805	0
735	0.0135805	0
745	0.0149054	0.00267293
755	0.0102682	0
765	0.00993695	0
775	0.00828079	0
785	0.00695587	0
795	0.00794956	0.00267293
805	0.00430601	0.00267293
815	0.00430601	0.00267293
825	0.00331232	0.00534587
835	0.00463724	0.0080188
845	0.00463724	0
855	0.00463724	0.00267293
865	0.00198739	0.00534587
875	0.00198739	0
885	0.00397478	0
895	0.00430601	0.00534587
905	0.00264985	0
915	0.00364355	0.0080188
925	0.00231862	0.00267293
935	0.00298109	0.00267293
945	0.00198739	0
955	0.00198739	0.00267293
965	0.00264985	0.00267293
975	0.00231862	0
985	0.00397478	0.0080188
995	0.00231862	0
1005	0.00132493	0
1015	0.00198739	0
1025	0.00165616	0.00534587
1035	0.00231862	0
1045	0.00331232	0
1055	0.00331232	0
1065	0.00264985	0.00534587
1075	0.00132493	0.00267293
1085	0.00165616	0.0080188
1095	0.00331232	0.00534587
1105	0.00264985	0
1115	0.00331232	0
1125	0.00165616	0.00267293
1135	0.00198739	0
1145	0.00231862	0
1155	0.00430601	0
1165	0.000993695	0.00267293
1175	0.00298109	0
1185	0.00397478	0
1195	0.00397478	0.00267293
