FG time = 2409.24	BG time = 726.096
5	0	0
15	0	0
25	0	0
35	0	0
45	0	0
55	0	0
65	0	0
75	0	0
85	0	0
95	0	0
105	0	0
115	0	0
125	0	0
135	0.000415068	0
145	0.00166027	0
155	0.000830136	0
165	0.0012452	0
175	0	0
185	0.00290548	0
195	0.000415068	0
205	0.00456575	0
215	0.00290548	0
225	0.00581095	0
235	0.00498082	0
245	0.00539588	0.00137723
255	0.00290548	0
265	0.00622602	0
275	0.00498082	0
285	0.00373561	0
295	0.0091315	0
305	0.00622602	0
315	0.00498082	0
325	0.00622602	0
335	0.00622602	0.00137723
345	0.00664109	0.00275446
355	0.00539588	0
365	0.00622602	0.00137723
375	0.00456575	0
385	0.00622602	0
395	0.00705616	0.00137723
405	0.00622602	0
415	0.00415068	0.00137723
425	0.00747122	0
435	0.00788629	0
445	0.00705616	0.00137723
455	0.00539588	0
465	0.00539588	0
475	0.00456575	0.00137723
485	0.00332054	0
495	0.00290548	0
505	0.00456575	0
515	0.00664109	0
525	0.00456575	0
535	0.00622602	0
545	0.00290548	0
555	0.00166027	0
565	0.00207534	0
575	0.00249041	0
585	0.00249041	0.00413168
595	0.00290548	0
605	0.00290548	0
615	0.00290548	0
625	0.0012452	0
635	0.00207534	0
645	0.00456575	0
655	0.00249041	0
665	0.000830136	0
675	0.0012452	0.00137723
685	0.00290548	0
695	0.0012452	0
705	0.000830136	0.00137723
715	0.0012452	0
725	0.000415068	0
735	0.0012452	0
745	0.0012452	0.00137723
755	0.000415068	0.00137723
765	0.0012452	0
775	0.000830136	0.00137723
785	0.0012452	0
795	0.000830136	0
805	0.000415068	0
815	0	0
825	0.000415068	0
835	0.000415068	0
845	0.000830136	0
855	0	0
865	0	0
875	0	0
885	0.0012452	0
895	0	0.00413168
905	0	0
915	0.000415068	0
925	0	0
935	0.000415068	0
945	0.000415068	0
955	0.000415068	0
965	0.000830136	0
975	0	0.00137723
985	0.000830136	0
995	0.0012452	0
1005	0.0012452	0.00137723
1015	0.000415068	0
1025	0	0.00137723
1035	0.000830136	0.00137723
1045	0.000415068	0
1055	0	0.00137723
1065	0.000830136	0.00137723
1075	0.000415068	0
1085	0.000830136	0
1095	0.000415068	0.00137723
1105	0	0.00137723
1115	0.000830136	0.00137723
1125	0.000415068	0
1135	0.000830136	0
1145	0.000415068	0
1155	0.000415068	0
1165	0.0012452	0.00137723
1175	0.000415068	0
1185	0.000415068	0
1195	0.000415068	0.00137723
