FG time = 3010.04	BG time = 486.087
5	0	0
15	0	0
25	0	0
35	0	0
45	0	0
55	0	0
65	0	0
75	0	0
85	0	0
95	0	0
105	0	0
115	0.000332221	0
125	0	0
135	0.000996663	0
145	0.000332221	0
155	0.00132888	0
165	0.00265777	0
175	0.00398665	0
185	0.00166111	0
195	0.00431887	0
205	0.00398665	0
215	0.00365443	0
225	0.00431887	0
235	0.0046511	0
245	0.00697664	0
255	0.00564776	0
265	0.00564776	0
275	0.00863775	0
285	0.0112955	0
295	0.00930219	0
305	0.00896997	0
315	0.0106311	0
325	0.00697664	0
335	0.0106311	0
345	0.00730886	0
355	0.00896997	0.00411449
365	0.00498332	0
375	0.00963441	0
385	0.00697664	0
395	0.0126244	0
405	0.00697664	0
415	0.00531554	0
425	0.00764109	0
435	0.00797331	0
445	0.00664442	0
455	0.00830553	0
465	0.00863775	0
475	0.00896997	0
485	0.00830553	0
495	0.00597998	0.00205724
505	0.00498332	0.00411449
515	0.00697664	0
525	0.0063122	0.00205724
535	0.00431887	0
545	0.00597998	0
555	0.00332221	0
565	0.00498332	0.00205724
575	0.00564776	0.00205724
585	0.00498332	0
595	0.00431887	0
605	0.00166111	0
615	0.00365443	0
625	0.00166111	0
635	0.000996663	0
645	0.0046511	0
655	0.00265777	0
665	0.00265777	0.00205724
675	0.00298999	0.00205724
685	0.00132888	0.00205724
695	0.000664442	0
705	0.00166111	0
715	0.00132888	0.00411449
725	0.00132888	0
735	0	0
745	0.000332221	0.00205724
755	0.000996663	0
765	0.00132888	0
775	0.000664442	0
785	0.000996663	0
795	0.00132888	0
805	0.000664442	0.00205724
815	0.000332221	0
825	0.000664442	0
835	0.000332221	0
845	0.00132888	0
855	0.000664442	0
865	0.000332221	0.00205724
875	0.000332221	0.00411449
885	0.000332221	0.00205724
895	0.000664442	0
905	0.000664442	0
915	0.000664442	0
925	0.000664442	0
935	0.000996663	0
945	0.000332221	0
955	0.000332221	0
965	0	0
975	0.000332221	0
985	0	0
995	0.00132888	0
1005	0.000332221	0
1015	0	0.00205724
1025	0	0.00205724
1035	0.000664442	0
1045	0	0
1055	0.000332221	0
1065	0.000332221	0
1075	0.000664442	0.00205724
1085	0	0.00205724
1095	0	0.00205724
1105	0.000996663	0
1115	0.000996663	0
1125	0.00232555	0
1135	0	0.00205724
1145	0.000664442	0.00411449
1155	0	0
1165	0.000664442	0
1175	0.000664442	0
1185	0.00166111	0.00205724
1195	0.000996663	0
