FG time = 3159.15	BG time = 613.843
5	0	0
15	0.000316541	0
25	0	0
35	0.00158271	0
45	0.00791353	0
55	0.0237406	0.0081454
65	0.0544451	0.0162908
75	0.0902142	0.0162908
85	0.115538	0.0130326
95	0.115221	0.0130326
105	0.125034	0.00977448
115	0.125034	0.00651632
125	0.136746	0.00162908
135	0.133264	0.00325816
145	0.131998	0.00651632
155	0.148774	0.00162908
165	0.159537	0
175	0.152889	0.00162908
185	0.158587	0.00488724
195	0.141494	0.00162908
205	0.143393	0.00651632
215	0.146242	0
225	0.15194	0
235	0.156371	0.00325816
245	0.15099	0
255	0.146875	0.00162908
265	0.151307	0.00162908
275	0.152889	0
285	0.143393	0.00325816
295	0.131998	0.00162908
305	0.138328	0
315	0.137062	0.00162908
325	0.151623	0.00162908
335	0.132631	0.00162908
345	0.138012	0.00488724
355	0.131998	0
365	0.128832	0
375	0.130415	0
385	0.116487	0.00162908
395	0.110473	0
405	0.111106	0
415	0.0987608	0
425	0.10984	0.00162908
435	0.113955	0.00325816
445	0.108574	0
455	0.101293	0.00162908
465	0.108574	0.00325816
475	0.0911638	0.00325816
485	0.0813511	0
495	0.0743872	0.00162908
505	0.0781857	0
515	0.0680563	0.00162908
525	0.0705887	0
535	0.0553947	0.00162908
545	0.0607759	0
555	0.065524	0
565	0.0588767	0.00162908
575	0.0443158	0.00162908
585	0.0509631	0.00162908
595	0.0430496	0
605	0.0389346	0
615	0.0367188	0
625	0.0335534	0.00162908
635	0.0370353	0
645	0.0281722	0
655	0.0237406	0
665	0.0221579	0.00162908
675	0.015194	0.00325816
685	0.0167767	0.00162908
695	0.0155105	0.00162908
705	0.0126616	0.00325816
715	0.0120286	0
725	0.00791353	0
735	0.00696391	0.00162908
745	0.00474812	0.00162908
755	0.00759699	0.00162908
765	0.00221579	0
775	0.00411503	0.00325816
785	0.00348195	0.00162908
795	0.00253233	0.00162908
805	0.00316541	0.00162908
815	0.00443158	0
825	0.00221579	0.00325816
835	0.00284887	0
845	0.000949623	0
855	0.00221579	0.00162908
865	0.000949623	0.00325816
875	0.00158271	0
885	0.00221579	0
895	0.00189925	0.00162908
905	0.000633082	0.00325816
915	0.00126616	0
925	0.000633082	0
935	0.00158271	0.00162908
945	0.000949623	0.00162908
955	0.00126616	0
965	0.000949623	0
975	0.00253233	0
985	0.00253233	0
995	0.000949623	0
1005	0.000949623	0
1015	0.000949623	0
1025	0.00158271	0.00162908
1035	0.00126616	0
1045	0.00316541	0.00162908
1055	0.000949623	0.00162908
1065	0.00253233	0.00162908
1075	0.00158271	0.00162908
1085	0.00158271	0
1095	0.00126616	0.00162908
1105	0.00189925	0.00162908
1115	0.00253233	0
1125	0.00158271	0
1135	0.000949623	0.00162908
1145	0.000949623	0
1155	0.00126616	0.00325816
1165	0.00158271	0
1175	0.00126616	0
1185	0.000949623	0.00162908
1195	0.000949623	0.00162908
