FG time = 1515.67	BG time = 613.937
5	0	0
15	0	0
25	0	0
35	0	0
45	0	0
55	0	0
65	0	0
75	0	0
85	0	0
95	0	0
105	0	0
115	0	0
125	0	0
135	0	0
145	0.000659775	0
155	0	0
165	0	0
175	0.000659775	0
185	0.00197933	0
195	0.000659775	0
205	0.00197933	0.00162883
215	0.00197933	0
225	0.00131955	0
235	0	0
245	0.00329888	0.00162883
255	0.0026391	0
265	0.0026391	0
275	0.00461843	0
285	0.0026391	0
295	0.00329888	0
305	0.0052782	0
315	0.00593798	0
325	0.0052782	0
335	0.0052782	0
345	0.00395865	0.00325766
355	0.00197933	0
365	0.00659775	0
375	0.00725753	0.00325766
385	0.00593798	0
395	0.0026391	0
405	0.00659775	0
415	0.00395865	0
425	0.0026391	0
435	0.0052782	0
445	0.00197933	0
455	0.0052782	0
465	0.0026391	0.00162883
475	0.0052782	0
485	0.00131955	0
495	0.00461843	0
505	0.00461843	0
515	0.00329888	0.00162883
525	0.000659775	0
535	0.0026391	0.00162883
545	0.00461843	0.00162883
555	0.00461843	0
565	0.00197933	0
575	0.0026391	0.00162883
585	0.00329888	0
595	0.00329888	0.00162883
605	0.0026391	0
615	0.0052782	0
625	0.00131955	0
635	0.0026391	0
645	0.00197933	0
655	0.000659775	0.00162883
665	0.00131955	0
675	0.0026391	0
685	0.000659775	0.00162883
695	0.0026391	0.00162883
705	0.00131955	0
715	0	0.00325766
725	0	0
735	0.000659775	0
745	0	0
755	0.000659775	0
765	0.00131955	0
775	0.000659775	0.00162883
785	0.000659775	0
795	0.000659775	0
805	0.00131955	0
815	0.00131955	0
825	0.000659775	0.00488649
835	0.00131955	0.00162883
845	0.00131955	0.00162883
855	0.00131955	0
865	0	0
875	0.000659775	0.00162883
885	0	0
895	0.000659775	0.00162883
905	0.00131955	0.00162883
915	0.000659775	0
925	0.000659775	0.00162883
935	0.00131955	0
945	0	0.00162883
955	0.000659775	0
965	0.000659775	0
975	0.000659775	0
985	0.000659775	0
995	0.000659775	0.00162883
1005	0	0
1015	0.000659775	0
1025	0.0026391	0.00162883
1035	0	0.00162883
1045	0	0
1055	0.00197933	0
1065	0.000659775	0
1075	0.000659775	0.00162883
1085	0.00131955	0
1095	0	0
1105	0.00131955	0
1115	0	0
1125	0.00197933	0.00162883
1135	0.000659775	0
1145	0.000659775	0
1155	0.000659775	0
1165	0.00131955	0
1175	0.00197933	0.00162883
1185	0.00131955	0.00162883
1195	0.00197933	0.00162883
