FG time = 3604.56	BG time = 485.744
5	0	0
15	0	0
25	0	0
35	0	0
45	0.000277426	0
55	0.00332911	0.00411739
65	0.0258006	0.0123522
75	0.0604789	0.0144109
85	0.0896087	0.0185283
95	0.110693	0.0102935
105	0.12401	0.0185283
115	0.137881	0.0123522
125	0.156191	0.0123522
135	0.162572	0.0144109
145	0.161462	0.0020587
155	0.172837	0.0102935
165	0.17894	0.0020587
175	0.187263	0
185	0.193921	0
195	0.174778	0.00617609
205	0.187263	0
215	0.188372	0.0020587
225	0.200857	0.0020587
235	0.190869	0
245	0.201134	0.00411739
255	0.204741	0
265	0.197805	0.00617609
275	0.201134	0
285	0.205295	0
295	0.195308	0.0020587
305	0.196418	0.00411739
315	0.192256	0.0020587
325	0.186708	0.00411739
335	0.191979	0.00617609
345	0.185321	0.0020587
355	0.181159	0
365	0.170617	0.0020587
375	0.173114	0.00411739
385	0.171172	0.0020587
395	0.171449	0.0020587
405	0.155359	0.00823479
415	0.149533	0
425	0.16063	0.00617609
435	0.150365	0
445	0.152584	0
455	0.147036	0
465	0.135107	0
475	0.128448	0
485	0.125674	0
495	0.116796	0.00411739
505	0.117074	0.0020587
515	0.111803	0.00411739
525	0.102093	0.0020587
535	0.105422	0
545	0.0898861	0.0020587
555	0.0951572	0
565	0.0804536	0.00411739
575	0.0737954	0.00411739
585	0.0749051	0
595	0.0665823	0.00411739
605	0.0615886	0
615	0.061866	0.00411739
625	0.0538207	0.00411739
635	0.0463302	0
645	0.0482722	0
655	0.0435559	0.0020587
665	0.0385622	0.00617609
675	0.0302395	0.00411739
685	0.0285749	0.0020587
695	0.0260781	0
705	0.0235812	0.00411739
715	0.0177553	0
725	0.0138713	0.0020587
735	0.0166456	0.0020587
745	0.014981	0.00411739
755	0.00887764	0.00411739
765	0.011097	0.0020587
775	0.00665823	0
785	0.00776793	0.0020587
795	0.00443882	0.00617609
805	0.00388397	0.0020587
815	0.00499367	0.0020587
825	0.00388397	0
835	0.00332911	0.0020587
845	0.00388397	0
855	0.00249684	0
865	0.00249684	0.0020587
875	0.0011097	0
885	0.00138713	0
895	0.0011097	0
905	0.00249684	0
915	0.00249684	0.00411739
925	0.0011097	0.0020587
935	0.00138713	0.0020587
945	0.00138713	0.0020587
955	0.00166456	0.0020587
965	0.00332911	0.00411739
975	0.00249684	0
985	0.00166456	0.0020587
995	0.00166456	0
1005	0.00332911	0
1015	0.0011097	0
1025	0.00305169	0.0020587
1035	0.00138713	0.0020587
1045	0.000554852	0.0020587
1055	0.00138713	0.0020587
1065	0.00138713	0
1075	0.00166456	0.0020587
1085	0.000554852	0
1095	0.00166456	0.0020587
1105	0.00221941	0.0020587
1115	0.000832279	0
1125	0.00194198	0.0020587
1135	0.000832279	0
1145	0.000832279	0
1155	0.000832279	0
1165	0.0011097	0.0020587
1175	0.00166456	0
1185	0.00221941	0
1195	0.000832279	0.0020587
