FG time = 2884.43	BG time = 305.001
5	0	0
15	0	0
25	0	0
35	0	0
45	0	0
55	0.0031202	0
65	0.0225348	0
75	0.0526968	0.0163934
85	0.0845922	0.0196721
95	0.116834	0.0196721
105	0.130702	0.0196721
115	0.115794	0.00327868
125	0.132435	0.0131147
135	0.152543	0.0295081
145	0.15601	0.0229507
155	0.155317	0.00655735
165	0.172998	0.00983603
175	0.162251	0.00983603
185	0.161211	0.00327868
195	0.166064	0.00327868
205	0.167104	0
215	0.168144	0.00655735
225	0.180625	0.00327868
235	0.170571	0.00327868
245	0.163291	0.00327868
255	0.183052	0
265	0.170918	0
275	0.182705	0
285	0.179932	0
295	0.172305	0.00327868
305	0.172651	0.00327868
315	0.168838	0
325	0.162597	0
335	0.15497	0.00327868
345	0.163637	0
355	0.15497	0.00655735
365	0.14769	0.00327868
375	0.158437	0.00327868
385	0.148383	0
395	0.138676	0.00655735
405	0.152543	0
415	0.133475	0
425	0.132782	0.00327868
435	0.143876	0
445	0.127928	0.00327868
455	0.116488	0
465	0.110247	0.00327868
475	0.117874	0
485	0.104354	0
495	0.107127	0.00655735
505	0.0936061	0.00327868
515	0.0991532	0.00327868
525	0.0936061	0.00655735
535	0.0835522	0
545	0.0873657	0
555	0.0762717	0
565	0.0662177	0
575	0.0641375	0
585	0.0599773	0
595	0.055817	0.00327868
605	0.05131	0.00655735
615	0.0481898	0
625	0.0416027	0
635	0.041256	0
645	0.0332822	0.00327868
655	0.0322421	0
665	0.030162	0
675	0.0298153	0
685	0.0225348	0.00327868
695	0.0187212	0.00327868
705	0.0232282	0.00327868
715	0.0138676	0
725	0.0169878	0.00655735
735	0.0114408	0
745	0.0135209	0.00327868
755	0.00762717	0
765	0.0097073	0.00983603
775	0.00485365	0
785	0.00624041	0.00327868
795	0.00450696	0.00327868
805	0.00450696	0
815	0.00485365	0.00327868
825	0.00208014	0
835	0.00381358	0.00983603
845	0.0031202	0
855	0.0031202	0
865	0.00242683	0
875	0.00208014	0
885	0.00208014	0.00327868
895	0.00242683	0
905	0.00138676	0.00655735
915	0.00138676	0.00327868
925	0.00208014	0.00327868
935	0.00416027	0.0131147
945	0.00208014	0.00655735
955	0.00138676	0
965	0.00208014	0.00327868
975	0.00208014	0.00327868
985	0.00242683	0
995	0.0031202	0.00327868
1005	0.000693379	0
1015	0.00104007	0
1025	0.00208014	0
1035	0.000346689	0
1045	0.00242683	0
1055	0.00104007	0.00327868
1065	0.00173345	0
1075	0.000346689	0.00327868
1085	0.00104007	0
1095	0.00208014	0.00327868
1105	0.000693379	0
1115	0.00138676	0.00327868
1125	0.00138676	0.00327868
1135	0.00138676	0
1145	0.00208014	0
1155	0.00208014	0
1165	0.00138676	0.00327868
1175	0.00138676	0
1185	0.00104007	0
1195	0.000693379	0
