FG time = 3312.31	BG time = 612.962
5	0	0
15	0	0
25	0	0
35	0	0
45	0.00120762	0
55	0.00452856	0.00326284
65	0.0175104	0.00326284
75	0.040757	0.00815711
85	0.0670227	0.01142
95	0.0790988	0.00489426
105	0.0869483	0.00652569
115	0.0896654	0.00489426
125	0.101138	0.00489426
135	0.109893	0.00489426
145	0.115629	0.00326284
155	0.119554	0.00163142
165	0.1268	0.00326284
175	0.120762	0.00163142
185	0.128611	0
195	0.128913	0.00163142
205	0.117441	0.00163142
215	0.108082	0.00489426
225	0.133743	0.00163142
235	0.12529	0
245	0.126498	0.00163142
255	0.119554	0.00163142
265	0.128913	0.00163142
275	0.138876	0
285	0.13797	0.00163142
295	0.132234	0.00163142
305	0.122573	0
315	0.128913	0.00326284
325	0.121063	0.00326284
335	0.136461	0
345	0.131932	0
355	0.114422	0
365	0.121667	0.00163142
375	0.114422	0
385	0.123479	0.00163142
395	0.0929864	0.00326284
405	0.0929864	0
415	0.101138	0
425	0.0950997	0.00163142
435	0.091175	0
445	0.0960054	0
455	0.0860426	0
465	0.0836274	0.00163142
475	0.0893635	0.00326284
485	0.0806083	0
495	0.0757779	0
505	0.0766836	0.00163142
515	0.0736645	0.00326284
525	0.0797026	0
535	0.0673246	0.00163142
545	0.0624941	0
555	0.0540408	0
565	0.0612865	0
575	0.0528332	0.00163142
585	0.0338132	0.00163142
595	0.040757	0.00163142
605	0.0389456	0.00163142
615	0.0350208	0.00326284
625	0.0332094	0
635	0.0347189	0.00163142
645	0.0304923	0
655	0.0268694	0
665	0.0256618	0.00326284
675	0.0208314	0
685	0.0223409	0.00326284
695	0.0172085	0
705	0.0135857	0.00163142
715	0.0132838	0
725	0.00875521	0.00163142
735	0.0114723	0.00163142
745	0.00724569	0.00163142
755	0.00996283	0.00163142
765	0.0075476	0.00326284
775	0.00543427	0.00326284
785	0.00483046	0.00163142
795	0.00301904	0
805	0.00271713	0.00163142
815	0.00120762	0.00163142
825	0.000603808	0
835	0.00211333	0.00163142
845	0.00211333	0.00163142
855	0.00241523	0.00163142
865	0.00211333	0.00326284
875	0.00150952	0
885	0.000905712	0.00163142
895	0.00241523	0.00163142
905	0.00150952	0.00163142
915	0.000905712	0
925	0.000905712	0
935	0.000301904	0.00163142
945	0.00120762	0
955	0.00150952	0.00163142
965	0.000603808	0.00163142
975	0.000905712	0
985	0.00120762	0
995	0.000603808	0.00163142
1005	0.00120762	0.00326284
1015	0.000905712	0
1025	0.00241523	0.00163142
1035	0.00150952	0.00326284
1045	0	0.00163142
1055	0.000603808	0.00163142
1065	0.000603808	0
1075	0.00120762	0.00163142
1085	0.00120762	0
1095	0	0
1105	0.000301904	0
1115	0.000603808	0.00163142
1125	0.00120762	0.00163142
1135	0.000905712	0.00326284
1145	0.000301904	0.00163142
1155	0.000603808	0
1165	0.000603808	0.00163142
1175	0.00150952	0
1185	0.00120762	0.00163142
1195	0.000603808	0
