FG time = 3005.4	BG time = 485.711
5	0	0
15	0	0
25	0	0
35	0	0
45	0.00266188	0
55	0.011313	0
65	0.0346044	0.00205884
75	0.0512412	0.00205884
85	0.0678779	0.012353
95	0.0785255	0.0102942
105	0.0958277	0.00411767
115	0.0978241	0.00823534
125	0.101151	0
135	0.111466	0.00205884
145	0.126107	0.00205884
155	0.117455	0.00205884
165	0.122114	0.00205884
175	0.134425	0.00617651
185	0.136754	0
195	0.140414	0.00617651
205	0.12411	0
215	0.144074	0.00205884
225	0.139416	0.00617651
235	0.140747	0.00205884
245	0.137087	0
255	0.13875	0
265	0.136754	0
275	0.143742	0.00205884
285	0.157051	0.00617651
295	0.129434	0.00411767
305	0.143742	0.00823534
315	0.135756	0.00411767
325	0.139749	0
335	0.133427	0
345	0.129101	0
355	0.122446	0
365	0.126439	0.00205884
375	0.132761	0
385	0.125441	0.00205884
395	0.131098	0
405	0.109803	0
415	0.115792	0
425	0.123445	0.00205884
435	0.115459	0
445	0.112132	0
455	0.110135	0.00205884
465	0.0915021	0.00411767
475	0.089173	0.00205884
485	0.0938313	0.00411767
495	0.0848474	0.00205884
505	0.0835165	0
515	0.0771945	0.00205884
525	0.0732017	0.00617651
535	0.0722035	0.00205884
545	0.0672125	0.00411767
555	0.0605578	0
565	0.0522394	0.00205884
575	0.0622214	0.00411767
585	0.0558995	0.00205884
595	0.0505757	0.00411767
605	0.0479138	0.00617651
615	0.0459174	0
625	0.0472484	0
635	0.0372663	0
645	0.0372663	0
655	0.0306116	0.00205884
665	0.0259533	0.00617651
675	0.0206296	0.00205884
685	0.0186332	0.00205884
695	0.0196314	0
705	0.0192986	0
715	0.0156385	0.00411767
725	0.0123112	0.00411767
735	0.0143076	0.00411767
745	0.00931658	0
755	0.00964931	0.00617651
765	0.00698743	0.00205884
775	0.00366008	0
785	0.00565649	0.00205884
795	0.00565649	0.00205884
805	0.00399282	0.00205884
815	0.00366008	0.00411767
825	0.00199641	0.00823534
835	0.00366008	0
845	0.00166367	0.00205884
855	0.00232914	0
865	0.00332735	0.00617651
875	0.00366008	0
885	0.00133094	0
895	0.00166367	0
905	0.00299461	0
915	0.00299461	0
925	0.00299461	0.00205884
935	0.00299461	0.00205884
945	0.00232914	0.00411767
955	0.00199641	0.00205884
965	0.00266188	0.00205884
975	0.00133094	0.00411767
985	0.00133094	0
995	0.000998205	0.00411767
1005	0	0.00411767
1015	0.00133094	0
1025	0.00366008	0.00205884
1035	0.00166367	0.00205884
1045	0.00133094	0
1055	0.00166367	0.00205884
1065	0.00166367	0
1075	0.00166367	0
1085	0.00266188	0.00205884
1095	0.00166367	0.00411767
1105	0.000998205	0.00205884
1115	0.00232914	0.00411767
1125	0.00232914	0
1135	0.00166367	0
1145	0.00133094	0
1155	0.00199641	0
1165	0.00332735	0
1175	0.00066547	0.00411767
1185	0.00299461	0
1195	0.00133094	0
