FG time = 3411.02	BG time = 1068.48
5	0	0
15	0	0
25	0	0
35	0	0
45	0	0
55	0.000586334	0
65	0.0170037	0.00467952
75	0.0401639	0.0112309
85	0.0829663	0.00655133
95	0.100556	0.0112309
105	0.11844	0.010295
115	0.121664	0.00935905
125	0.119905	0.00561543
135	0.143945	0.00561543
145	0.143652	0.00187181
155	0.143652	0.00561543
165	0.146877	0.00561543
175	0.142479	0.00280771
185	0.148929	0.00280771
195	0.162708	0.00187181
205	0.154206	0.00467952
215	0.154499	0.000935905
225	0.151567	0.00187181
235	0.14717	0.000935905
245	0.155085	0.00187181
255	0.151274	0.000935905
265	0.172089	0.00280771
275	0.15274	0.00280771
285	0.159776	0.000935905
295	0.147756	0.00187181
305	0.153326	0
315	0.143359	0.00280771
325	0.151861	0.000935905
335	0.1416	0.000935905
345	0.141013	0.00187181
355	0.151274	0.00374362
365	0.141893	0.00280771
375	0.143359	0.00187181
385	0.126355	0.000935905
395	0.130753	0
405	0.131339	0.000935905
415	0.11111	0.000935905
425	0.121078	0
435	0.109351	0.00187181
445	0.10085	0.000935905
455	0.103488	0.00187181
465	0.0990905	0.000935905
475	0.09997	0.00187181
485	0.0917613	0.00187181
495	0.0941067	0.00280771
505	0.0867775	0.00280771
515	0.0938135	0.00280771
525	0.0727055	0.000935905
535	0.078862	0.000935905
545	0.075344	0.000935905
555	0.0633241	0.000935905
565	0.0562881	0.000935905
575	0.0545291	0.00187181
585	0.0527701	0.000935905
595	0.0451477	0.00280771
605	0.0518906	0.00187181
615	0.0416297	0.000935905
625	0.0366459	0.000935905
635	0.0348869	0.00187181
645	0.0319552	0.000935905
655	0.0275577	0.00187181
665	0.0231602	0.00561543
675	0.022867	0.00187181
685	0.0181764	0.00187181
695	0.0161242	0.00187181
705	0.0161242	0.00374362
715	0.0114335	0.000935905
725	0.00850185	0.000935905
735	0.010554	0.00187181
745	0.00762235	0.00280771
755	0.00820868	0.000935905
765	0.00791551	0.000935905
775	0.00674284	0.00187181
785	0.00498384	0.00374362
795	0.00586334	0.000935905
805	0.00234534	0.00280771
815	0.00293167	0.000935905
825	0.00293167	0.000935905
835	0.00205217	0
845	0.00234534	0.000935905
855	0.00322484	0.00187181
865	0.00293167	0.00187181
875	0.00146584	0.00187181
885	0.00117267	0.000935905
895	0.001759	0.000935905
905	0.00234534	0.00187181
915	0.00146584	0.000935905
925	0.00205217	0.00187181
935	0.001759	0.000935905
945	0.00146584	0.000935905
955	0.001759	0
965	0.00146584	0.000935905
975	0.000879502	0.000935905
985	0.00146584	0.000935905
995	0.00293167	0.00187181
1005	0.00205217	0.00187181
1015	0.000586334	0.000935905
1025	0.00117267	0.000935905
1035	0.000879502	0
1045	0.00117267	0.000935905
1055	0.00117267	0
1065	0.000879502	0.00187181
1075	0.001759	0
1085	0.000879502	0.000935905
1095	0.000586334	0.000935905
1105	0.000293167	0.000935905
1115	0.00234534	0
1125	0.0026385	0.000935905
1135	0.00146584	0.00374362
1145	0.00146584	0
1155	0.00146584	0.00187181
1165	0.00117267	0.000935905
1175	0.00205217	0
1185	0.001759	0
1195	0.001759	0.000935905
