FG time = 2554.05	BG time = 424.715
5	0	0
15	0	0
25	0	0
35	0	0
45	0	0
55	0	0
65	0	0
75	0	0
85	0.000783069	0
95	0.000783069	0
105	0.0011746	0
115	0.00195767	0
125	0.00234921	0
135	0.00313228	0
145	0.00548148	0
155	0.00508995	0
165	0.00783069	0
175	0.00978836	0
185	0.00508995	0
195	0.00783069	0
205	0.011746	0
215	0.00508995	0.00235452
225	0.00743915	0
235	0.0129206	0
245	0.00783069	0
255	0.00587302	0
265	0.00743915	0
275	0.0101799	0
285	0.00743915	0
295	0.00939683	0
305	0.00704762	0
315	0.00313228	0.00235452
325	0.00626455	0
335	0.00822222	0
345	0.00704762	0.00235452
355	0.00430688	0
365	0.00587302	0
375	0.00469841	0
385	0.00352381	0
395	0.00743915	0
405	0.00430688	0
415	0.00430688	0
425	0.00508995	0
435	0.00548148	0
445	0.00430688	0.00235452
455	0.0011746	0
465	0.00234921	0
475	0.000783069	0
485	0.00195767	0
495	0.00156614	0.00235452
505	0.00234921	0
515	0.000783069	0
525	0.00313228	0
535	0.000783069	0
545	0.00195767	0
555	0.000783069	0
565	0.00195767	0
575	0.000783069	0
585	0.000783069	0
595	0.00156614	0
605	0.00156614	0
615	0.0011746	0
625	0	0
635	0.000783069	0
645	0.000391534	0
655	0.000391534	0
665	0.000783069	0
675	0.00195767	0
685	0	0
695	0.0011746	0
705	0.000783069	0.00235452
715	0.0011746	0
725	0	0
735	0.000391534	0
745	0	0
755	0	0
765	0.000391534	0
775	0	0
785	0	0.00235452
795	0.000391534	0
805	0	0
815	0.000391534	0
825	0	0
835	0	0
845	0	0
855	0	0
865	0	0
875	0	0
885	0.000391534	0
895	0	0
905	0	0
915	0	0
925	0	0
935	0	0
945	0.000391534	0
955	0.000391534	0
965	0	0
975	0	0
985	0	0
995	0.000391534	0
1005	0	0
1015	0	0
1025	0	0
1035	0.000391534	0
1045	0	0
1055	0	0
1065	0	0
1075	0.000783069	0
1085	0	0
1095	0.000391534	0
1105	0	0
1115	0	0
1125	0	0
1135	0	0
1145	0	0
1155	0.000391534	0
1165	0	0
1175	0.000391534	0
1185	0	0
1195	0	0
