FG time = 2408.99	BG time = 365.714
5	0	0
15	0	0
25	0	0
35	0	0
45	0	0
55	0	0
65	0	0
75	0	0
85	0	0
95	0	0
105	0	0
115	0.000830222	0
125	0.000830222	0
135	0.00124533	0
145	0.000830222	0
155	0.00332089	0
165	0.00249067	0
175	0.00332089	0
185	0.00207556	0
195	0.00332089	0
205	0.00539645	0
215	0.00290578	0
225	0.00871734	0
235	0.00664178	0
245	0.007472	0
255	0.00705689	0
265	0.00664178	0
275	0.007472	0
285	0.00622667	0
295	0.00830222	0
305	0.00664178	0.00273438
315	0.00871734	0
325	0.00996267	0
335	0.00664178	0
345	0.00788711	0
355	0.00996267	0
365	0.00539645	0
375	0.00996267	0
385	0.0103778	0
395	0.0103778	0
405	0.00788711	0
415	0.00871734	0
425	0.00498133	0.00273438
435	0.00539645	0
445	0.0116231	0
455	0.007472	0.00273438
465	0.00498133	0
475	0.00415111	0
485	0.00705689	0
495	0.00788711	0
505	0.00498133	0
515	0.00415111	0
525	0.00539645	0
535	0.00498133	0
545	0.00830222	0
555	0.00290578	0
565	0.00456622	0
575	0.00539645	0
585	0.00332089	0
595	0.00332089	0
605	0.00415111	0.00273438
615	0.00415111	0
625	0.00124533	0
635	0.00166044	0
645	0.00332089	0
655	0.00166044	0
665	0.00207556	0
675	0.00249067	0.00273438
685	0.000830222	0
695	0.00124533	0.00273438
705	0.00124533	0.00273438
715	0.00290578	0
725	0.000830222	0.00273438
735	0.00124533	0
745	0	0.00273438
755	0.00124533	0
765	0.000415111	0
775	0.000830222	0.00273438
785	0.00124533	0.00273438
795	0	0.00273438
805	0.000415111	0.00273438
815	0.000830222	0
825	0	0
835	0.00166044	0
845	0.00124533	0
855	0	0.00273438
865	0.000415111	0.00273438
875	0	0.00546876
885	0.000830222	0.00273438
895	0	0.00273438
905	0.000415111	0.00273438
915	0.000415111	0
925	0.000830222	0
935	0.000415111	0
945	0	0
955	0.000415111	0
965	0.00124533	0
975	0.000415111	0
985	0.00124533	0.00273438
995	0.00124533	0.00546876
1005	0.000415111	0
1015	0	0
1025	0	0
1035	0.00166044	0
1045	0.000830222	0
1055	0.000830222	0
1065	0.000415111	0
1075	0.00166044	0.00273438
1085	0.000830222	0.00273438
1095	0.00166044	0.00273438
1105	0.00166044	0
1115	0.000830222	0
1125	0.000830222	0
1135	0.00124533	0
1145	0.00207556	0
1155	0	0
1165	0.00166044	0
1175	0.000415111	0
1185	0.00124533	0.00273438
1195	0.00124533	0.00546876
