FG time = 3312.24	BG time = 493.581
5	0	0
15	0	0
25	0	0
35	0.000905732	0
45	0.000603821	0
55	0.00935923	0.00202601
65	0.0380407	0.0162081
75	0.0809121	0.00202601
85	0.127708	0.00810404
95	0.112009	0.00202601
105	0.139181	0.0121561
115	0.13435	0.00405202
125	0.157899	0.01013
135	0.160616	0.00607803
145	0.161824	0.00405202
155	0.173599	0.00405202
165	0.169674	0.00202601
175	0.184166	0.00202601
185	0.191109	0.00607803
195	0.180241	0.00607803
205	0.179335	0.00202601
215	0.18326	0.00202601
225	0.192015	0.00202601
235	0.194129	0
245	0.180543	0.00202601
255	0.188392	0.00202601
265	0.188392	0.00202601
275	0.187185	0.00202601
285	0.175712	0.00607803
295	0.177222	0.00202601
305	0.159409	0
315	0.172391	0
325	0.167259	0.00405202
335	0.173599	0.00810404
345	0.155786	0.00202601
355	0.161824	0.00405202
365	0.153974	0.00405202
375	0.155182	0.00202601
385	0.149748	0.00202601
395	0.151559	0
405	0.13435	0.00202601
415	0.130123	0.00202601
425	0.128614	0
435	0.12167	0.00202601
445	0.133445	0
455	0.120764	0
465	0.118651	0
475	0.113518	0.00202601
485	0.100234	0.00202601
495	0.104461	0
505	0.0951019	0.00405202
515	0.0809121	0
525	0.0827235	0.00202601
535	0.091177	0.00202601
545	0.0791006	0.00202601
555	0.0836293	0
565	0.0685337	0
575	0.0612879	0
585	0.0627974	0.00202601
595	0.0612879	0
605	0.0495133	0.00405202
615	0.0470981	0
625	0.0489095	0.00202601
635	0.0428713	0
645	0.0365312	0.00202601
655	0.0335121	0.00607803
665	0.02687	0.00607803
675	0.0289834	0.00405202
685	0.0295872	0
695	0.0208318	0.00202601
705	0.0123783	0.00607803
715	0.0214357	0
725	0.0132841	0
735	0.0138879	0.00405202
745	0.00815159	0.00202601
755	0.00784968	0.00202601
765	0.00815159	0.00607803
775	0.00754777	0.00810404
785	0.00543439	0.00405202
795	0.00332102	0
805	0.00452866	0.00405202
815	0.00452866	0.00202601
825	0.0027172	0.00405202
835	0.00362293	0.00202601
845	0.00332102	0.00810404
855	0.00181146	0
865	0.00181146	0.00202601
875	0.00301911	0
885	0.00241529	0.00607803
895	0.00241529	0
905	0.00150955	0
915	0.00120764	0.00202601
925	0.0027172	0.00202601
935	0.00211337	0
945	0.00332102	0.00202601
955	0.00241529	0
965	0.00181146	0.00202601
975	0.00120764	0.00202601
985	0.000905732	0.00405202
995	0.00211337	0
1005	0.00181146	0.00607803
1015	0.00241529	0.00202601
1025	0.000905732	0
1035	0.0027172	0.00202601
1045	0.00120764	0.00405202
1055	0.00150955	0
1065	0.00241529	0
1075	0.00241529	0.00405202
1085	0.00241529	0
1095	0.00120764	0.00202601
1105	0.00150955	0.00607803
1115	0.000301911	0.00607803
1125	0.0027172	0
1135	0.000603821	0
1145	0.0027172	0.00607803
1155	0.000905732	0.00202601
1165	0.00120764	0
1175	0.00150955	0.00405202
1185	0.000905732	0
1195	0.0027172	0.00202601
