FG time = 3606.45	BG time = 484.918
5	0	0
15	0	0
25	0	0
35	0	0
45	0	0
55	0	0
65	0	0
75	0	0
85	0	0
95	0	0
105	0	0
115	0.000277281	0
125	0.000277281	0
135	0.00138641	0
145	0.000554563	0
155	0.00194097	0
165	0.00221825	0
175	0.00249553	0
185	0.00388194	0
195	0.00582291	0
205	0.00526834	0.0020622
215	0.00804116	0
225	0.00415922	0.0020622
235	0.00499106	0.00412441
245	0.00526834	0
255	0.00831844	0
265	0.00970484	0
275	0.00859572	0
285	0.0105367	0
295	0.00776388	0.0020622
305	0.0110913	0.0020622
315	0.00831844	0.0020622
325	0.00831844	0
335	0.00998213	0
345	0.00665475	0.0020622
355	0.00748659	0.0020622
365	0.00859572	0.0020622
375	0.0113685	0
385	0.00637747	0.0020622
395	0.00720931	0
405	0.00720931	0
415	0.00693203	0
425	0.00637747	0
435	0.00610019	0
445	0.00748659	0
455	0.00748659	0
465	0.00665475	0.00412441
475	0.00693203	0
485	0.00665475	0
495	0.00637747	0
505	0.0044365	0
515	0.0044365	0
525	0.0044365	0
535	0.00499106	0.0020622
545	0.00471378	0
555	0.0044365	0
565	0.00332738	0
575	0.00277281	0
585	0.00415922	0
595	0.00332738	0
605	0.00388194	0
615	0.0044365	0.0020622
625	0.00138641	0
635	0.00221825	0
645	0.00332738	0
655	0.00277281	0.0020622
665	0.00138641	0.0020622
675	0.00166369	0
685	0.00110913	0.0020622
695	0.00110913	0.00412441
705	0.000554563	0
715	0.00166369	0
725	0.000277281	0
735	0.00110913	0
745	0.000554563	0
755	0.00110913	0
765	0.000831844	0
775	0.000277281	0.0020622
785	0.00110913	0
795	0.000831844	0
805	0.00110913	0
815	0.00194097	0
825	0.000554563	0
835	0.000831844	0.0020622
845	0.000831844	0.00412441
855	0.000554563	0
865	0.000554563	0.0020622
875	0.000277281	0
885	0.00110913	0
895	0.000554563	0
905	0.00166369	0.0020622
915	0.000831844	0
925	0.000831844	0.0020622
935	0.000831844	0
945	0.000554563	0
955	0.00110913	0.0020622
965	0.00110913	0
975	0.000277281	0
985	0.000831844	0.0020622
995	0.000831844	0
1005	0.000277281	0
1015	0.000277281	0
1025	0.000554563	0
1035	0.00110913	0
1045	0.000277281	0
1055	0.00138641	0.0020622
1065	0.000831844	0
1075	0.000554563	0.0020622
1085	0.000831844	0.0020622
1095	0	0.0020622
1105	0	0
1115	0.000554563	0
1125	0.000554563	0
1135	0.000554563	0.0020622
1145	0.000554563	0.0020622
1155	0.000554563	0
1165	0.000277281	0
1175	0.000277281	0
1185	0.000831844	0
1195	0.000554563	0.0020622
