FG time = 2884.43	BG time = 305.001
5	0	0
15	0	0
25	0	0
35	0	0
45	0	0
55	0	0
65	0	0
75	0	0
85	0	0
95	0	0
105	0.000693379	0
115	0.000693379	0
125	0.00104007	0
135	0.00381358	0
145	0.0065871	0
155	0.00381358	0
165	0.0065871	0
175	0.00832055	0
185	0.00624041	0
195	0.010054	0
205	0.00762717	0
215	0.00520034	0.00327868
225	0.00762717	0
235	0.00728048	0.00327868
245	0.00797386	0
255	0.00762717	0
265	0.00450696	0
275	0.0065871	0
285	0.00485365	0.00327868
295	0.00346689	0
305	0.00762717	0
315	0.00416027	0
325	0.00346689	0
335	0.00346689	0
345	0.00346689	0
355	0.00381358	0
365	0.00173345	0
375	0.00208014	0
385	0.00277352	0
395	0.00346689	0
405	0.00242683	0
415	0.0031202	0
425	0.000693379	0
435	0.00104007	0
445	0.00242683	0
455	0.0031202	0
465	0.000346689	0
475	0.000693379	0
485	0.00242683	0
495	0.000346689	0
505	0.00173345	0
515	0.00104007	0
525	0.00104007	0
535	0.000693379	0
545	0.000346689	0
555	0.000693379	0
565	0.000346689	0
575	0.00104007	0
585	0.000693379	0
595	0.000693379	0
605	0.000693379	0
615	0	0
625	0.000693379	0
635	0.000346689	0
645	0.000346689	0
655	0	0
665	0	0
675	0.000346689	0
685	0	0
695	0.000693379	0
705	0	0
715	0	0
725	0	0
735	0.000346689	0
745	0.000346689	0
755	0.000693379	0
765	0.000346689	0
775	0	0
785	0.000346689	0
795	0.000346689	0.00327868
805	0.000693379	0
815	0.000346689	0
825	0.000693379	0
835	0	0
845	0	0
855	0	0
865	0	0
875	0	0
885	0.000346689	0
895	0	0
905	0	0
915	0.000346689	0
925	0	0
935	0	0
945	0	0.00327868
955	0	0
965	0	0
975	0	0
985	0.000346689	0
995	0	0
1005	0	0
1015	0.000346689	0
1025	0	0
1035	0.000693379	0
1045	0.000346689	0
1055	0	0
1065	0.000346689	0
1075	0	0
1085	0.000346689	0
1095	0.000346689	0
1105	0	0
1115	0	0
1125	0.000346689	0
1135	0	0
1145	0	0
1155	0.000346689	0
1165	0	0
1175	0	0
1185	0	0
1195	0	0
