FG time = 3604.27	BG time = 484.899
5	0	0
15	0	0
25	0	0
35	0	0
45	0.000832345	0
55	0.0138724	0.00824914
65	0.0446692	0.00618686
75	0.0887835	0.00618686
85	0.119303	0.0185606
95	0.156758	0.00206229
105	0.18922	0.00206229
115	0.190052	0.00824914
125	0.207531	0.00824914
135	0.218352	0.00206229
145	0.230837	0.0123737
155	0.239161	0.00412457
165	0.248594	0.00412457
175	0.252478	0.00412457
185	0.273564	0.00206229
195	0.277448	0
205	0.274674	0.00206229
215	0.28272	0.00206229
225	0.265796	0.00206229
235	0.275229	0
245	0.280223	0.00824914
255	0.281055	0.00206229
265	0.28383	0
275	0.275506	0.00206229
285	0.276061	0.00618686
295	0.277726	0.00412457
305	0.276894	0.00206229
315	0.273009	0.0103114
325	0.254698	0.00206229
335	0.251646	0
345	0.263299	0.0103114
355	0.248594	0.00206229
365	0.231115	0.00206229
375	0.24471	0.0103114
385	0.245819	0.00412457
395	0.257472	0
405	0.224733	0
415	0.224733	0.00206229
425	0.225288	0.00206229
435	0.218352	0.00412457
445	0.203092	0
455	0.191994	0.00412457
465	0.186723	0.00206229
475	0.182561	0.00206229
485	0.181729	0.00206229
495	0.165359	0
505	0.165914	0
515	0.159533	0
525	0.141499	0.00412457
535	0.134563	0
545	0.147603	0.00412457
555	0.129291	0
565	0.112644	0.00412457
575	0.109315	0.00412457
585	0.0910031	0
595	0.0929452	0.00206229
605	0.0848992	0
615	0.0871188	0
625	0.0749111	0
635	0.0604838	0.00206229
645	0.0624259	0.00206229
655	0.0485535	0
665	0.0518829	0.00206229
675	0.0427271	0
685	0.0355134	0.00206229
695	0.0338487	0.00824914
705	0.0310742	0.00206229
715	0.0294095	0.00412457
725	0.0188665	0.00412457
735	0.0210861	0.00206229
745	0.0122077	0.00206229
755	0.0124852	0.00206229
765	0.0086009	0.00206229
775	0.00998815	0.00206229
785	0.00471662	0
795	0.00554897	0.00412457
805	0.00693621	0
815	0.00416173	0
825	0.00388428	0
835	0.00305193	0
845	0.00305193	0.00618686
855	0.00194214	0.00412457
865	0.00277448	0.00618686
875	0.00221959	0.00206229
885	0.00416173	0.0103114
895	0.00305193	0.00412457
905	0.00221959	0.00206229
915	0.00277448	0.00206229
925	0.00166469	0
935	0.00332938	0.00412457
945	0.00221959	0.00206229
955	0.00332938	0.00206229
965	0.00305193	0.00412457
975	0.00249704	0.00206229
985	0.00388428	0.00412457
995	0.00249704	0
1005	0.00221959	0.00618686
1015	0.000832345	0
1025	0.00277448	0.00412457
1035	0.00249704	0.00412457
1045	0.00221959	0.00618686
1055	0.00194214	0.00412457
1065	0.00249704	0
1075	0.00249704	0.00206229
1085	0.00221959	0
1095	0.00194214	0.00618686
1105	0.00221959	0.00206229
1115	0.00194214	0
1125	0.00388428	0.00206229
1135	0.00166469	0.00206229
1145	0.00194214	0
1155	0.00194214	0.00206229
1165	0.00166469	0
1175	0.00305193	0.00206229
1185	0.00194214	0
1195	0.000832345	0
