FG time = 3099.91	BG time = 485.521
5	0	0
15	0	0
25	0	0
35	0.00032259	0
45	0.00258072	0.00205964
55	0.0309687	0.00617893
65	0.0835509	0.0164771
75	0.140649	0
85	0.172909	0.0144175
95	0.192264	0.00617893
105	0.223878	0.00205964
115	0.243233	0.00411928
125	0.273557	0.00411928
135	0.268718	0.00823857
145	0.26775	0.00411928
155	0.288396	0.00617893
165	0.297751	0.00411928
175	0.300654	0
185	0.308074	0.00411928
195	0.325494	0.00411928
205	0.325494	0
215	0.336784	0
225	0.322913	0.00205964
235	0.330978	0.00205964
245	0.317106	0
255	0.327429	0.00411928
265	0.315493	0.00617893
275	0.33872	0.00205964
285	0.305171	0.00411928
295	0.34001	0.00205964
305	0.315493	0.00205964
315	0.320978	0.00205964
325	0.307106	0
335	0.295493	0.00205964
345	0.313235	0.00205964
355	0.294203	0
365	0.284847	0
375	0.291622	0.00411928
385	0.266137	0.00617893
395	0.259685	0.00411928
405	0.271621	0
415	0.257105	0.00823857
425	0.242588	0
435	0.230652	0
445	0.236136	0
455	0.231943	0.00205964
465	0.232265	0.00617893
475	0.205168	0.00205964
485	0.194199	0.00205964
495	0.184522	0.00205964
505	0.165489	0
515	0.175812	0.00411928
525	0.158715	0
535	0.155811	0.00823857
545	0.136133	0
555	0.142262	0.00205964
565	0.140327	0.00205964
575	0.120004	0
585	0.100326	0.00411928
595	0.103874	0.00205964
605	0.0974223	0.00205964
615	0.0829058	0
625	0.0896802	0.00411928
635	0.0741958	0.00411928
645	0.0654859	0.00205964
655	0.0632277	0
665	0.055163	0
675	0.046453	0.00617893
685	0.0435497	0.00411928
695	0.0390334	0.00411928
705	0.0348398	0.00205964
715	0.0341946	0.00617893
725	0.0238717	0.00205964
735	0.021291	0.00205964
745	0.0180651	0
755	0.0154843	0.00205964
765	0.00806476	0.00205964
775	0.00935512	0.00205964
785	0.00870994	0
795	0.00967771	0.00205964
805	0.00612922	0.00205964
815	0.00258072	0
825	0.00612922	0.00823857
835	0.00387109	0
845	0.00290331	0
855	0.0032259	0.00205964
865	0.00258072	0
875	0.00225813	0.00205964
885	0.0035485	0
895	0.00193554	0.00411928
905	0.0032259	0.00205964
915	0.00225813	0
925	0.00451627	0
935	0.00161295	0
945	0.00258072	0
955	0.00161295	0
965	0.0035485	0.00205964
975	0.00290331	0.00205964
985	0.00258072	0
995	0.00387109	0.00205964
1005	0.00225813	0.00411928
1015	0.00290331	0.00823857
1025	0.00258072	0
1035	0.00129036	0
1045	0.00193554	0.00205964
1055	0.00258072	0.00205964
1065	0.00193554	0
1075	0.00161295	0.00205964
1085	0.00258072	0.00617893
1095	0.00193554	0
1105	0.00129036	0.00411928
1115	0.00129036	0.00205964
1125	0.00193554	0.00205964
1135	0.0032259	0
1145	0.000645181	0
1155	0.00161295	0.00411928
1165	0.000967771	0
1175	0.00161295	0.00617893
1185	0.00161295	0
1195	0.00193554	0.0102982
