FG time = 3244.35	BG time = 485.166
5	0	0
15	0	0
25	0	0
35	0	0
45	0	0
55	0	0
65	0	0
75	0	0
85	0	0
95	0	0
105	0	0
115	0.000308228	0
125	0.00123291	0
135	0.000616457	0
145	0.000308228	0
155	0.000308228	0
165	0.000924685	0
175	0.00123291	0
185	0.00154114	0
195	0.00369874	0
205	0.00246583	0.00206115
215	0.00369874	0
225	0.00462343	0
235	0.0043152	0
245	0.00400697	0
255	0.00616457	0
265	0.00493166	0.00206115
275	0.00462343	0
285	0.00523988	0
295	0.00616457	0
305	0.00493166	0
315	0.00554811	0
325	0.00678103	0.00206115
335	0.00462343	0
345	0.00523988	0
355	0.00493166	0
365	0.00554811	0
375	0.00770571	0.00206115
385	0.0064728	0
395	0.00339051	0
405	0.00585634	0.0041223
415	0.00400697	0
425	0.00554811	0
435	0.00339051	0.00206115
445	0.00523988	0
455	0.0043152	0
465	0.00339051	0
475	0.00493166	0
485	0.00369874	0.00206115
495	0.00616457	0
505	0.00246583	0
515	0.00523988	0
525	0.00184937	0
535	0.00462343	0.00206115
545	0.00523988	0
555	0.00277406	0.00206115
565	0.00462343	0
575	0.00154114	0
585	0.00339051	0.00206115
595	0.00246583	0
605	0.00339051	0
615	0.0021576	0
625	0.00184937	0.0041223
635	0.00369874	0
645	0.0021576	0
655	0.00184937	0
665	0.00154114	0.00206115
675	0.00154114	0
685	0.00123291	0
695	0.000924685	0
705	0.00123291	0.00206115
715	0.000924685	0.00206115
725	0.000924685	0
735	0.00154114	0
745	0.00123291	0
755	0.00123291	0.00206115
765	0.000616457	0
775	0.000308228	0.00206115
785	0.000924685	0.0041223
795	0.000924685	0
805	0.000616457	0
815	0.000616457	0
825	0.00246583	0
835	0.000308228	0.00206115
845	0.00123291	0
855	0.000616457	0
865	0.000616457	0.00206115
875	0.000616457	0
885	0	0.00206115
895	0.000308228	0
905	0.000924685	0
915	0.000308228	0.00206115
925	0.000616457	0.00206115
935	0.000308228	0
945	0.00123291	0
955	0.000616457	0
965	0.000308228	0
975	0.000308228	0.0041223
985	0.000616457	0
995	0	0
1005	0.00123291	0
1015	0.00123291	0
1025	0.00123291	0
1035	0.000616457	0.00206115
1045	0.00154114	0
1055	0.000308228	0.00206115
1065	0.000616457	0.00206115
1075	0.000308228	0
1085	0	0
1095	0.000924685	0
1105	0.000616457	0
1115	0.000924685	0
1125	0.000616457	0
1135	0.000308228	0.00206115
1145	0.000924685	0.00206115
1155	0.000308228	0
1165	0.000924685	0
1175	0.000616457	0
1185	0.000924685	0
1195	0.000924685	0
