FG time = 3164.55	BG time = 484.87
5	0	0
15	0	0
25	0	0
35	0	0
45	0	0
55	0	0
65	0	0
75	0	0
85	0	0
95	0.000316	0
105	0	0
115	0.000316	0
125	0.000632001	0
135	0.002212	0
145	0.002844	0
155	0.002212	0
165	0.003792	0
175	0.002844	0
185	0.00663601	0
195	0.00663601	0
205	0.002844	0
215	0.00600401	0
225	0.00568801	0
235	0.00821601	0
245	0.010744	0
255	0.00537201	0.00412482
265	0.00695201	0
275	0.00758401	0
285	0.00663601	0
295	0.00758401	0.00206241
305	0.00948001	0.00206241
315	0.012324	0.00206241
325	0.00568801	0
335	0.00790001	0.00206241
345	0.00821601	0
355	0.00916401	0
365	0.00790001	0
375	0.00948001	0.00206241
385	0.00790001	0
395	0.010744	0
405	0.00853201	0.00412482
415	0.00790001	0
425	0.00853201	0
435	0.00695201	0
445	0.004108	0.00206241
455	0.00663601	0
465	0.00505601	0
475	0.004108	0
485	0.00632001	0
495	0.00790001	0
505	0.00726801	0
515	0.004424	0.00206241
525	0.00821601	0
535	0.00632001	0
545	0.00568801	0
555	0.004424	0
565	0.002844	0.00412482
575	0.00474001	0.00206241
585	0.00158	0.00206241
595	0.00474001	0
605	0.004424	0
615	0.003476	0
625	0.002212	0
635	0.002844	0
645	0.00158	0
655	0.002844	0
665	0.001264	0
675	0.002528	0
685	0.001264	0
695	0.000948001	0
705	0.00158	0.00206241
715	0.000632001	0.00206241
725	0.001264	0.00206241
735	0.001264	0
745	0.000948001	0
755	0.000632001	0
765	0.000632001	0
775	0.000948001	0
785	0.001264	0
795	0.000948001	0
805	0	0.00206241
815	0	0.00206241
825	0.000632001	0
835	0.000316	0
845	0.000632001	0.00206241
855	0.000632001	0
865	0.000632001	0
875	0.000316	0
885	0.000948001	0
895	0	0
905	0	0.00412482
915	0.000948001	0
925	0.000316	0.00412482
935	0.000632001	0.00206241
945	0.000316	0
955	0.001264	0.00206241
965	0.000316	0
975	0.000316	0.00206241
985	0.000948001	0
995	0.000948001	0
1005	0.000948001	0.00206241
1015	0.000316	0.00412482
1025	0.000632001	0
1035	0.000632001	0.00412482
1045	0.000948001	0.00206241
1055	0.000632001	0.00412482
1065	0.000316	0.00206241
1075	0.000632001	0
1085	0.000632001	0
1095	0.000316	0
1105	0.000632001	0
1115	0.000316	0
1125	0	0
1135	0.001264	0
1145	0.000632001	0
1155	0.000316	0.00206241
1165	0.000948001	0.00206241
1175	0.000316	0.00206241
1185	0.001264	0
1195	0.000948001	0
