FG time = 3611.56	BG time = 485.807
5	0	0
15	0	0
25	0	0
35	0	0
45	0.000553777	0
55	0.00664533	0
65	0.0484555	0
75	0.143705	0.00205843
85	0.200744	0.00823372
95	0.230371	0.0123506
105	0.255845	0.00617529
115	0.27052	0.00411686
125	0.28741	0.00205843
135	0.311223	0
145	0.304578	0.00205843
155	0.307623	0.00411686
165	0.333651	0.00411686
175	0.33199	0.00205843
185	0.335035	0.00205843
195	0.329774	0.00205843
205	0.334205	0.00205843
215	0.335035	0.00205843
225	0.326452	0.00617529
235	0.345003	0
245	0.326175	0.00823372
255	0.320637	0
265	0.34085	0
275	0.318145	0.00617529
285	0.355248	0
295	0.317868	0
305	0.296548	0.00205843
315	0.310946	0.00411686
325	0.317868	0
335	0.302362	0.00205843
345	0.306516	0
355	0.279658	0.00411686
365	0.279658	0.00205843
375	0.282426	0
385	0.276612	0
395	0.269966	0
405	0.255291	0.00205843
415	0.241724	0.00411686
425	0.240893	0.00205843
435	0.237847	0
445	0.251415	0.00411686
455	0.240893	0
465	0.215419	0
475	0.203513	0
485	0.206559	0.00205843
495	0.196868	0
505	0.192161	0
515	0.173055	0.00411686
525	0.165303	0
535	0.149797	0
545	0.142875	0.00205843
555	0.133183	0
565	0.13346	0
575	0.120447	0
585	0.107987	0.00205843
595	0.0927577	0.00205843
605	0.0927577	0.00205843
615	0.0897119	0
625	0.0789133	0
635	0.0694991	0
645	0.059808	0.00205843
655	0.0700528	0
665	0.0515013	0.00205843
675	0.0431946	0.00411686
685	0.0387644	0.00205843
695	0.0337804	0
705	0.0312884	0
715	0.0279658	0
725	0.022428	0
735	0.0213204	0
745	0.0146751	0
755	0.0102449	0.00205843
765	0.00996799	0.00617529
775	0.00664533	0.00205843
785	0.00470711	0
795	0.00553777	0.00617529
805	0.00526088	0
815	0.00387644	0.00411686
825	0.00415333	0.00411686
835	0.00193822	0.00205843
845	0.00304578	0.00411686
855	0.00221511	0.00205843
865	0.002492	0
875	0.00193822	0
885	0.00138444	0.00205843
895	0.000830666	0
905	0.00276889	0
915	0.000553777	0
925	0.00138444	0
935	0.00166133	0
945	0.00193822	0
955	0.00193822	0
965	0.000830666	0
975	0.00138444	0.00205843
985	0.000830666	0
995	0.00110755	0
1005	0.00138444	0
1015	0.00221511	0
1025	0.00166133	0.00205843
1035	0.00166133	0
1045	0.00166133	0.00205843
1055	0.00221511	0.00205843
1065	0.00166133	0
1075	0.00138444	0
1085	0.002492	0
1095	0.00166133	0.00205843
1105	0.000830666	0.00205843
1115	0.00193822	0
1125	0.000276889	0
1135	0.00110755	0.00205843
1145	0.00221511	0.00205843
1155	0.000276889	0
1165	0.000553777	0
1175	0.00166133	0.00205843
1185	0.00166133	0
1195	0.00110755	0.00205843
