FG time = 1513.17	BG time = 313.122
5	0	0
15	0	0
25	0	0
35	0	0.00319364
45	0.00264346	0.00638728
55	0.00660865	0.00319364
65	0.0218085	0.00958093
75	0.0475823	0.0159682
85	0.0647648	0.0127746
95	0.0852516	0.0127746
105	0.0898776	0.00638728
115	0.093182	0.00958093
125	0.0945037	0.00319364
135	0.0984689	0
145	0.0991298	0.00638728
155	0.0892168	0.00638728
165	0.110364	0.00638728
175	0.109043	0
185	0.0991298	0
195	0.113008	0.00638728
205	0.108382	0.00319364
215	0.119617	0
225	0.107721	0.00638728
235	0.101773	0
245	0.104417	0
255	0.116312	0
265	0.10706	0
275	0.101773	0.00319364
285	0.106399	0
295	0.10706	0
305	0.10706	0
315	0.103095	0.00638728
325	0.097808	0
335	0.0971472	0
345	0.0958254	0.00638728
355	0.0872342	0
365	0.0872342	0
375	0.0997906	0
385	0.0905385	0
395	0.101112	0
405	0.0812864	0.00319364
415	0.0819473	0
425	0.0779821	0
435	0.063443	0
445	0.0693908	0.00319364
455	0.0779821	0
465	0.0627822	0
475	0.0647648	0
485	0.0601387	0
495	0.0726952	0
505	0.0482431	0
515	0.0574953	0
525	0.0522083	0
535	0.0548518	0
545	0.0449388	0
555	0.0482431	0
565	0.0403128	0
575	0.0303998	0
585	0.0416345	0
595	0.0277563	0
605	0.0284172	0
615	0.0290781	0
625	0.0231303	0
635	0.0264346	0
645	0.0237911	0
655	0.0151999	0
665	0.014539	0.00319364
675	0.0178434	0
685	0.014539	0.00319364
695	0.0125564	0
705	0.0105738	0
715	0.00991298	0
725	0.0105738	0.00958093
735	0.0105738	0
745	0.00462606	0
755	0.00330433	0
765	0.00396519	0.00638728
775	0.00330433	0
785	0.00396519	0
795	0.0019826	0
805	0.00264346	0
815	0.0019826	0
825	0.00330433	0
835	0.0019826	0.00319364
845	0.0019826	0.00319364
855	0.00264346	0
865	0.0019826	0
875	0.000660865	0.00319364
885	0.000660865	0.00319364
895	0.000660865	0
905	0.0019826	0
915	0.000660865	0
925	0.00264346	0
935	0	0.00319364
945	0.000660865	0.00319364
955	0.00264346	0
965	0.000660865	0
975	0.0019826	0
985	0.00132173	0
995	0.00132173	0
1005	0.00132173	0
1015	0.00132173	0.00958093
1025	0.000660865	0.00319364
1035	0.000660865	0
1045	0.000660865	0
1055	0.00396519	0.00319364
1065	0	0.00638728
1075	0	0
1085	0.00264346	0
1095	0.00132173	0
1105	0	0.00638728
1115	0	0
1125	0.00132173	0
1135	0.000660865	0
1145	0.00132173	0
1155	0.000660865	0
1165	0.000660865	0
1175	0.00132173	0
1185	0	0
1195	0	0
