FG time = 3613.32	BG time = 486.307
5	0	0
15	0	0
25	0	0
35	0	0
45	0	0
55	0	0
65	0	0
75	0	0
85	0	0
95	0	0
105	0	0
115	0.000276754	0
125	0.000276754	0
135	0.00193728	0
145	0.00110702	0
155	0.00138377	0
165	0.00525833	0
175	0.00415131	0
185	0.00442807	0
195	0.00608859	0
205	0.00553508	0
215	0.0030443	0
225	0.00802587	0
235	0.00581184	0
245	0.00913289	0
255	0.00415131	0.00205631
265	0.00857938	0
275	0.00691885	0
285	0.0066421	0.00205631
295	0.0102399	0.00205631
305	0.00968639	0
315	0.00885613	0.00205631
325	0.00968639	0
335	0.00968639	0
345	0.0110702	0
355	0.00802587	0.00205631
365	0.00940964	0.00205631
375	0.00885613	0
385	0.0110702	0
395	0.00857938	0
405	0.00774912	0
415	0.00857938	0.00205631
425	0.00774912	0
435	0.0066421	0
445	0.00747236	0.00205631
455	0.00857938	0
465	0.00442807	0
475	0.00830262	0
485	0.00387456	0
495	0.00581184	0
505	0.00830262	0
515	0.00747236	0
525	0.00747236	0
535	0.0035978	0
545	0.00691885	0
555	0.00442807	0
565	0.00387456	0
575	0.00498157	0.00205631
585	0.00387456	0
595	0.00470482	0.00205631
605	0.00442807	0
615	0.00249079	0.00205631
625	0.00276754	0
635	0.0035978	0
645	0.00138377	0
655	0.0035978	0
665	0.00193728	0
675	0.00193728	0
685	0.00193728	0.00205631
695	0.00387456	0
705	0.00138377	0
715	0.00166052	0
725	0.000553508	0
735	0.000553508	0.00411263
745	0.000830262	0.00205631
755	0.000830262	0
765	0.000553508	0.00205631
775	0.00138377	0
785	0.000553508	0
795	0.000830262	0
805	0.000276754	0
815	0.00138377	0
825	0.000276754	0
835	0.000830262	0
845	0.000553508	0.00205631
855	0.00249079	0
865	0.000276754	0
875	0.000276754	0
885	0.00110702	0.00205631
895	0.00110702	0
905	0.000830262	0
915	0.000553508	0.00411263
925	0.00110702	0
935	0.000553508	0.00205631
945	0.000276754	0.00205631
955	0.00110702	0.00205631
965	0.00138377	0.00205631
975	0.000830262	0
985	0.00110702	0
995	0.000276754	0
1005	0.00166052	0.00205631
1015	0.00110702	0
1025	0.000553508	0.00205631
1035	0.000553508	0
1045	0.000830262	0.00205631
1055	0.000276754	0
1065	0.000553508	0.00205631
1075	0.00138377	0
1085	0.00166052	0.00205631
1095	0.00166052	0
1105	0.00110702	0
1115	0.00138377	0
1125	0.000276754	0
1135	0.000276754	0.00205631
1145	0.000830262	0.00205631
1155	0.00138377	0.00205631
1165	0.00110702	0.00205631
1175	0.000553508	0.00205631
1185	0.00110702	0
1195	0.000830262	0.00205631
