FG time = 3312.52	BG time = 493.378
5	0	0
15	0	0
25	0	0
35	0	0
45	0.00301885	0
55	0.0123773	0.0101342
65	0.0413583	0.0101342
75	0.0781883	0.0121611
85	0.084226	0.0162148
95	0.112301	0.0101342
105	0.131622	0.0101342
115	0.127698	0.0121611
125	0.149735	0.00608053
135	0.149131	0.00608053
145	0.162414	0.00405369
155	0.171169	0.00608053
165	0.17449	0.00202684
175	0.156075	0.00608053
185	0.166943	0.00202684
195	0.181131	0.00202684
205	0.178414	0.00202684
215	0.184452	0.00202684
225	0.182943	0.00608053
235	0.179924	0.00608053
245	0.188678	0
255	0.19049	0.00202684
265	0.175999	0
275	0.187773	0.00202684
285	0.180829	0.00202684
295	0.177207	0.00202684
305	0.165735	0
315	0.165433	0
325	0.165131	0
335	0.156075	0
345	0.171773	0
355	0.154867	0.00202684
365	0.140377	0
375	0.146414	0
385	0.155773	0
395	0.148829	0
405	0.141886	0
415	0.134339	0
425	0.137358	0.00405369
435	0.133433	0.00202684
445	0.133735	0.00202684
455	0.129509	0.00405369
465	0.128603	0.00202684
475	0.108981	0
485	0.11049	0
495	0.108679	0.00202684
505	0.0987165	0
515	0.103547	0.00405369
525	0.097509	0.00202684
535	0.0899618	0.00405369
545	0.0784902	0.00405369
555	0.0827166	0.00405369
565	0.076377	0.00405369
575	0.0703393	0
585	0.0676223	0.00810738
595	0.0639997	0.00202684
605	0.0555469	0
615	0.0510186	0.00202684
625	0.0419621	0
635	0.0425658	0.00405369
645	0.0398489	0
655	0.0443771	0
665	0.0347168	0.00202684
675	0.031698	0
685	0.0268678	0
695	0.0193207	0.00405369
705	0.0253584	0
715	0.018415	0.00202684
725	0.0144905	0.00608053
735	0.00754713	0
745	0.00845279	0.00202684
755	0.00845279	0.00202684
765	0.00875468	0
775	0.00724525	0
785	0.00845279	0.00608053
795	0.00392451	0.00202684
805	0.00241508	0
815	0.00483017	0
825	0.00332074	0
835	0.00181131	0
845	0.00301885	0.00202684
855	0.00271697	0
865	0.00150943	0
875	0.00241508	0.00405369
885	0.00120754	0
895	0.000905656	0
905	0.00241508	0.00608053
915	0.00301885	0.00405369
925	0.0021132	0
935	0.000603771	0
945	0.00120754	0
955	0.00150943	0.00202684
965	0.00181131	0
975	0.00120754	0
985	0.00120754	0
995	0.000603771	0.00608053
1005	0.0021132	0.00202684
1015	0.00150943	0
1025	0.00150943	0
1035	0.00181131	0
1045	0.000905656	0
1055	0.000905656	0
1065	0.00241508	0.00202684
1075	0.00150943	0.00202684
1085	0.00301885	0
1095	0.00150943	0
1105	0.00150943	0.00202684
1115	0.00120754	0.00202684
1125	0.000301885	0.00202684
1135	0.000905656	0.00405369
1145	0.00120754	0.00405369
1155	0.00150943	0
1165	0.00150943	0.00202684
1175	0.00150943	0
1185	0.000301885	0.00202684
1195	0.0021132	0.00405369
