FG time = 3010.14	BG time = 485.661
5	0	0
15	0	0
25	0	0
35	0	0
45	0.000664421	0
55	0.0122918	0
65	0.0352143	0.00205905
75	0.0737507	0
85	0.114613	0.0164724
95	0.135542	0
105	0.173082	0.0082362
115	0.193014	0.0082362
125	0.216933	0.0041181
135	0.206967	0.00617715
145	0.23753	0.00205905
155	0.265768	0.00617715
165	0.271416	0.0041181
175	0.269755	0.00205905
185	0.286365	0.00205905
195	0.305966	0.00205905
205	0.302644	0
215	0.302976	0.00617715
225	0.320251	0.0041181
235	0.280385	0
245	0.307959	0
255	0.321247	0.0041181
265	0.301647	0.0041181
275	0.325898	0
285	0.30364	0
295	0.294338	0
305	0.307294	0
315	0.317925	0.0041181
325	0.312942	0.00205905
335	0.287362	0
345	0.293342	0.00617715
355	0.287694	0
365	0.27208	0.00205905
375	0.277396	0
385	0.278724	0.0102953
395	0.274738	0.0041181
405	0.263775	0.00205905
415	0.2465	0
425	0.251151	0
435	0.227232	0.0041181
445	0.233212	0
455	0.221916	0
465	0.20298	0.00205905
475	0.20298	0
485	0.184709	0.00205905
495	0.189692	0.00205905
505	0.172417	0.0041181
515	0.18637	0
525	0.171088	0.0041181
535	0.17142	0
545	0.153481	0
555	0.139196	0.00205905
565	0.124579	0
575	0.133549	0.00205905
585	0.108633	0.0041181
595	0.10365	0.00205905
605	0.0976698	0.00205905
615	0.0976698	0.0041181
625	0.0780694	0
635	0.0780694	0
645	0.0720896	0.00205905
655	0.0674387	0.00617715
665	0.0621233	0
675	0.0511604	0.00617715
685	0.0431873	0.00205905
695	0.0445162	0.00205905
705	0.0408619	0
715	0.0325566	0.00205905
725	0.0255802	0.00205905
735	0.0186038	0.0041181
745	0.0212615	0
755	0.0159461	0
765	0.012624	0
775	0.00930189	0.00205905
785	0.00597978	0.00205905
795	0.00664421	0
805	0.00597978	0
815	0.00232547	0.00205905
825	0.00498315	0.00205905
835	0.00166105	0
845	0.00232547	0
855	0.00431873	0
865	0.000996631	0.00205905
875	0.00199326	0.00205905
885	0.00199326	0
895	0.00166105	0
905	0.00199326	0.0041181
915	0.00199326	0.00205905
925	0.000996631	0
935	0.00232547	0.0041181
945	0.000996631	0.0041181
955	0.00232547	0
965	0.00265768	0.00205905
975	0.00166105	0
985	0.00166105	0.00205905
995	0.00199326	0.0041181
1005	0.00232547	0.0041181
1015	0.00199326	0.0041181
1025	0.000996631	0.00205905
1035	0.000996631	0
1045	0.00166105	0.0041181
1055	0.000996631	0
1065	0.00199326	0
1075	0.00132884	0.00205905
1085	0.00166105	0.00205905
1095	0.00232547	0
1105	0.00132884	0
1115	0.000996631	0.0041181
1125	0.00265768	0.00205905
1135	0.00166105	0.00205905
1145	0.00132884	0.00205905
1155	0.000664421	0
1165	0.00132884	0
1175	0.000664421	0
1185	0.000996631	0.00205905
1195	0.000996631	0.00205905
