FG time = 3611.89	BG time = 569.71
5	0	0
15	0	0
25	0	0
35	0	0
45	0.000830591	0
55	0.00719845	0
65	0.0379303	0.00351056
75	0.0960716	0.00702112
85	0.149506	0.0140422
95	0.175255	0.0105317
105	0.192143	0.0087764
115	0.205986	0.00526584
125	0.214292	0.00351056
135	0.228689	0.00526584
145	0.240318	0.00175528
155	0.256652	0.00175528
165	0.242809	0.00351056
175	0.269665	0.00526584
185	0.254991	0.00351056
195	0.261636	0.00351056
205	0.251392	0.0105317
215	0.26219	0.00702112
225	0.267727	0
235	0.259698	0.00175528
245	0.248623	0
255	0.263851	0
265	0.263851	0.00351056
275	0.248623	0.00175528
285	0.265789	0.00175528
295	0.259421	0.00526584
305	0.246409	0.00175528
315	0.254714	0.00351056
325	0.240594	0.00351056
335	0.248623	0.00526584
345	0.239764	0.00175528
355	0.233673	0
365	0.226751	0.00175528
375	0.212908	0.00526584
385	0.22066	0.00351056
395	0.196296	0.00175528
405	0.200449	0.00351056
415	0.194358	0.00526584
425	0.196296	0.00351056
435	0.172209	0
445	0.169994	0.00351056
455	0.171655	0
465	0.160027	0.00175528
475	0.158366	0.00175528
485	0.143138	0
495	0.151444	0.00175528
505	0.15006	0
515	0.125696	0.00526584
525	0.124589	0
535	0.105762	0
545	0.0946873	0.00351056
555	0.0960716	0.00175528
565	0.103824	0.00175528
575	0.0783524	0
585	0.0813979	0.00175528
595	0.068939	0.00175528
605	0.0672778	0.00175528
615	0.0639555	0.00175528
625	0.0653398	0.00175528
635	0.0542652	0
645	0.0484511	0.00526584
655	0.0359923	0.00175528
665	0.0329468	0.00351056
675	0.0299013	0
685	0.0251946	0.00175528
695	0.0215954	0
705	0.0204879	0.00175528
715	0.0168887	0.00175528
725	0.012182	0.00175528
735	0.0160581	0.00526584
745	0.0091365	0
755	0.00692159	0.00175528
765	0.00526041	0.00351056
775	0.00636786	0.00351056
785	0.00581413	0.00526584
795	0.00415295	0.0087764
805	0.00332236	0.00175528
815	0.00387609	0
825	0.00249177	0
835	0.00193804	0.00175528
845	0.00193804	0.00175528
855	0.00193804	0.00175528
865	0.00332236	0.00175528
875	0.00221491	0
885	0.00110745	0.00175528
895	0.00249177	0.00175528
905	0.000553727	0.00526584
915	0.00138432	0.00175528
925	0.00166118	0.00526584
935	0.00249177	0
945	0.00138432	0.00175528
955	0.000276864	0.00175528
965	0.00110745	0.00702112
975	0.0030455	0.00175528
985	0.00193804	0
995	0.00110745	0.00702112
1005	0.00110745	0.00175528
1015	0.00166118	0.00175528
1025	0.00138432	0
1035	0.00110745	0.00175528
1045	0.00249177	0.00351056
1055	0.00249177	0.00175528
1065	0.00249177	0.00351056
1075	0.00138432	0.00175528
1085	0.000830591	0.00175528
1095	0.00221491	0.00175528
1105	0.00138432	0
1115	0.00249177	0
1125	0.00166118	0
1135	0.00221491	0
1145	0.00193804	0
1155	0.00221491	0
1165	0.00110745	0
1175	0.00166118	0
1185	0.00221491	0.00175528
1195	0.0030455	0
