FG time = 3243.89	BG time = 484.57
5	0	0
15	0	0
25	0	0
35	0.000308272	0
45	0.00524063	0.00206368
55	0.0246618	0.00825474
65	0.0582634	0.0144458
75	0.0977222	0.00619105
85	0.125158	0.0123821
95	0.142113	0.0103184
105	0.166159	0.00619105
115	0.157219	0.0165095
125	0.181572	0.00206368
135	0.188046	0.00825474
145	0.198527	0.00206368
155	0.196061	0.00619105
165	0.216715	0.00412737
175	0.225655	0.00206368
185	0.211783	0.00206368
195	0.219181	0.00619105
205	0.212708	0
215	0.235212	0.00412737
225	0.239219	0.00825474
235	0.228738	0.00206368
245	0.223806	0.00825474
255	0.234903	0.00206368
265	0.233362	0.00412737
275	0.222572	0
285	0.227813	0.00206368
295	0.227505	0
305	0.22473	0
315	0.213941	0.00206368
325	0.219798	0
335	0.213941	0
345	0.216715	0.00412737
355	0.217024	0.00412737
365	0.2087	0
375	0.201302	0
385	0.181881	0
395	0.189587	0
405	0.187738	0
415	0.19082	0
425	0.164617	0.00412737
435	0.178798	0
445	0.165234	0
455	0.164309	0.00412737
465	0.155061	0.00206368
475	0.149204	0
485	0.142422	0
495	0.146121	0
505	0.132557	0
515	0.125158	0
525	0.118993	0.00206368
535	0.110978	0
545	0.0977222	0
555	0.0983388	0
565	0.102346	0.00206368
575	0.0823086	0
585	0.0826169	0
595	0.0792259	0
605	0.0656619	0.00412737
615	0.0678199	0
625	0.0517897	0
635	0.0564138	0.00412737
645	0.0462408	0.00206368
655	0.0443912	0
665	0.0332934	0
675	0.0329851	0
685	0.0320603	0.00412737
695	0.0265114	0.00206368
705	0.0228121	0.00206368
715	0.0212708	0
725	0.0147971	0.00206368
735	0.0166467	0.00206368
745	0.0154136	0.00412737
755	0.0104813	0.00206368
765	0.00955643	0.00619105
775	0.00524063	0
785	0.00277445	0.00619105
795	0.00462408	0
805	0.00524063	0.00206368
815	0.00431581	0.00206368
825	0.00246618	0.00206368
835	0.00246618	0
845	0.00277445	0.00206368
855	0.00184963	0
865	0.0021579	0.00412737
875	0.00154136	0.00412737
885	0.00246618	0
895	0.00154136	0.00206368
905	0.000924816	0
915	0.00246618	0
925	0.00184963	0
935	0.00154136	0
945	0.0021579	0.00206368
955	0.00184963	0.00206368
965	0.0021579	0
975	0.000924816	0
985	0.00277445	0
995	0.00154136	0.00412737
1005	0.000924816	0.00206368
1015	0.0021579	0.00206368
1025	0.00123309	0.00412737
1035	0.000924816	0.00206368
1045	0.000616544	0
1055	0.000616544	0
1065	0.0021579	0.00206368
1075	0.00184963	0
1085	0.00123309	0
1095	0.000924816	0
1105	0.00154136	0.00206368
1115	0.000308272	0.00206368
1125	0.00123309	0
1135	0.000308272	0.00206368
1145	0.00154136	0.00412737
1155	0.00123309	0.00619105
1165	0.000616544	0
1175	0.0021579	0.00206368
1185	0.000616544	0.00206368
1195	0.000616544	0
