FG time = 3603.96	BG time = 485.054
5	0	0
15	0	0
25	0	0
35	0	0
45	0.000277473	0
55	0.00471703	0.00412326
65	0.0266374	0.00824651
75	0.0729753	0.00824651
85	0.0887912	0.0206163
95	0.117648	0.0103081
105	0.12847	0.0206163
115	0.140956	0.00618488
125	0.15372	0.00618488
135	0.157604	0.00412326
145	0.17453	0.00412326
155	0.179247	0.00206163
165	0.191179	0.00412326
175	0.180357	0.00824651
185	0.197838	0.0103081
195	0.210047	0.00618488
205	0.207827	0.00412326
215	0.186462	0.00206163
225	0.205607	0
235	0.214764	0.00412326
245	0.207827	0.00412326
255	0.202555	0.00412326
265	0.213099	0.00824651
275	0.210602	0
285	0.197006	0
295	0.208382	0.00206163
305	0.198948	0.00206163
315	0.211434	0.00824651
325	0.20422	0.00206163
335	0.203942	0.00412326
345	0.197838	0.0103081
355	0.192843	0.00412326
365	0.178692	0.00206163
375	0.179525	0.00412326
385	0.171756	0.00412326
395	0.17897	0
405	0.180357	0.00206163
415	0.175363	0.00412326
425	0.166484	0.00412326
435	0.151223	0
445	0.147338	0
455	0.153165	0.00618488
465	0.143731	0.00206163
475	0.133464	0.00206163
485	0.127082	0.00206163
495	0.119868	0
505	0.117648	0
515	0.115706	0
525	0.110434	0.00412326
535	0.112376	0
545	0.0993352	0
555	0.0896237	0.00206163
565	0.0835193	0.00412326
575	0.0868489	0
585	0.0801896	0
595	0.0729753	0.00412326
605	0.0660385	0.00206163
615	0.0566044	0.00206163
625	0.0560495	0.00824651
635	0.0488352	0.00412326
645	0.0529973	0.00206163
655	0.0516099	0.00206163
665	0.0341291	0.00412326
675	0.0338517	0.00412326
685	0.0291346	0.00412326
695	0.0271923	0.00206163
705	0.0244176	0
715	0.0188681	0.00412326
725	0.0224753	0.00824651
735	0.0155385	0.00824651
745	0.0130412	0.00412326
755	0.0127637	0.00618488
765	0.00971154	0.00206163
775	0.00832418	0.00206163
785	0.00693682	0
795	0.0061044	0.00618488
805	0.00554945	0.00206163
815	0.00554945	0.00824651
825	0.00554945	0
835	0.0061044	0.00206163
845	0.0030522	0.00206163
855	0.00416209	0.00618488
865	0.0030522	0.00206163
875	0.00360714	0.00412326
885	0.0030522	0.00206163
895	0.00443956	0.00206163
905	0.0030522	0
915	0.00416209	0.00412326
925	0.00110989	0.00206163
935	0.00277473	0.00618488
945	0.00332967	0.00618488
955	0.00194231	0.00412326
965	0.00360714	0.00206163
975	0.00221978	0
985	0.00388462	0.00206163
995	0.00277473	0
1005	0.00277473	0.00206163
1015	0.00360714	0.00618488
1025	0.00499451	0.00618488
1035	0.00277473	0.00206163
1045	0.0030522	0
1055	0.00166484	0.00412326
1065	0.00138736	0.00824651
1075	0.0030522	0.00412326
1085	0.000832418	0.00206163
1095	0.00138736	0.00412326
1105	0.00221978	0
1115	0.0030522	0.00412326
1125	0.00221978	0.00412326
1135	0.00332967	0.00206163
1145	0.00221978	0.00206163
1155	0.00471703	0.00412326
1165	0.00277473	0
1175	0.0030522	0.00206163
1185	0.00277473	0.00206163
1195	0.0030522	0.00206163
