FG time = 3244.29	BG time = 485.373
5	0	0
15	0	0
25	0	0
35	0.000308234	0
45	0.00400705	0
55	0.0225011	0.00824108
65	0.0588727	0.0103013
75	0.112197	0.0164822
85	0.131308	0.0206027
95	0.148569	0.00618081
105	0.153809	0.0144219
115	0.177543	0.0185424
125	0.184324	0.0144219
135	0.204976	0.00412054
145	0.19727	0.00412054
155	0.212065	0.00618081
165	0.208675	0.00618081
175	0.219771	0.00206027
185	0.237032	0.00618081
195	0.233642	0.00824108
205	0.217613	0.00412054
215	0.231792	0.00824108
225	0.221929	0
235	0.222237	0.00412054
245	0.257992	0.00206027
255	0.235491	0.00412054
265	0.243505	0
275	0.237649	0.00206027
285	0.245971	0
295	0.228402	0.00412054
305	0.230867	0.00206027
315	0.220387	0.00206027
325	0.224395	0.00206027
335	0.227477	0
345	0.233025	0.00412054
355	0.211757	0
365	0.214839	0
375	0.208983	0
385	0.195112	0
395	0.202818	0.00206027
405	0.189256	0.00412054
415	0.180933	0
425	0.170762	0
435	0.170454	0.00412054
445	0.158124	0.00618081
455	0.169221	0.00206027
465	0.156891	0
475	0.151343	0.00206027
485	0.144562	0.00206027
495	0.147952	0
505	0.151035	0
515	0.127609	0.00206027
525	0.115588	0.00206027
535	0.113122	0
545	0.106341	0
555	0.109115	0.00206027
565	0.0970938	0
575	0.0958608	0.00206027
585	0.0853809	0
595	0.0810656	0.00412054
605	0.068428	0.00412054
615	0.0641127	0.00618081
625	0.0576398	0.00412054
635	0.0647292	0.00206027
645	0.0493175	0
655	0.0471598	0.00206027
665	0.0391457	0
675	0.0372963	0.00412054
685	0.028974	0
695	0.0295905	0.00206027
705	0.0212682	0.00206027
715	0.0206517	0
725	0.0154117	0
735	0.0157199	0
745	0.00924703	0.00412054
755	0.0101717	0.00206027
765	0.00863056	0.00206027
775	0.00739762	0.00206027
785	0.00493175	0
795	0.00308234	0.00206027
805	0.00369881	0.00618081
815	0.00369881	0
825	0.00369881	0.00206027
835	0.00308234	0.00206027
845	0.00308234	0
855	0.00246587	0.00206027
865	0.00184941	0
875	0.00308234	0.00412054
885	0.000924703	0.00206027
895	0.00215764	0
905	0.00184941	0
915	0.00184941	0.00206027
925	0.000308234	0.00206027
935	0.00184941	0
945	0.00215764	0
955	0.00123294	0.00412054
965	0	0.00206027
975	0.00123294	0
985	0.00123294	0.00206027
995	0.000924703	0
1005	0.000616468	0
1015	0.00215764	0
1025	0.00215764	0.00412054
1035	0.00123294	0.00206027
1045	0.00123294	0.00206027
1055	0.000308234	0
1065	0.00123294	0.00206027
1075	0	0.00618081
1085	0.00123294	0.00206027
1095	0.000308234	0.00412054
1105	0.00184941	0
1115	0.000308234	0
1125	0.00184941	0.00206027
1135	0.00184941	0.00206027
1145	0.00184941	0.00412054
1155	0.000924703	0.00206027
1165	0.00246587	0
1175	0.000924703	0
1185	0.00184941	0.00206027
1195	0.00184941	0
