FG time = 3378.63	BG time = 621.091
5	0	0
15	0	0
25	0	0
35	0	0
45	0.000295978	0
55	0.00147989	0
65	0.0124311	0
75	0.0446926	0.00161007
85	0.0745864	0.00805035
95	0.109512	0.00322014
105	0.125791	0.00483021
115	0.137926	0.00322014
125	0.162492	0.00644028
135	0.180842	0.00966042
145	0.192978	0.00483021
155	0.209256	0.00161007
165	0.214288	0
175	0.228199	0.00322014
185	0.227311	0.00161007
195	0.225831	0.00161007
205	0.238854	0.00161007
215	0.258685	0.00161007
225	0.232047	0.00644028
235	0.251877	0.00161007
245	0.24063	0.00161007
255	0.239742	0.00644028
265	0.264604	0
275	0.26194	0.00322014
285	0.259573	0.00161007
295	0.250397	0.00161007
305	0.258093	0
315	0.251285	0
325	0.238854	0
335	0.239446	0
345	0.24655	0.00161007
355	0.259869	0.00322014
365	0.241518	0
375	0.224647	0.00161007
385	0.225535	0.00322014
395	0.240038	0
405	0.213992	0.00322014
415	0.215176	0.00161007
425	0.21932	0
435	0.200081	0
445	0.190018	0
455	0.177883	0.00322014
465	0.19209	0
475	0.18321	0.00161007
485	0.184986	0.00161007
495	0.167819	0.00161007
505	0.155388	0.00161007
515	0.144733	0
525	0.143253	0.00161007
535	0.135262	0.00322014
545	0.139702	0
555	0.127862	0.00161007
565	0.122535	0
575	0.112176	0.00161007
585	0.0944169	0.00322014
595	0.0982646	0.00322014
605	0.0899772	0
615	0.0896813	0
625	0.0778422	0
635	0.066299	0
645	0.0642272	0.00322014
655	0.0591956	0
665	0.0515001	0.00161007
675	0.0500202	0.00483021
685	0.0458766	0.00161007
695	0.0346294	0.00322014
705	0.0275259	0
715	0.0322616	0
725	0.0304857	0.00161007
735	0.0233822	0
745	0.0165748	0
755	0.0147989	0.00161007
765	0.0162788	0.00322014
775	0.013319	0
785	0.00887933	0
795	0.00828738	0.00161007
805	0.00887933	0
815	0.00443967	0.00161007
825	0.00414369	0.00161007
835	0.00414369	0.00322014
845	0.00325576	0.00161007
855	0.00384771	0.00322014
865	0	0.00483021
875	0.00443967	0
885	0.00118391	0
895	0.000295978	0
905	0.00177587	0.00483021
915	0.00147989	0
925	0.00207184	0.00805035
935	0.00177587	0.00161007
945	0.00118391	0
955	0.00325576	0
965	0.0026638	0.00161007
975	0.00207184	0
985	0.00236782	0.00161007
995	0.00236782	0.00161007
1005	0.000887933	0
1015	0.00236782	0.00483021
1025	0.00147989	0.00161007
1035	0.00177587	0
1045	0.000591956	0
1055	0.00147989	0.00161007
1065	0.000887933	0.00161007
1075	0.000887933	0
1085	0.00118391	0.00161007
1095	0.00177587	0
1105	0.00177587	0.00483021
1115	0.00147989	0
1125	0.00207184	0
1135	0.00147989	0
1145	0.00118391	0
1155	0.00207184	0
1165	0.00207184	0
1175	0.000887933	0.00322014
1185	0.00177587	0
1195	0.00118391	0
