FG time = 1807.97	BG time = 365.417
5	0	0
15	0	0
25	0	0
35	0	0
45	0	0
55	0.00165932	0.0027366
65	0.0387175	0.00547319
75	0.0862847	0.00820979
85	0.122237	0.0191562
95	0.131086	0.0164196
105	0.180866	0.0027366
115	0.189716	0.00547319
125	0.184738	0.0027366
135	0.197459	0
145	0.196906	0.0109464
155	0.211287	0.0109464
165	0.211287	0.00547319
175	0.233411	0.0027366
185	0.227327	0
195	0.225668	0.0027366
205	0.231199	0.00547319
215	0.253876	0.00547319
225	0.233411	0
235	0.245026	0.00547319
245	0.232858	0.0027366
255	0.238389	0.00547319
265	0.220137	0
275	0.239495	0
285	0.251664	0.0027366
295	0.247239	0.0027366
305	0.25996	0
315	0.226774	0
325	0.207415	0.0027366
335	0.235624	0.0027366
345	0.213499	0.00547319
355	0.199672	0.0027366
365	0.199119	0.0027366
375	0.206309	0.0027366
385	0.204097	0.0027366
395	0.193034	0.0027366
405	0.20299	0
415	0.175335	0
425	0.191375	0
435	0.163167	0.00547319
445	0.182525	0
455	0.158189	0
465	0.152658	0.00547319
475	0.167591	0.00547319
485	0.131086	0
495	0.131639	0
505	0.132193	0.0027366
515	0.117812	0
525	0.119471	0.0027366
535	0.103431	0.0027366
545	0.116152	0
555	0.100665	0
565	0.0962406	0.0027366
575	0.0873909	0.0027366
585	0.0873909	0
595	0.0779881	0.00547319
605	0.0613949	0
615	0.0658197	0.0027366
625	0.0564169	0
635	0.0613949	0
645	0.0503327	0
655	0.0409299	0
665	0.0392706	0
675	0.0342926	0
685	0.0293147	0.00547319
695	0.0226774	0.0027366
705	0.0237836	0
715	0.0243367	0.00547319
725	0.0182525	0.0027366
735	0.0182525	0.0027366
745	0.0121684	0.0027366
755	0.0127215	0
765	0.0149339	0
775	0.0110621	0
785	0.00497796	0.00547319
795	0.00387175	0
805	0.00553107	0
815	0.00387175	0.00547319
825	0.00608418	0
835	0.00387175	0
845	0.00497796	0.00547319
855	0.00719039	0.00547319
865	0.00442486	0.00820979
875	0.00387175	0
885	0.00276554	0.00547319
895	0.00276554	0
905	0.00497796	0
915	0.00442486	0.0027366
925	0	0
935	0.00331864	0
945	0.00442486	0.0027366
955	0.00221243	0.0027366
965	0.00221243	0.0027366
975	0.00110621	0
985	0.00221243	0.0027366
995	0.00110621	0
1005	0.00110621	0.0027366
1015	0.00497796	0
1025	0.000553107	0
1035	0.00276554	0
1045	0.00110621	0
1055	0.000553107	0
1065	0.00608418	0.0027366
1075	0.00276554	0
1085	0.00221243	0
1095	0.00221243	0.0027366
1105	0.00276554	0
1115	0.00276554	0
1125	0.00276554	0
1135	0.00387175	0
1145	0.00387175	0
1155	0.00110621	0
1165	0	0
1175	0.00276554	0.0027366
1185	0.00110621	0
1195	0.00110621	0
