FG time = 3312.28	BG time = 493.057
5	0	0
15	0	0
25	0	0
35	0.000603814	0
45	0.00301907	0.00202816
55	0.0144915	0.00405633
65	0.038946	0.0141972
75	0.0718538	0.00405633
85	0.0984216	0.00202816
95	0.120461	0.00608449
105	0.149142	0.00608449
115	0.152161	0.00608449
125	0.148538	0.00608449
135	0.166049	0.00405633
145	0.179031	0.00405633
155	0.189597	0.00811266
165	0.187484	0.00405633
175	0.186578	0
185	0.185975	0.00202816
195	0.195334	0.00405633
205	0.205297	0.00405633
215	0.191711	0.00811266
225	0.202278	0.00608449
235	0.212844	0.00405633
245	0.200466	0.00608449
255	0.208316	0
265	0.200164	0.00405633
275	0.195032	0.00811266
285	0.194428	0.00405633
295	0.21224	0.00202816
305	0.18688	0.00202816
315	0.2059	0.00405633
325	0.179635	0.00405633
335	0.199862	0.00405633
345	0.190503	0.00608449
355	0.17571	0.00202816
365	0.18688	0.00405633
375	0.176917	0
385	0.172993	0.00405633
395	0.161822	0.00608449
405	0.163935	0
415	0.15518	0.00405633
425	0.159105	0.00405633
435	0.151557	0.00608449
445	0.155482	0.00405633
455	0.142802	0.00202816
465	0.139179	0
475	0.132839	0
485	0.128612	0.00202816
495	0.125593	0.00405633
505	0.115328	0
515	0.104762	0.00405633
525	0.104158	0.00202816
535	0.0957045	0.00202816
545	0.0881568	0.00202816
555	0.100233	0
565	0.0848358	0.00202816
575	0.0787977	0.00202816
585	0.0709481	0.00202816
595	0.0724576	0
605	0.0685328	0
615	0.0564566	0.00608449
625	0.0579661	0
635	0.0594756	0
645	0.0404555	0.00202816
655	0.0386441	0
665	0.0362288	0
675	0.0362288	0.00202816
685	0.0256621	0.00202816
695	0.0295869	0.00202816
705	0.0256621	0.00405633
715	0.0223411	0
725	0.0172087	0.00405633
735	0.0132839	0.00202816
745	0.0111706	0.00608449
755	0.00815148	0.00202816
765	0.00996292	0.00608449
775	0.00935911	0.00202816
785	0.00784958	0
795	0.00845339	0
805	0.00603814	0.00608449
815	0.00362288	0.00405633
825	0.0045286	0
835	0.00332097	0.00405633
845	0.00271716	0
855	0.00271716	0
865	0.00181144	0.00202816
875	0.00392479	0
885	0.00301907	0
895	0.00271716	0.00202816
905	0.00241525	0
915	0.00362288	0
925	0.00120763	0.00202816
935	0.00332097	0.00405633
945	0.00241525	0.00202816
955	0.00181144	0.00405633
965	0.00271716	0.00202816
975	0.00211335	0
985	0.00211335	0
995	0.00362288	0.00405633
1005	0.00211335	0.00405633
1015	0.00181144	0
1025	0.00241525	0.00202816
1035	0.00120763	0.00811266
1045	0.00301907	0.00202816
1055	0.00120763	0.00811266
1065	0.00090572	0.00202816
1075	0.00211335	0
1085	0.00332097	0.00405633
1095	0.00181144	0.00202816
1105	0.00271716	0.00608449
1115	0.00301907	0.00608449
1125	0.00211335	0.00608449
1135	0.00271716	0.00202816
1145	0.00150953	0.00202816
1155	0.00181144	0.00405633
1165	0.00181144	0
1175	0.00090572	0.00202816
1185	0.000603814	0.00405633
1195	0.00211335	0
