FG time = 3343.04	BG time = 485.444
5	0	0
15	0	0
25	0	0
35	0	0
45	0	0
55	0	0
65	0	0
75	0	0
85	0	0
95	0	0
105	0.000598257	0
115	0.000299129	0
125	0	0
135	0.000897386	0
145	0.000598257	0
155	0.00329041	0
165	0.0020939	0
175	0.000897386	0
185	0.00299129	0
195	0.00478606	0
205	0.00568344	0.00205997
215	0.0083756	0
225	0.0083756	0
235	0.00598257	0.00205997
245	0.00598257	0
255	0.00957212	0
265	0.00927299	0
275	0.0101704	0
285	0.00747822	0
295	0.00987124	0.00205997
305	0.0101704	0
315	0.00717909	0
325	0.0110678	0
335	0.00538432	0
345	0.00987124	0.00205997
355	0.00777734	0
365	0.00927299	0.00411994
375	0.00598257	0.00205997
385	0.00777734	0
395	0.00867473	0
405	0.00538432	0
415	0.00897386	0
425	0.00867473	0
435	0.00777734	0.00205997
445	0.00598257	0
455	0.00658083	0.00205997
465	0.00508519	0
475	0.00777734	0
485	0.00478606	0
495	0.00568344	0.00205997
505	0.0062817	0.00205997
515	0.00448693	0.00205997
525	0.00568344	0
535	0.00448693	0
545	0.00448693	0
555	0.00299129	0.00205997
565	0.00478606	0
575	0.00329041	0
585	0.00299129	0
595	0.0041878	0
605	0.00329041	0.00205997
615	0.0020939	0
625	0.00149564	0
635	0.00179477	0.00411994
645	0.00149564	0
655	0.00179477	0
665	0.00149564	0.00205997
675	0.00149564	0.00205997
685	0.000598257	0
695	0.00119651	0
705	0.00149564	0
715	0.00119651	0
725	0.000598257	0
735	0.000598257	0
745	0.000598257	0
755	0	0
765	0.00149564	0
775	0.00119651	0
785	0	0
795	0.00119651	0.00205997
805	0.000897386	0.00205997
815	0.000598257	0
825	0	0
835	0	0.00205997
845	0.000299129	0
855	0	0.00205997
865	0.000299129	0
875	0.00119651	0.00205997
885	0.000897386	0.00411994
895	0.00119651	0
905	0.000598257	0
915	0.00119651	0
925	0.00149564	0.00205997
935	0.000897386	0
945	0	0.00205997
955	0.000598257	0
965	0.000598257	0
975	0.000299129	0
985	0.000897386	0
995	0.00119651	0.00205997
1005	0.000299129	0
1015	0.000897386	0
1025	0.00149564	0
1035	0.000897386	0.00205997
1045	0.000598257	0
1055	0.00119651	0
1065	0.000897386	0
1075	0.000897386	0
1085	0.00119651	0
1095	0.000598257	0
1105	0.00119651	0
1115	0	0
1125	0.00119651	0
1135	0.0020939	0
1145	0	0
1155	0.000598257	0
1165	0.00239303	0.00617991
1175	0.000897386	0.00411994
1185	0.000897386	0
1195	0.000598257	0
