FG time = 2830.24	BG time = 305.926
5	0	0
15	0	0
25	0	0
35	0	0
45	0	0
55	0.00423992	0
65	0.0226129	0.00326877
75	0.0526457	0.00326877
85	0.0840918	0.00326877
95	0.129318	0.00980631
105	0.152991	0
115	0.18055	0.00326877
125	0.209876	0
135	0.218356	0
145	0.232136	0.00653754
155	0.256515	0.00326877
165	0.254749	0
175	0.256162	0.00653754
185	0.278068	0.00326877
195	0.294321	0.00653754
205	0.292555	0
215	0.303508	0.00326877
225	0.271355	0
235	0.307748	0.00653754
245	0.306688	0.00326877
255	0.317288	0.00326877
265	0.319761	0
275	0.316934	0.00653754
285	0.303861	0
295	0.316228	0.00653754
305	0.314108	0
315	0.280895	0.00326877
325	0.314814	0
335	0.310574	0
345	0.288315	0.00326877
355	0.283722	0
365	0.279835	0.00653754
375	0.281248	0
385	0.270295	0
395	0.262522	0.00326877
405	0.255455	0
415	0.257575	0
425	0.232842	0.00980631
435	0.242029	0
445	0.250862	0.00326877
455	0.244502	0.00326877
465	0.223303	0
475	0.218709	0.00326877
485	0.213056	0.00326877
495	0.20069	0
505	0.188677	0
515	0.17949	0
525	0.175603	0
535	0.166064	0
545	0.16995	0
555	0.136384	0.00326877
565	0.139211	0.00326877
575	0.120131	0
585	0.123664	0.00326877
595	0.112711	0.00326877
605	0.102465	0.00326877
615	0.101405	0.00326877
625	0.0978716	0
635	0.0964583	0
645	0.073492	0
655	0.0657188	0
665	0.0650122	0
675	0.0494658	0.00326877
685	0.0434592	0
695	0.0409859	0.00326877
705	0.0325061	0
715	0.0293261	0.00326877
725	0.0240262	0.00326877
735	0.0219063	0
745	0.0180197	0
755	0.0158997	0
765	0.0102465	0.00326877
775	0.0116598	0
785	0.00635989	0.00326877
795	0.00635989	0.00326877
805	0.00317994	0.00653754
815	0.00353327	0
825	0.00211996	0
835	0.00247329	0
845	0.00282662	0.00326877
855	0.00282662	0.00653754
865	0.00247329	0.00326877
875	0.00282662	0
885	0.00317994	0
895	0.00211996	0.00326877
905	0.00211996	0.00653754
915	0.00141331	0.00326877
925	0.00105998	0
935	0.00282662	0.00326877
945	0.00105998	0
955	0.00282662	0
965	0.00141331	0
975	0.00282662	0.00653754
985	0.0038866	0
995	0.00105998	0.00326877
1005	0.00211996	0.00326877
1015	0.00211996	0
1025	0.00247329	0
1035	0.00211996	0.00326877
1045	0.00176663	0.00653754
1055	0.00247329	0
1065	0.00141331	0
1075	0.00141331	0.00326877
1085	0.00211996	0
1095	0.00105998	0
1105	0.000706654	0.00326877
1115	0.00141331	0.00326877
1125	0.00141331	0
1135	0.00282662	0.00326877
1145	0.00176663	0
1155	0.00211996	0.00326877
1165	0.00141331	0
1175	0.00211996	0
1185	0.00176663	0.00326877
1195	0.00211996	0
