FG time = 2339.31	BG time = 365.453
5	0	0
15	0	0
25	0	0
35	0	0
45	0.000427477	0
55	0.0055572	0.00273633
65	0.0312058	0.00547266
75	0.0897702	0.00273633
85	0.136365	0.00820899
95	0.14748	0.00547266
105	0.162014	0.00547266
115	0.197922	0.0109453
125	0.202197	0.00820899
135	0.216731	0.00820899
145	0.215448	0
155	0.211174	0.00547266
165	0.214593	0.00273633
175	0.224425	0
185	0.248792	0.00547266
195	0.234685	0
205	0.228273	0.0136816
215	0.263326	0
225	0.242379	0.00273633
235	0.234257	0.00273633
245	0.23896	0
255	0.23041	0.00547266
265	0.234685	0.00547266
275	0.235112	0
285	0.255631	0
295	0.23725	0.00273633
305	0.226563	0
315	0.224853	0
325	0.229555	0
335	0.236395	0
345	0.228273	0
355	0.229555	0.00273633
365	0.218013	0.00273633
375	0.224853	0
385	0.211174	0
395	0.1898	0.00820899
405	0.199632	0
415	0.176548	0
425	0.180395	0.00273633
435	0.17783	0
445	0.163296	0
455	0.142777	0
465	0.154319	0
475	0.167571	0
485	0.150472	0
495	0.127816	0
505	0.125251	0.00273633
515	0.126961	0.00273633
525	0.113281	0.00820899
535	0.120121	0
545	0.0970373	0
555	0.0957549	0.00273633
565	0.094045	0.00273633
575	0.0829306	0
585	0.084213	0
595	0.0773733	0
605	0.0713887	0
615	0.0701062	0.00547266
625	0.0632666	0.00273633
635	0.0538621	0.00273633
645	0.04745	0
655	0.0397554	0
665	0.0406103	0
675	0.0397554	0.00273633
685	0.0341982	0
695	0.0324883	0.00273633
705	0.0226563	0.00273633
715	0.0230838	0.00273633
725	0.0218013	0.00273633
735	0.0170991	0
745	0.0132518	0.00273633
755	0.0111144	0.00273633
765	0.0102594	0
775	0.00983197	0.00273633
785	0.00769459	0.00547266
795	0.00598468	0.00273633
805	0.00512972	0.00273633
815	0.00299234	0
825	0.00427477	0.00547266
835	0.00213739	0
845	0.00256486	0.00273633
855	0.00213739	0
865	0.00384729	0.00273633
875	0.00170991	0
885	0.00128243	0
895	0.00170991	0.00273633
905	0.00128243	0.00273633
915	0.00213739	0
925	0	0.00273633
935	0.00128243	0
945	0.000427477	0
955	0.00213739	0.00273633
965	0.00170991	0
975	0.00128243	0.00273633
985	0.00170991	0
995	0.000427477	0
1005	0.000854954	0.00273633
1015	0.00128243	0.00273633
1025	0.00170991	0
1035	0.00384729	0
1045	0.000854954	0.00273633
1055	0.00128243	0
1065	0.00256486	0
1075	0.00170991	0
1085	0.000854954	0
1095	0.00128243	0
1105	0.000854954	0.00273633
1115	0.000854954	0
1125	0.000854954	0.00273633
1135	0.000427477	0.00273633
1145	0.000854954	0
1155	0.00128243	0
1165	0.00299234	0.00820899
1175	0.000427477	0.00273633
1185	0.000854954	0
1195	0.000854954	0
