FG time = 3320.63	BG time = 735.697
5	0	0
15	0	0
25	0	0
35	0.000903444	0.00135926
45	0.0117448	0.00271851
55	0.0298136	0.0122333
65	0.0602296	0.0203888
75	0.093657	0.0163111
85	0.116243	0.0135926
95	0.128891	0.0163111
105	0.140034	0.00951479
115	0.14967	0.00815553
125	0.148165	0.00815553
135	0.162319	0.00815553
145	0.164728	0.00543702
155	0.160211	0.00679628
165	0.189723	0.00407777
175	0.185507	0.00815553
185	0.194542	0.00543702
195	0.189422	0.010874
205	0.191831	0.00407777
215	0.201167	0.00543702
225	0.184302	0.00407777
235	0.196047	0.00271851
245	0.190325	0.00407777
255	0.177075	0.00543702
265	0.180689	0.00271851
275	0.198758	0.00407777
285	0.198456	0.00407777
295	0.199962	0.00407777
305	0.186109	0.00271851
315	0.193638	0.00135926
325	0.185206	0.00135926
335	0.185206	0.00407777
345	0.184905	0.00407777
355	0.182496	0.00407777
365	0.165932	0.00407777
375	0.181592	0.00135926
385	0.158705	0.00271851
395	0.165631	0.00407777
405	0.153585	0.00407777
415	0.150273	0.00679628
425	0.150574	0.00815553
435	0.12859	0.00271851
445	0.147261	0.00135926
455	0.126482	0.00407777
465	0.12859	0
475	0.11293	0.00407777
485	0.113232	0.00135926
495	0.114436	0.00271851
505	0.10239	0
515	0.0978731	0.00135926
525	0.0852248	0.00543702
535	0.0981742	0.00543702
545	0.085526	0.00407777
555	0.0761904	0.00135926
565	0.0740824	0.00271851
575	0.0695652	0.00271851
585	0.0656502	0
595	0.0638433	0.00271851
605	0.0545078	0.00543702
615	0.0460756	0.00271851
625	0.0490871	0.00271851
635	0.040655	0.00407777
645	0.034632	0.00543702
655	0.034632	0.00135926
665	0.0255976	0.00679628
675	0.0289102	0.00271851
685	0.024393	0.00135926
695	0.0234895	0
705	0.0195746	0
715	0.016262	0.00407777
725	0.0141539	0.00135926
735	0.0108413	0.00135926
745	0.0075287	0.00135926
755	0.00542066	0.00407777
765	0.0075287	0.00407777
775	0.00632411	0
785	0.00632411	0
795	0.00481837	0.00543702
805	0.00361377	0.00135926
815	0.00572181	0.00407777
825	0.00421607	0.00543702
835	0.00331263	0.00407777
845	0.00421607	0
855	0.00240918	0.00271851
865	0.00240918	0.00271851
875	0.00451722	0.00135926
885	0.00180689	0.00271851
895	0.00150574	0.00135926
905	0.00511951	0.00271851
915	0.00180689	0.00135926
925	0.00331263	0.00679628
935	0.00240918	0.00271851
945	0.00361377	0.00135926
955	0.00210804	0.00135926
965	0.00361377	0.00135926
975	0.00180689	0.00135926
985	0.00301148	0.00407777
995	0.00240918	0.00271851
1005	0.00180689	0.00543702
1015	0.00301148	0.00271851
1025	0.00421607	0.00135926
1035	0.00150574	0.00271851
1045	0.00331263	0.00271851
1055	0.00361377	0
1065	0.00331263	0.00135926
1075	0.00210804	0.00407777
1085	0.00271033	0
1095	0.00271033	0.00543702
1105	0.00180689	0.00135926
1115	0.00301148	0.00407777
1125	0.00210804	0
1135	0.00301148	0.00271851
1145	0.00210804	0.00135926
1155	0.00120459	0
1165	0.00240918	0.00271851
1175	0.00361377	0.00271851
1185	0.00150574	0.00135926
1195	0.00210804	0.00407777
