FG time = 3399.35	BG time = 612.986
5	0	0
15	0	0
25	0	0
35	0	0
45	0.00647182	0.00163136
55	0.0114728	0.00652544
65	0.0285348	0.00978816
75	0.0482444	0.00489408
85	0.0632473	0.00489408
95	0.0682482	0.00326272
105	0.0764851	0.0081568
115	0.0911938	0.00489408
125	0.0906054	0.00163136
135	0.106785	0.00489408
145	0.10149	0.00163136
155	0.111492	0.00652544
165	0.114433	0.00326272
175	0.117375	0.00326272
185	0.106785	0.00163136
195	0.118552	0.00326272
205	0.130319	0
215	0.127377	0.00652544
225	0.138556	0
235	0.135908	0
245	0.125906	0.00163136
255	0.121788	0
265	0.121199	0
275	0.119729	0.00489408
285	0.132378	0
295	0.12473	0
305	0.125318	0.00163136
315	0.129436	0.00326272
325	0.120317	0
335	0.115904	0
345	0.132084	0.00326272
355	0.121494	0.00163136
365	0.113551	0.00163136
375	0.117964	0
385	0.111786	0.00326272
395	0.109433	0
405	0.109727	0.00163136
415	0.110021	0.00163136
425	0.0985481	0.00326272
435	0.100313	0.00163136
445	0.0976656	0.00326272
455	0.0888404	0.00163136
465	0.0911938	0.00163136
475	0.0811919	0
485	0.0826627	0
495	0.079721	0
505	0.0753084	0.00163136
515	0.0764851	0.00163136
525	0.0629531	0
535	0.0635415	0.00489408
545	0.0605997	0.00163136
555	0.0611881	0.00652544
565	0.0497153	0.00326272
575	0.0485386	0
585	0.0453027	0.00489408
595	0.0520687	0.00163136
605	0.0382425	0.00163136
615	0.042361	0.00163136
625	0.0358892	0
635	0.0353008	0.00163136
645	0.0367717	0.00326272
655	0.028829	0.00163136
665	0.023828	0.00163136
675	0.0258873	0.00163136
685	0.020298	0.00978816
695	0.0161795	0.00326272
705	0.0191213	0.00163136
715	0.0147087	0
725	0.00941355	0.00163136
735	0.0117669	0.00489408
745	0.0055893	0.00489408
755	0.00853103	0.00163136
765	0.00706016	0.00326272
775	0.00794268	0.00489408
785	0.00294173	0.00489408
795	0.00411843	0.00489408
805	0.00411843	0
815	0.00411843	0.00163136
825	0.00588347	0.00326272
835	0.00235339	0
845	0.00235339	0.00652544
855	0.00294173	0
865	0.00294173	0.00163136
875	0.00176504	0.00326272
885	0.00353008	0.00326272
895	0.00235339	0.00489408
905	0.00235339	0.00163136
915	0.00235339	0.00326272
925	0.00147087	0.00163136
935	0.00235339	0.00163136
945	0.00088252	0.00163136
955	0.00117669	0
965	0.00323591	0.00163136
975	0.00147087	0
985	0.00176504	0
995	0.00176504	0.00163136
1005	0.00176504	0.00326272
1015	0.00323591	0.00163136
1025	0.00147087	0
1035	0.00264756	0
1045	0.00147087	0
1055	0.00323591	0.00163136
1065	0.00147087	0
1075	0.00088252	0
1085	0.00147087	0.00489408
1095	0.00176504	0.00489408
1105	0.00088252	0
1115	0.00205921	0.00163136
1125	0.00264756	0.00163136
1135	0.00176504	0.00163136
1145	0.00147087	0
1155	0.00235339	0.00163136
1165	0.00088252	0.00163136
1175	0.00205921	0.00163136
1185	0.00176504	0
1195	0.00176504	0
