FG time = 3319.23	BG time = 734.595
5	0	0
15	0	0
25	0	0
35	0	0
45	0	0
55	0.000903825	0.00544518
65	0.0048204	0.0108904
75	0.0105446	0.00680647
85	0.0141599	0.00680647
95	0.0201854	0.00408388
105	0.0177752	0.00544518
115	0.020788	0.0108904
125	0.0250058	0
135	0.0198842	0.00680647
145	0.0231982	0.00680647
155	0.0286211	0.00544518
165	0.0280186	0.00408388
175	0.0228969	0.00680647
185	0.0234995	0.00136129
195	0.029525	0
205	0.0313326	0.00272259
215	0.0271148	0.00544518
225	0.0331403	0.00272259
235	0.0355505	0.00272259
245	0.0298262	0.00136129
255	0.0319352	0.00408388
265	0.0304288	0
275	0.0331403	0.00272259
285	0.0265122	0.00136129
295	0.0307301	0.00272259
305	0.0283199	0.00272259
315	0.0376594	0.00136129
325	0.0313326	0.00136129
335	0.0349479	0.00408388
345	0.029525	0
355	0.0250058	0
365	0.0298262	0.00136129
375	0.0213905	0.00272259
385	0.0355505	0.00272259
395	0.0286211	0
405	0.0304288	0.00136129
415	0.0238007	0.00408388
425	0.0219931	0.00272259
435	0.0247046	0
445	0.0225956	0.00136129
455	0.0183778	0
465	0.0228969	0.00408388
475	0.0162689	0
485	0.0210893	0.00136129
495	0.0177752	0.00136129
505	0.0213905	0.00272259
515	0.017474	0.00272259
525	0.0156663	0.00136129
535	0.0201854	0
545	0.0171727	0
555	0.0111472	0.00272259
565	0.0165701	0.00272259
575	0.0108459	0.00136129
585	0.0123523	0.00136129
595	0.0105446	0
605	0.00873698	0
615	0.00662805	0
625	0.00632678	0.00408388
635	0.00933953	0
645	0.00451913	0
655	0.00572423	0.00272259
665	0.00662805	0.00136129
675	0.00331403	0.00272259
685	0.00512168	0.00408388
695	0.0024102	0.00272259
705	0.0048204	0
715	0.0048204	0.00136129
725	0.0036153	0.00136129
735	0.00210893	0.00408388
745	0.00271148	0.00136129
755	0.00060255	0.00136129
765	0.0024102	0.00136129
775	0.00180765	0.00136129
785	0.000301275	0
795	0.0012051	0.00272259
805	0.00060255	0.00408388
815	0.00180765	0.00136129
825	0.00060255	0.00272259
835	0.00060255	0.00136129
845	0	0.00272259
855	0.000301275	0.00272259
865	0.000301275	0
875	0.000301275	0
885	0.00060255	0.00272259
895	0	0
905	0	0.00272259
915	0	0.00544518
925	0.00060255	0
935	0.000301275	0.00136129
945	0	0.00136129
955	0.000301275	0.00136129
965	0.000301275	0.00272259
975	0.000301275	0.00408388
985	0.000301275	0
995	0.000903825	0.00408388
1005	0.0012051	0
1015	0.00060255	0.00136129
1025	0.000301275	0.00544518
1035	0.00060255	0.00136129
1045	0.000301275	0.00136129
1055	0.000301275	0.00136129
1065	0.00060255	0
1075	0.000301275	0.00272259
1085	0.000301275	0.00272259
1095	0	0
1105	0	0.00136129
1115	0.000301275	0.00272259
1125	0.000301275	0
1135	0	0.00408388
1145	0.000301275	0.00136129
1155	0	0.00136129
1165	0	0.00136129
1175	0	0
1185	0	0.00272259
1195	0.000301275	0.00136129
