FG time = 1515.67	BG time = 613.937
5	0	0
15	0	0
25	0	0
35	0	0
45	0.000659775	0
55	0.00857708	0.00651532
65	0.0296899	0.00977299
75	0.0494831	0.00977299
85	0.0903892	0.00814415
95	0.0963272	0.0114018
105	0.100946	0.00488649
115	0.112162	0.00977299
125	0.123378	0.00814415
135	0.135914	0.00814415
145	0.136573	0.00814415
155	0.137233	0.00325766
165	0.127337	0.00814415
175	0.153728	0.00162883
185	0.152408	0.00325766
195	0.145151	0.00325766
205	0.144491	0
215	0.140532	0
225	0.158346	0.00325766
235	0.159006	0.00325766
245	0.170222	0.00325766
255	0.159666	0.00325766
265	0.14647	0.00325766
275	0.139872	0.00488649
285	0.149109	0
295	0.157026	0
305	0.143171	0
315	0.155707	0
325	0.129976	0.00325766
335	0.14581	0.00162883
345	0.133934	0.00162883
355	0.129316	0.00325766
365	0.143171	0
375	0.123378	0
385	0.113481	0
395	0.124697	0
405	0.112162	0.00325766
415	0.1181	0.00162883
425	0.106884	0
435	0.108203	0.00325766
445	0.101605	0
455	0.104904	0.00162883
465	0.109523	0.00162883
475	0.0983065	0.00325766
485	0.0950076	0.00162883
495	0.0969869	0.00162883
505	0.0831317	0
515	0.079173	0.00162883
525	0.0785132	0
535	0.0686166	0
545	0.0725753	0.00325766
555	0.0686166	0
565	0.0626786	0
575	0.0560809	0
585	0.0593798	0.00162883
595	0.052782	0.00325766
605	0.046844	0.00325766
615	0.0369474	0.00325766
625	0.0435452	0
635	0.038267	0.00162883
645	0.0369474	0
655	0.0250715	0.00162883
665	0.0257312	0.00162883
675	0.0250715	0.00162883
685	0.0184737	0.00162883
695	0.0184737	0.00325766
705	0.011876	0
715	0.0131955	0.00162883
725	0.0125357	0
735	0.00659775	0
745	0.00857708	0.00162883
755	0.00923685	0
765	0.00329888	0
775	0.0079173	0
785	0.00725753	0.00488649
795	0.00329888	0
805	0.00461843	0.00325766
815	0.00659775	0.00325766
825	0.0052782	0
835	0.0026391	0.00162883
845	0.00197933	0
855	0.00197933	0.00162883
865	0.00329888	0.00162883
875	0.00329888	0
885	0.00131955	0.00162883
895	0.00197933	0
905	0.00329888	0.00162883
915	0.00131955	0
925	0.000659775	0
935	0.00131955	0.00325766
945	0.00131955	0.00325766
955	0.00197933	0.00162883
965	0.00197933	0.00325766
975	0	0
985	0.000659775	0.00162883
995	0.00197933	0
1005	0.00131955	0.00162883
1015	0	0.00325766
1025	0.00197933	0
1035	0.00131955	0.00162883
1045	0.000659775	0.00162883
1055	0.0026391	0
1065	0.000659775	0.00325766
1075	0.00131955	0.00325766
1085	0.000659775	0
1095	0.0026391	0
1105	0.0026391	0.00325766
1115	0.00197933	0
1125	0.00197933	0.00325766
1135	0.00131955	0
1145	0	0.00325766
1155	0.00197933	0
1165	0	0.00162883
1175	0.00131955	0
1185	0.000659775	0.00162883
1195	0	0.00162883
