FG time = 3003.68	BG time = 484.748
5	0	0
15	0.000332925	0
25	0	0
35	0	0
45	0.000332925	0
55	0.00665851	0
65	0.0499388	0.00412585
75	0.11153	0.0206293
85	0.145488	0.00825171
95	0.166463	0.0144405
105	0.180446	0.00825171
115	0.196759	0.00618878
125	0.20142	0.0103146
135	0.190433	0.00412585
145	0.22306	0.00206293
155	0.236377	0.00412585
165	0.233381	0.00412585
175	0.244367	0.00412585
185	0.237376	0.00618878
195	0.246365	0.00206293
205	0.236044	0.00206293
215	0.239373	0.00618878
225	0.249361	0.00206293
235	0.256685	0.00618878
245	0.257351	0
255	0.25835	0
265	0.23671	0.00206293
275	0.257684	0.00618878
285	0.263677	0.00206293
295	0.228387	0.00412585
305	0.23904	0.00206293
315	0.235045	0
325	0.233381	0
335	0.22539	0.00206293
345	0.23904	0
355	0.23904	0.00206293
365	0.214404	0.00412585
375	0.205415	0.00206293
385	0.198423	0.00206293
395	0.206081	0.00206293
405	0.196426	0.00206293
415	0.197425	0.00412585
425	0.191099	0.00412585
435	0.189102	0
445	0.169792	0.00412585
455	0.170458	0.00412585
465	0.160137	0
475	0.148485	0
485	0.132837	0.00206293
495	0.143824	0
505	0.132837	0.00206293
515	0.136166	0.00618878
525	0.128176	0
535	0.119187	0.00206293
545	0.0992117	0.00412585
555	0.0992117	0.00618878
565	0.106203	0
575	0.0925532	0.00206293
585	0.0828984	0.00412585
595	0.0785704	0.00206293
605	0.0665851	0.00412585
615	0.0659192	0.00206293
625	0.0602595	0.00412585
635	0.0609253	0
645	0.0432803	0.00206293
655	0.0466095	0.00206293
665	0.0379535	0
675	0.0392852	0.00412585
685	0.0309621	0
695	0.0259682	0
705	0.022306	0.00206293
715	0.0183109	0.00412585
725	0.0153146	0.00412585
735	0.0153146	0
745	0.0119853	0.00206293
755	0.00932191	0.00206293
765	0.00799021	0.00206293
775	0.00699143	0.00618878
785	0.00998776	0
795	0.00632558	0
805	0.00632558	0.00206293
815	0.00332925	0
825	0.00199755	0.00206293
835	0.00299633	0
845	0.0026634	0.00206293
855	0.000665851	0
865	0.0013317	0
875	0.00166463	0.00206293
885	0.00199755	0.00412585
895	0.00199755	0.00206293
905	0.0026634	0
915	0.00299633	0
925	0.00166463	0
935	0.000998776	0.00206293
945	0.000998776	0.00206293
955	0.00199755	0
965	0.0013317	0.00412585
975	0.00166463	0
985	0.0013317	0
995	0.00166463	0.00412585
1005	0.00166463	0.00412585
1015	0.0026634	0.00206293
1025	0.00199755	0.00206293
1035	0.00166463	0.00206293
1045	0.000998776	0.00206293
1055	0.00233048	0.00206293
1065	0.0039951	0
1075	0.00299633	0.00206293
1085	0.000665851	0.00206293
1095	0.00199755	0.00206293
1105	0.00166463	0
1115	0.0026634	0.00206293
1125	0.0026634	0.00412585
1135	0.00199755	0.00412585
1145	0.00299633	0
1155	0.00199755	0.00206293
1165	0.0013317	0.00618878
1175	0.0013317	0.00206293
1185	0.00233048	0.00206293
1195	0.0013317	0.00412585
