FG time = 2404.74	BG time = 724.481
5	0	0
15	0	0
25	0	0
35	0	0
45	0	0
55	0.00540598	0
65	0.0174655	0.0027606
75	0.034931	0.0041409
85	0.0619609	0.00690149
95	0.0919017	0.0055212
105	0.0919017	0.00690149
115	0.123922	0.0041409
125	0.123922	0.0041409
135	0.122674	0.0041409
145	0.153863	0.0055212
155	0.142219	0.0041409
165	0.162595	0.0013803
175	0.157605	0.0055212
185	0.157189	0.0055212
195	0.161348	0.0013803
205	0.169665	0.0027606
215	0.18713	0.0027606
225	0.182972	0.0041409
235	0.176734	0
245	0.181724	0.0013803
255	0.172991	0
265	0.202101	0.0027606
275	0.189625	0.0013803
285	0.182556	0.0013803
295	0.180477	0.0013803
305	0.189625	0.0041409
315	0.19919	0.0013803
325	0.18214	0.0013803
335	0.163843	0.0013803
345	0.17715	0.0013803
355	0.182556	0
365	0.175071	0
375	0.181308	0.0013803
385	0.161764	0.0013803
395	0.170912	0.0013803
405	0.154694	0.0055212
415	0.141387	0
425	0.148457	0.0013803
435	0.144298	0.0027606
445	0.138892	0
455	0.124338	0.0013803
465	0.119347	0.0027606
475	0.126417	0.0027606
485	0.109783	0.0027606
495	0.110615	0
505	0.0989711	0.0013803
515	0.0973077	0.0013803
525	0.0935651	0
535	0.0848323	0
545	0.0906542	0
555	0.0864957	0
565	0.0827531	0.0013803
575	0.0690302	0
585	0.072357	0
595	0.0657035	0.0041409
605	0.0611292	0.0027606
615	0.0607133	0.0027606
625	0.0503172	0.0013803
635	0.0449112	0
645	0.0415845	0.0013803
655	0.0370102	0.0027606
665	0.0266141	0.0055212
675	0.0299408	0.0013803
685	0.0274458	0.0013803
695	0.0212081	0.0013803
705	0.0191289	0.0027606
715	0.0162179	0.0027606
725	0.013307	0.0027606
735	0.0103961	0.0041409
745	0.00956443	0
755	0.00665352	0.0013803
765	0.0037426	0.0013803
775	0.0083169	0.0013803
785	0.00582183	0.0027606
795	0.00499014	0
805	0.00457429	0.0013803
815	0.00582183	0
825	0.00457429	0.0013803
835	0.00249507	0.0041409
845	0.00291091	0
855	0.00291091	0.0041409
865	0.00207922	0.0013803
875	0.00207922	0.00690149
885	0.00249507	0.0027606
895	0.00166338	0.0055212
905	0.00249507	0.0013803
915	0.00207922	0.0055212
925	0.000415845	0.0013803
935	0.00291091	0.0013803
945	0.00249507	0.0013803
955	0.00249507	0.0055212
965	0.000415845	0
975	0.00207922	0
985	0.00249507	0
995	0.00166338	0
1005	0.00249507	0
1015	0.00207922	0.0013803
1025	0.00166338	0.00690149
1035	0.00166338	0.0055212
1045	0.00124753	0.0041409
1055	0.00083169	0.0055212
1065	0.00166338	0.0013803
1075	0.00207922	0.0013803
1085	0.00124753	0.0013803
1095	0.00291091	0
1105	0.00249507	0.0027606
1115	0.00166338	0
1125	0.00124753	0
1135	0.00166338	0.0027606
1145	0.00249507	0
1155	0.00124753	0.0041409
1165	0.00207922	0.0041409
1175	0.00166338	0.0055212
1185	0.00124753	0
1195	0.00083169	0
