FG time = 1805.59	BG time = 364.61
5	0	0
15	0	0
25	0	0
35	0	0
45	0	0
55	0	0
65	0	0
75	0	0
85	0	0
95	0	0
105	0	0
115	0	0
125	0	0
135	0.00110767	0
145	0.0016615	0
155	0.000553835	0
165	0.000553835	0
175	0.00110767	0
185	0.00276917	0
195	0.00221534	0
205	0.00221534	0
215	0.00387684	0
225	0.00387684	0
235	0.00609218	0
245	0.00387684	0
255	0.00664602	0
265	0.00664602	0
275	0.00332301	0
285	0.00609218	0.00274266
295	0.00387684	0
305	0.00498451	0
315	0.00664602	0
325	0.00498451	0
335	0.00719985	0
345	0.00830752	0
355	0.00498451	0
365	0.00941519	0
375	0.00830752	0
385	0.00443068	0
395	0.00996902	0.00274266
405	0.00553835	0
415	0.00664602	0
425	0.00830752	0.00274266
435	0.00775368	0
445	0.00498451	0
455	0.00276917	0
465	0.00553835	0
475	0.00276917	0
485	0.00775368	0
495	0.00387684	0
505	0.00664602	0
515	0.00387684	0
525	0.00276917	0
535	0.0016615	0
545	0.0016615	0
555	0.00332301	0
565	0.00553835	0
575	0.00110767	0.00274266
585	0.00332301	0
595	0.00276917	0
605	0.0016615	0
615	0.0016615	0
625	0.00387684	0
635	0.00110767	0
645	0.000553835	0.00274266
655	0.000553835	0.00274266
665	0.00221534	0
675	0.0016615	0
685	0.000553835	0
695	0.00110767	0
705	0.00110767	0
715	0.00110767	0
725	0.00110767	0
735	0.0016615	0
745	0	0
755	0.00110767	0
765	0	0
775	0.00110767	0
785	0.0016615	0
795	0.000553835	0.00274266
805	0	0
815	0.00110767	0
825	0.0016615	0.00274266
835	0.00110767	0
845	0.00110767	0
855	0.000553835	0
865	0	0.00274266
875	0.00110767	0
885	0.00221534	0
895	0.000553835	0
905	0.00110767	0.00274266
915	0.000553835	0
925	0	0.00274266
935	0.00110767	0
945	0	0
955	0.00110767	0
965	0	0.00274266
975	0	0.00274266
985	0.00221534	0
995	0	0
1005	0.0016615	0
1015	0.00221534	0
1025	0.0016615	0
1035	0.00110767	0
1045	0.00276917	0
1055	0	0.00274266
1065	0.000553835	0
1075	0.000553835	0
1085	0.00110767	0
1095	0.00110767	0
1105	0.000553835	0
1115	0.00110767	0
1125	0.00110767	0
1135	0.00110767	0
1145	0.0016615	0
1155	0.000553835	0
1165	0.0016615	0.00274266
1175	0.000553835	0.00274266
1185	0.0016615	0.00274266
1195	0.000553835	0.00274266
