FG time = 3010.89	BG time = 486.88
5	0	0
15	0	0
25	0	0
35	0	0
45	0	0
55	0	0
65	0	0
75	0	0
85	0	0
95	0	0
105	0	0
115	0	0
125	0	0
135	0	0
145	0.00166064	0
155	0.0023249	0
165	0.00365341	0
175	0.00199277	0
185	0.00265703	0
195	0.00431767	0
205	0.00464979	0
215	0.00664256	0
225	0.00531405	0
235	0.00464979	0
245	0.00564618	0.00205389
255	0.0083032	0
265	0.00929959	0
275	0.00730682	0
285	0.00631044	0
295	0.00664256	0
305	0.00863533	0
315	0.00631044	0.00205389
325	0.00763895	0
335	0.00963172	0
345	0.0083032	0
355	0.00963172	0
365	0.00896746	0
375	0.0106281	0
385	0.00996384	0.00410778
395	0.00730682	0
405	0.00797108	0
415	0.00597831	0.00205389
425	0.00697469	0
435	0.00697469	0
445	0.00464979	0
455	0.00564618	0.00205389
465	0.00631044	0
475	0.00597831	0
485	0.00664256	0
495	0.00365341	0
505	0.00564618	0
515	0.00398554	0
525	0.00398554	0
535	0.00298915	0
545	0.00298915	0
555	0.00398554	0
565	0.00464979	0.00205389
575	0.00464979	0.00205389
585	0.00298915	0.00205389
595	0.00298915	0
605	0.00365341	0.00205389
615	0.00265703	0.00205389
625	0.00132851	0.00205389
635	0.00365341	0.00205389
645	0.00265703	0.00205389
655	0.00298915	0.00205389
665	0.00132851	0.00205389
675	0.00199277	0.00205389
685	0.000996384	0.00410778
695	0.00365341	0.00205389
705	0.0023249	0.00205389
715	0.0023249	0
725	0.000664256	0.00205389
735	0.000664256	0
745	0.00132851	0
755	0.00132851	0
765	0.000332128	0
775	0.000332128	0.00205389
785	0.000664256	0
795	0.00132851	0
805	0.000332128	0
815	0.000664256	0
825	0.000996384	0
835	0.000664256	0.00205389
845	0.000996384	0
855	0.000332128	0
865	0.000664256	0
875	0.000996384	0
885	0.000332128	0
895	0.000332128	0
905	0	0
915	0.00199277	0
925	0.000664256	0
935	0.000664256	0
945	0.000332128	0.00410778
955	0.000664256	0
965	0	0
975	0.000664256	0
985	0.000996384	0
995	0.00132851	0
1005	0.000664256	0.00205389
1015	0.000664256	0
1025	0	0.00205389
1035	0.000664256	0
1045	0.000332128	0
1055	0.000332128	0.00205389
1065	0.000332128	0
1075	0.00166064	0
1085	0.000664256	0.00205389
1095	0.000664256	0
1105	0.000664256	0
1115	0.000664256	0
1125	0.000664256	0.00205389
1135	0.00132851	0
1145	0.00199277	0
1155	0	0
1165	0.000664256	0
1175	0.000996384	0
1185	0	0
1195	0.000664256	0
