FG time = 3010.08	BG time = 566.727
5	0	0
15	0	0
25	0	0
35	0	0
45	0.000332217	0
55	0.00896985	0.00176452
65	0.0415271	0.00176452
75	0.0820576	0.00705807
85	0.111957	0.00705807
95	0.1289	0.0105871
105	0.153816	0.00529355
115	0.181058	0.00176452
125	0.212287	0.00529355
135	0.218931	0.00352903
145	0.247502	0.00529355
155	0.246837	0.00529355
165	0.262451	0
175	0.275076	0.00176452
185	0.290025	0.00176452
195	0.290357	0.00352903
205	0.280059	0
215	0.292351	0
225	0.296005	0.00352903
235	0.297334	0.00176452
245	0.296005	0.00176452
255	0.309958	0.00352903
265	0.305307	0
275	0.295341	0
285	0.301321	0.00352903
295	0.317931	0.00176452
305	0.292019	0.00352903
315	0.29667	0.00352903
325	0.304975	0.00176452
335	0.29966	0.00352903
345	0.296005	0.00176452
355	0.306304	0.00176452
365	0.289693	0
375	0.280059	0.00176452
385	0.265773	0.00176452
395	0.259794	0.00705807
405	0.263448	0.00176452
415	0.261787	0.00352903
425	0.246505	0
435	0.237203	0
445	0.229894	0.00176452
455	0.226572	0.00529355
465	0.215276	0.00176452
475	0.202652	0.00176452
485	0.191689	0.00352903
495	0.190692	0.00176452
505	0.194679	0.00176452
515	0.178068	0
525	0.162454	0.00352903
535	0.151159	0
545	0.139531	0
555	0.131558	0.00176452
565	0.124914	0.00176452
575	0.120262	0.00176452
585	0.101658	0
595	0.108303	0
605	0.0986684	0
615	0.0963429	0
625	0.0784032	0
635	0.0744166	0.00176452
645	0.0747488	0.00176452
655	0.0651145	0.00176452
665	0.0558124	0
675	0.0561446	0.00352903
685	0.0388694	0.00176452
695	0.0435204	0.00352903
705	0.0328895	0.00352903
715	0.0332217	0.00176452
725	0.0225907	0.00352903
735	0.0219263	0.00176452
745	0.0215941	0
755	0.0179397	0.0105871
765	0.0109632	0.00352903
775	0.00863764	0.00176452
785	0.00830542	0.00352903
795	0.00730877	0.00529355
805	0.00631212	0.00352903
815	0.0019933	0.00529355
825	0.0039866	0.00352903
835	0.00265773	0
845	0.00298995	0.00529355
855	0.00365438	0.00176452
865	0.00232552	0.00176452
875	0.00465104	0.00176452
885	0.0039866	0
895	0.00232552	0.00176452
905	0.00265773	0
915	0.00265773	0
925	0.00365438	0.00352903
935	0.00232552	0.00176452
945	0.00132887	0.00176452
955	0.00332217	0
965	0.00232552	0.00705807
975	0.0019933	0
985	0.00232552	0
995	0.0039866	0.00176452
1005	0.0019933	0
1015	0.0019933	0.00529355
1025	0.00298995	0
1035	0.00265773	0
1045	0.00265773	0.00176452
1055	0.00332217	0.00352903
1065	0.00332217	0.00176452
1075	0.00132887	0
1085	0.00132887	0.00176452
1095	0.000664434	0.00176452
1105	0.00298995	0.00176452
1115	0.00232552	0.00529355
1125	0.00166108	0
1135	0.000664434	0
1145	0.00265773	0
1155	0.00166108	0
1165	0.0019933	0
1175	0.00265773	0
1185	0.00365438	0
1195	0.00099665	0
