FG time = 3604.43	BG time = 485.815
5	0	0
15	0	0
25	0	0
35	0	0
45	0	0
55	0.00194205	0
65	0.0130395	0.0020584
75	0.03246	0.0020584
85	0.0668621	0.00617519
95	0.0840631	0.0041168
105	0.100709	0.0041168
115	0.105426	0.00823359
125	0.113749	0.00617519
135	0.132892	0
145	0.147319	0.0041168
155	0.148706	0.0041168
165	0.158139	0.00617519
175	0.182275	0
185	0.171178	0
195	0.187547	0.0020584
205	0.177837	0
215	0.187269	0
225	0.18394	0.0020584
235	0.180888	0.0020584
245	0.191708	0
255	0.190321	0.0020584
265	0.18394	0.0020584
275	0.194483	0.0020584
285	0.181721	0
295	0.18283	0.0020584
305	0.190044	0
315	0.181166	0.0020584
325	0.175617	0
335	0.183385	0.0020584
345	0.179224	0.0020584
355	0.183663	0
365	0.182275	0
375	0.168959	0.0020584
385	0.169236	0.0041168
395	0.167294	0
405	0.173952	0
415	0.16452	0.0041168
425	0.160081	0
435	0.141492	0.0020584
445	0.135944	0.0020584
455	0.15259	0.0020584
465	0.132614	0.0020584
475	0.124846	0.0020584
485	0.127621	0
495	0.113194	0.0020584
505	0.110142	0
515	0.107923	0
525	0.105981	0.00617519
535	0.0965477	0
545	0.0984898	0
555	0.100154	0.0020584
565	0.0860052	0.0020584
575	0.0793467	0
585	0.07574	0.0020584
595	0.069359	0.0041168
605	0.0654749	0.0020584
615	0.0640877	0
625	0.052158	0
635	0.0554872	0
645	0.0527129	0.0020584
655	0.0396734	0
665	0.0377313	0.0041168
675	0.0321826	0.0041168
685	0.0319051	0.0041168
695	0.0271887	0.0020584
705	0.0255241	0.0020584
715	0.0210851	0.0020584
725	0.0166462	0.00617519
735	0.0185882	0.0020584
745	0.0133169	0
755	0.0099877	0.0041168
765	0.00887795	0
775	0.0069359	0.0041168
785	0.00610359	0
795	0.00471641	0.0041168
805	0.0030518	0
815	0.00138718	0
825	0.00221949	0
835	0.00249692	0
845	0.00249692	0.0041168
855	0.00110974	0
865	0.00194205	0.0020584
875	0.00166462	0
885	0.00249692	0.0020584
895	0.00138718	0.0020584
905	0.00249692	0.00617519
915	0.00194205	0.0020584
925	0.00249692	0.0020584
935	0.00110974	0.0020584
945	0.00249692	0
955	0.00110974	0.0020584
965	0.00138718	0.0020584
975	0.00194205	0
985	0.000554872	0.0020584
995	0.00110974	0.0020584
1005	0.00166462	0.0041168
1015	0.00138718	0.0020584
1025	0.00110974	0
1035	0.00166462	0
1045	0.00194205	0
1055	0.00221949	0.0020584
1065	0.000554872	0.0041168
1075	0.00277436	0.0020584
1085	0.00110974	0
1095	0.000832308	0
1105	0.00249692	0
1115	0.00110974	0
1125	0.000554872	0
1135	0.00138718	0
1145	0.00166462	0
1155	0.00110974	0
1165	0.00138718	0.0041168
1175	0.00110974	0
1185	0.00194205	0.0041168
1195	0.000832308	0
