FG time = 1807.63	BG time = 365.207
5	0	0
15	0	0
25	0	0
35	0	0
45	0	0
55	0.00829814	0
65	0.0265541	0.00273817
75	0.0802154	0.00821451
85	0.129451	0.0109527
95	0.14826	0.00273817
105	0.156005	0.0109527
115	0.178133	0.0136909
125	0.190857	0.00547634
135	0.211879	0.00273817
145	0.19473	0.00273817
155	0.185878	0.00547634
165	0.217411	0
175	0.195836	0.00273817
185	0.223497	0
195	0.20856	0.00547634
205	0.208007	0.00547634
215	0.232348	0.00273817
225	0.241199	0.00273817
235	0.240646	0.00273817
245	0.232348	0.00273817
255	0.254476	0
265	0.204688	0.00273817
275	0.227369	0.00273817
285	0.214092	0.00273817
295	0.245625	0.00821451
305	0.22405	0.00273817
315	0.217965	0.00273817
325	0.227369	0
335	0.217965	0
345	0.229582	0.00547634
355	0.217965	0
365	0.207454	0
375	0.178687	0.00273817
385	0.183112	0
395	0.200815	0.00547634
405	0.17924	0
415	0.164303	0.00273817
425	0.178687	0.00273817
435	0.180346	0.00547634
445	0.157665	0.00273817
455	0.150473	0.00273817
465	0.155452	0
475	0.142728	0.00547634
485	0.149367	0
495	0.126685	0
505	0.121706	0
515	0.116727	0.00273817
525	0.115068	0
535	0.123366	0
545	0.113961	0
555	0.113961	0
565	0.101237	0.00273817
575	0.0901731	0
585	0.084641	0.00547634
595	0.0879603	0.00273817
605	0.0680448	0.00547634
615	0.0586402	0.00547634
625	0.0514485	0
635	0.0597466	0
645	0.0525549	0
655	0.0403843	0.00273817
665	0.0387247	0.00821451
675	0.0442568	0
685	0.0331926	0
695	0.0287669	0.00273817
705	0.0221284	0
715	0.0199155	0
725	0.0171495	0.00273817
735	0.0188091	0.00821451
745	0.0149367	0
755	0.0110642	0
765	0.00885135	0.00547634
775	0.00774493	0.00273817
785	0.00829814	0
795	0.00553209	0
805	0.00442568	0.00821451
815	0.00331926	0
825	0.00331926	0
835	0.00221284	0.00273817
845	0	0
855	0.00221284	0
865	0.00221284	0.00273817
875	0.00165963	0.00547634
885	0.00387247	0.00273817
895	0.00110642	0
905	0.00165963	0.00273817
915	0.000553209	0
925	0.00165963	0
935	0.00331926	0.00273817
945	0.00442568	0
955	0.00221284	0
965	0.00110642	0.00273817
975	0.00110642	0.00547634
985	0.00387247	0.00547634
995	0.000553209	0
1005	0.000553209	0.00547634
1015	0.00221284	0.00273817
1025	0.00276605	0
1035	0.00387247	0.00821451
1045	0.00387247	0.00273817
1055	0.00276605	0
1065	0.00331926	0.00547634
1075	0.00110642	0
1085	0.00110642	0.00273817
1095	0.00276605	0
1105	0.00221284	0
1115	0.00110642	0.00547634
1125	0.00221284	0.00273817
1135	0.00276605	0.00547634
1145	0.00110642	0.00273817
1155	0.00110642	0.00273817
1165	0.00165963	0.00273817
1175	0.00331926	0.00273817
1185	0.00276605	0.00273817
1195	0.00331926	0
