FG time = 3312.1	BG time = 493.138
5	0	0
15	0	0
25	0	0
35	0.000301923	0.00202783
45	0.00120769	0
55	0.0102654	0.00202783
65	0.0398539	0.00405566
75	0.0914827	0.00608349
85	0.131337	0.012167
95	0.142508	0.0162226
105	0.152169	0
115	0.17904	0.00202783
125	0.169983	0.00608349
135	0.181154	0.00405566
145	0.17421	0.00202783
155	0.197156	0
165	0.186287	0.00811132
175	0.201987	0.00608349
185	0.209535	0
195	0.203798	0.00202783
205	0.213762	0
215	0.204704	0.00608349
225	0.203496	0.00405566
235	0.201081	0.00608349
245	0.201685	0
255	0.221008	0.00202783
265	0.182362	0
275	0.194137	0.0101392
285	0.210742	0
295	0.184777	0.00202783
305	0.200477	0.00405566
315	0.198665	0.00608349
325	0.195948	0.00405566
335	0.190815	0.00608349
345	0.170587	0.00202783
355	0.189004	0
365	0.174814	0
375	0.163642	0.00608349
385	0.169077	0
395	0.159717	0
405	0.144621	0
415	0.156094	0
425	0.143112	0.00202783
435	0.140696	0
445	0.13345	0
455	0.136771	0.00202783
465	0.113221	0
475	0.13496	0.00608349
485	0.118958	0
495	0.109598	0
505	0.103862	0.00202783
515	0.102654	0.00202783
525	0.0926904	0.00202783
535	0.0957097	0.00405566
545	0.0932943	0.00202783
555	0.0757827	0
565	0.0781981	0.00608349
575	0.0715558	0
585	0.0658193	0
595	0.0691404	0.00202783
605	0.0507231	0
615	0.0567616	0
625	0.0464962	0.00202783
635	0.0422693	0.00202783
645	0.0464962	0.00202783
655	0.0425712	0.00202783
665	0.0298904	0
675	0.0289846	0.00202783
685	0.0280789	0
695	0.0214366	0.00202783
705	0.0181154	0
715	0.0138885	0
725	0.011775	0.00202783
735	0.0160019	0.00608349
745	0.0102654	0.00202783
755	0.00845385	0.00202783
765	0.00664231	0.00202783
775	0.00694423	0
785	0.00362308	0.00405566
795	0.00483077	0.00202783
805	0.0051327	0.00202783
815	0.003925	0.00405566
825	0.00362308	0.00202783
835	0.0051327	0.00405566
845	0.00362308	0.00405566
855	0.00150962	0
865	0.00332116	0.00202783
875	0.00120769	0
885	0.00120769	0.00405566
895	0.00150962	0.00202783
905	0.00211346	0
915	0.00271731	0.00405566
925	0.00241539	0.00405566
935	0.000603846	0
945	0.00090577	0
955	0.00271731	0
965	0.00181154	0.00405566
975	0.00120769	0.00202783
985	0.00150962	0.00202783
995	0.00090577	0.00202783
1005	0.00120769	0.00608349
1015	0.00211346	0.00811132
1025	0.00241539	0
1035	0.00090577	0.00405566
1045	0.00241539	0.00202783
1055	0.00332116	0
1065	0.00301923	0
1075	0.00150962	0
1085	0.00271731	0.00202783
1095	0.00150962	0.00405566
1105	0.00150962	0.00405566
1115	0.00332116	0
1125	0.00120769	0
1135	0.00211346	0
1145	0.003925	0.00405566
1155	0.00211346	0.00608349
1165	0.00181154	0
1175	0.00241539	0
1185	0.00241539	0.00202783
1195	0.00211346	0
