FG time = 3612.84	BG time = 486.155
5	0	0
15	0	0
25	0	0
35	0	0
45	0.00166074	0
55	0.00858051	0.00411392
65	0.0570188	0
75	0.141994	0.0123417
85	0.220879	0.0102848
95	0.25271	0.00205696
105	0.282603	0.00411392
115	0.280942	0.0102848
125	0.296996	0.00411392
135	0.312773	0.00411392
145	0.345988	0.00411392
155	0.345711	0.00411392
165	0.355399	0.00411392
175	0.369792	0.00411392
185	0.352631	0.00617087
195	0.391935	0
205	0.363703	0.00205696
215	0.370069	0.00205696
225	0.370899	0.00205696
235	0.37948	0.00205696
245	0.379203	0.00411392
255	0.36564	0.00205696
265	0.362319	0
275	0.360935	0.00617087
285	0.363149	0.00617087
295	0.395534	0.00205696
305	0.355953	0.00411392
315	0.360381	0.00205696
325	0.341283	0.00205696
335	0.36398	0.00411392
345	0.323291	0.00205696
355	0.322461	0.00617087
365	0.320247	0.00205696
375	0.324952	0.00205696
385	0.307514	0.00205696
395	0.312773	0.00411392
405	0.318586	0
415	0.297273	0.00205696
425	0.271808	0
435	0.279282	0.00205696
445	0.25271	0.00205696
455	0.267103	0.00205696
465	0.252156	0.00205696
475	0.231397	0.00411392
485	0.222816	0
495	0.215343	0.00205696
505	0.203995	0.00411392
515	0.190985	0
525	0.186557	0.00411392
535	0.17161	0.00205696
545	0.17244	0.00205696
555	0.153619	0.00411392
565	0.158601	0.00411392
575	0.130092	0
585	0.12594	0
595	0.114868	0.00205696
605	0.114591	0.00205696
615	0.0988142	0.00205696
625	0.0858051	0
635	0.0763942	0.00205696
645	0.0763942	0.00205696
655	0.070028	0.00411392
665	0.0575724	0.00205696
675	0.0500991	0.00205696
685	0.0406882	0
695	0.0412418	0.00205696
705	0.039581	0.00205696
715	0.0274023	0.00205696
725	0.0210361	0
735	0.0229736	0.00411392
745	0.0190985	0.00617087
755	0.0177146	0
765	0.0110716	0.00205696
775	0.00858051	0.00411392
785	0.00719655	0.00411392
795	0.00608939	0.00411392
805	0.00719655	0.00205696
815	0.00415186	0
825	0.00332149	0.00205696
835	0.00332149	0.00411392
845	0.00332149	0.00205696
855	0.00193753	0.00205696
865	0.00138395	0.00205696
875	0.00498223	0
885	0.00359828	0
895	0.00387507	0.00411392
905	0.0030447	0.00205696
915	0.00359828	0.00617087
925	0.00332149	0.00205696
935	0.000830372	0
945	0.00332149	0.00205696
955	0.00138395	0
965	0.0030447	0.00205696
975	0.0030447	0.00205696
985	0.00249111	0.00205696
995	0.00276791	0.00617087
1005	0.00276791	0
1015	0.00221432	0.00411392
1025	0.00138395	0.00411392
1035	0.0030447	0
1045	0.00138395	0
1055	0.00276791	0
1065	0.00138395	0
1075	0.00332149	0.00617087
1085	0.000553581	0
1095	0.0030447	0
1105	0.00193753	0
1115	0.00166074	0.00205696
1125	0.00221432	0
1135	0.00249111	0.00205696
1145	0.0030447	0.00205696
1155	0.00249111	0.00617087
1165	0.00221432	0.00205696
1175	0.00166074	0.00205696
1185	0.000553581	0
1195	0.00276791	0
