FG time = 2884.69	BG time = 305.608
5	0	0
15	0	0
25	0	0
35	0	0
45	0.000346658	0
55	0.00103997	0
65	0.0201062	0.00327216
75	0.0547719	0.00981649
85	0.105384	0.0130887
95	0.125143	0.00327216
105	0.144556	0.0163608
115	0.153223	0.0229052
125	0.163623	0.0163608
135	0.187195	0.0130887
145	0.163276	0.019633
155	0.162236	0.0130887
165	0.187542	0.00654433
175	0.188929	0.00654433
185	0.191355	0.00327216
195	0.174369	0.00654433
205	0.202448	0.00327216
215	0.185809	0
225	0.201408	0.00654433
235	0.189969	0.00981649
245	0.205568	0.00981649
255	0.187542	0.00327216
265	0.186155	0.00327216
275	0.202448	0.00654433
285	0.185809	0.00327216
295	0.189275	0.00327216
305	0.169862	0.00327216
315	0.184422	0
325	0.186849	0
335	0.180955	0.00327216
345	0.193782	0
355	0.172636	0.00327216
365	0.158423	0.00654433
375	0.153916	0.00327216
385	0.153569	0.00327216
395	0.161196	0
405	0.152529	0
415	0.150103	0.00327216
425	0.151836	0.00327216
435	0.141436	0.00654433
445	0.136237	0.00327216
455	0.122024	0.00654433
465	0.120984	0.00327216
475	0.11717	0.00327216
485	0.11301	0.00327216
495	0.116477	0
505	0.107464	0.00327216
515	0.0960242	0
525	0.104691	0.0130887
535	0.091171	0
545	0.0838912	0.00327216
555	0.0897844	0.00327216
565	0.077998	0
575	0.0766114	0.00654433
585	0.0610118	0
595	0.0610118	0.00654433
605	0.0641317	0.00981649
615	0.0495721	0
625	0.0485321	0
635	0.0433322	0.00981649
645	0.0360524	0.00327216
655	0.0329325	0
665	0.0336258	0
675	0.0218394	0
685	0.0284259	0
695	0.0232261	0
705	0.0197595	0
715	0.0166396	0.00327216
725	0.0114397	0.00654433
735	0.00935976	0
745	0.012133	0.00327216
755	0.00762647	0.00981649
765	0.00901311	0
775	0.0065865	0
785	0.00589318	0
795	0.00485321	0
805	0.00485321	0
815	0.00138663	0
825	0.00346658	0.00654433
835	0.00346658	0.00654433
845	0.00311992	0.00327216
855	0.00242661	0
865	0.00242661	0.00327216
875	0.00381324	0
885	0.00207995	0
895	0.00277326	0
905	0.00277326	0.00327216
915	0.00138663	0
925	0.00138663	0.00654433
935	0.00207995	0
945	0.00242661	0.00327216
955	0.00207995	0.00654433
965	0.00138663	0
975	0.00381324	0.00654433
985	0.00138663	0.00327216
995	0.00450655	0.00327216
1005	0.00242661	0
1015	0.00485321	0.00654433
1025	0.00277326	0
1035	0.00277326	0.00327216
1045	0.00207995	0
1055	0.00242661	0.00654433
1065	0.00173329	0
1075	0.00311992	0.00327216
1085	0.000693316	0
1095	0.00173329	0
1105	0.00346658	0
1115	0.00242661	0
1125	0.00277326	0.00654433
1135	0.00277326	0.00654433
1145	0.00242661	0
1155	0.00277326	0.00654433
1165	0.00311992	0
1175	0.00207995	0.00327216
1185	0.00207995	0.00327216
1195	0.00173329	0.00327216
