FG time = 3287.04	BG time = 725.983
5	0	0
15	0	0
25	0	0
35	0	0
45	0	0
55	0	0
65	0	0
75	0	0
85	0	0
95	0	0
105	0	0
115	0.000304225	0
125	0	0
135	0.000304225	0
145	0.0012169	0
155	0.00304225	0
165	0.00212958	0
175	0.00456338	0
185	0.00669296	0
195	0.00578028	0
205	0.00821408	0
215	0.00638873	0
225	0.00912676	0
235	0.00578028	0
245	0.0109521	0.00137744
255	0.00851831	0
265	0.00638873	0.00137744
275	0.00821408	0
285	0.00851831	0
295	0.00882253	0.00137744
305	0.00821408	0
315	0.00760563	0
325	0.00851831	0
335	0.00821408	0
345	0.00669296	0
355	0.00790986	0.00137744
365	0.00943099	0
375	0.00730141	0.00137744
385	0.00760563	0
395	0.00821408	0
405	0.00699718	0
415	0.00578028	0
425	0.00851831	0
435	0.00851831	0
445	0.00425915	0
455	0.00578028	0
465	0.00699718	0
475	0.00608451	0
485	0.00517183	0
495	0.00578028	0
505	0.00608451	0
515	0.00425915	0
525	0.00304225	0.00137744
535	0.00486761	0
545	0.0036507	0
555	0.00425915	0
565	0.00486761	0
575	0.0024338	0.00137744
585	0.0036507	0
595	0.00182535	0
605	0.00273803	0
615	0.00152113	0
625	0.0024338	0
635	0.00182535	0.00137744
645	0.00182535	0
655	0.0012169	0
665	0.00152113	0
675	0.0024338	0
685	0.000912676	0
695	0.000912676	0
705	0.0012169	0
715	0.000304225	0.00137744
725	0.000608451	0
735	0.000608451	0
745	0.000912676	0
755	0.000304225	0
765	0.000304225	0
775	0.000304225	0
785	0.000304225	0
795	0	0
805	0.000608451	0
815	0.000608451	0
825	0	0
835	0.000608451	0
845	0.000912676	0
855	0	0
865	0.000608451	0
875	0.000304225	0.00137744
885	0.000304225	0
895	0	0
905	0.000608451	0
915	0.000304225	0
925	0.000304225	0.00137744
935	0	0.00137744
945	0.000608451	0
955	0	0.00137744
965	0.000912676	0
975	0.000304225	0
985	0	0
995	0.000608451	0.00137744
1005	0.000608451	0
1015	0	0
1025	0	0
1035	0.000608451	0
1045	0.0012169	0
1055	0.000304225	0.00137744
1065	0.000304225	0
1075	0	0
1085	0	0.00137744
1095	0	0.00137744
1105	0	0
1115	0.0012169	0
1125	0.000304225	0
1135	0.0012169	0
1145	0.000912676	0.00137744
1155	0.000304225	0
1165	0	0.00137744
1175	0	0.00137744
1185	0	0
1195	0.000304225	0.00275489
