FG time = 1804.28	BG time = 364.319
5	0	0
15	0	0
25	0	0
35	0.000554239	0
45	0	0
55	0.00443391	0.0054897
65	0.00831359	0.00274485
75	0.0288204	0
85	0.0526527	0
95	0.0709426	0.00823455
105	0.076485	0.0109794
115	0.0936664	0
125	0.110294	0.0054897
135	0.114173	0
145	0.12415	0
155	0.124704	0
165	0.111402	0.00274485
175	0.131355	0.00274485
185	0.123041	0.0054897
195	0.160729	0
205	0.14909	0
215	0.138006	0
225	0.146873	0
235	0.151862	0.00274485
245	0.144656	0
255	0.162946	0.0054897
265	0.13856	0
275	0.150753	0
285	0.150753	0.00274485
295	0.160729	0
305	0.134126	0
315	0.142439	0
325	0.139114	0.00274485
335	0.141331	0.00274485
345	0.144656	0.00274485
355	0.131909	0
365	0.143548	0
375	0.147982	0
385	0.13856	0
395	0.126367	0
405	0.126921	0
415	0.133572	0
425	0.120824	0
435	0.124704	0
445	0.106968	0
455	0.125258	0
465	0.111956	0
475	0.10586	0.0054897
485	0.0936664	0.00274485
495	0.0969919	0
505	0.0814732	0.0054897
515	0.0847986	0.0054897
525	0.0814732	0
535	0.0825816	0
545	0.0737138	0.00274485
555	0.0847986	0.0054897
565	0.0665087	0
575	0.0720511	0
585	0.0759308	0
595	0.062629	0.0054897
605	0.053207	0
615	0.0460018	0
625	0.0426764	0.0054897
635	0.0415679	0
645	0.0360255	0
655	0.0410137	0.00274485
665	0.0260492	0.0054897
675	0.0221696	0
685	0.0188441	0
695	0.025495	0.0054897
705	0.0210611	0
715	0.0144102	0
725	0.011639	0.00274485
735	0.0171814	0
745	0.00831359	0
755	0.0110848	0
765	0.00609663	0.00274485
775	0.00775935	0
785	0.00720511	0.00274485
795	0.00498815	0.00274485
805	0.00665087	0.00823455
815	0.00221696	0.00274485
825	0.00387967	0
835	0.00221696	0.00274485
845	0.00166272	0
855	0.0027712	0.00274485
865	0.00110848	0.00274485
875	0.000554239	0
885	0.00166272	0
895	0.00110848	0
905	0.0027712	0
915	0.00166272	0
925	0.00166272	0.00274485
935	0.00166272	0.00274485
945	0.00110848	0
955	0.00166272	0
965	0.00166272	0
975	0.000554239	0
985	0.000554239	0.00274485
995	0.00110848	0
1005	0.00221696	0.00823455
1015	0.00110848	0
1025	0.00110848	0
1035	0.00110848	0.0054897
1045	0.000554239	0
1055	0.00110848	0
1065	0.000554239	0
1075	0	0
1085	0.000554239	0.00274485
1095	0.00110848	0
1105	0.00110848	0
1115	0.00166272	0.00274485
1125	0.00166272	0
1135	0.00166272	0
1145	0.000554239	0
1155	0.00110848	0
1165	0.00221696	0
1175	0.00166272	0.00274485
1185	0	0
1195	0.00110848	0.00274485
