FG time = 3278.95	BG time = 614.194
5	0	0
15	0	0
25	0	0
35	0	0.00162815
45	0.00457464	0.0032563
55	0.0228732	0.0146534
65	0.0646549	0.0162815
75	0.0829535	0.00814076
85	0.125345	0.0162815
95	0.143034	0.00814076
105	0.165297	0.00976891
115	0.19122	0.00488445
125	0.181461	0.0113971
135	0.210433	0.00976891
145	0.199759	0.0032563
155	0.217143	0.00976891
165	0.202809	0.00488445
175	0.216533	0.0032563
185	0.226902	0.0032563
195	0.218668	0.00162815
205	0.220498	0.00488445
215	0.222327	0.00651261
225	0.235136	0.00162815
235	0.240626	0.00162815
245	0.240931	0.00488445
255	0.229037	0
265	0.233307	0.0032563
275	0.235746	0.00488445
285	0.219888	0
295	0.222937	0.00162815
305	0.214398	0.00651261
315	0.236051	0.0032563
325	0.235746	0
335	0.215313	0
345	0.204944	0.0032563
355	0.212873	0.00488445
365	0.197624	0.00162815
375	0.191525	0.0032563
385	0.19488	0
395	0.1961	0.00162815
405	0.181461	0.00488445
415	0.183596	0
425	0.189695	0.00488445
435	0.174751	0.00162815
445	0.160112	0.00162815
455	0.168042	0.00488445
465	0.149133	0.0032563
475	0.152183	0.00162815
485	0.132055	0.0032563
495	0.12504	0
505	0.133579	0.0032563
515	0.129615	0.00162815
525	0.114671	0.00162815
535	0.12077	0.00162815
545	0.0994222	0.00162815
555	0.101862	0.0032563
565	0.0942376	0
575	0.0899679	0.00488445
585	0.0829535	0.0032563
595	0.0799037	0
605	0.0768539	0
615	0.0652649	0.00488445
625	0.0613002	0
635	0.0603852	0.0032563
645	0.0518459	0.00162815
655	0.0460514	0.00651261
665	0.0365971	0.00488445
675	0.0320225	0.0032563
685	0.0317175	0
695	0.0222632	0
705	0.025008	0.0032563
715	0.0182986	0.00162815
725	0.0198234	0.0032563
735	0.0158587	0
745	0.0195185	0.00162815
755	0.0115891	0
765	0.0115891	0.00488445
775	0.0088443	0.0032563
785	0.00670947	0.00488445
795	0.00426966	0.00162815
805	0.00548957	0.00162815
815	0.00670947	0.00162815
825	0.00274478	0.0032563
835	0.00396469	0.00162815
845	0.00182986	0.00162815
855	0.00243981	0
865	0.00243981	0.00488445
875	0.00304976	0.00814076
885	0.00335474	0.0032563
895	0.00304976	0.0032563
905	0.00152488	0
915	0.00365971	0.0032563
925	0.00274478	0.00488445
935	0.00243981	0.00162815
945	0.00274478	0.00162815
955	0.00152488	0.00488445
965	0.00182986	0.0032563
975	0.00182986	0.00162815
985	0.00243981	0.00162815
995	0.00213483	0.00162815
1005	0.00152488	0.00162815
1015	0.00243981	0
1025	0.00335474	0.00162815
1035	0.00213483	0
1045	0.00365971	0
1055	0.00274478	0.0032563
1065	0.00365971	0.0032563
1075	0.00213483	0
1085	0.00243981	0.00162815
1095	0.00274478	0.0032563
1105	0.00304976	0.00488445
1115	0.00213483	0.0032563
1125	0.00152488	0
1135	0.00213483	0.0032563
1145	0.00182986	0.00488445
1155	0.00243981	0
1165	0.00152488	0.00162815
1175	0.00274478	0
1185	0.00152488	0.00162815
1195	0.00243981	0.00162815
