FG time = 3605.46	BG time = 454.825
5	0	0
15	0	0
25	0	0
35	0	0
45	0	0
55	0	0
65	0	0
75	0	0
85	0	0
95	0	0
105	0.000277357	0
115	0.000554715	0
125	0.00249622	0
135	0.00443772	0
145	0.00499243	0
155	0.00499243	0
165	0.00748865	0
175	0.00637922	0
185	0.00970751	0.00219865
195	0.00887544	0
205	0.00776601	0
215	0.00721129	0.0043973
225	0.00943015	0
235	0.00859808	0
245	0.00887544	0.00219865
255	0.00443772	0
265	0.00554715	0
275	0.00610186	0
285	0.00443772	0
295	0.00554715	0
305	0.00610186	0
315	0.00471508	0.0043973
325	0.00610186	0
335	0.00443772	0.00219865
345	0.003883	0
355	0.00221886	0
365	0.00499243	0
375	0.003883	0
385	0.00249622	0
395	0.00360565	0
405	0.00332829	0
415	0.00360565	0
425	0.00249622	0
435	0.00138679	0.00219865
445	0.0019415	0
455	0.0019415	0
465	0.0019415	0
475	0.00249622	0
485	0.00166414	0
495	0.00138679	0
505	0.00166414	0
515	0.00110943	0
525	0.000554715	0
535	0.000832072	0
545	0.000554715	0
555	0.00138679	0
565	0.000554715	0
575	0	0
585	0.000554715	0
595	0.00110943	0
605	0.000554715	0
615	0.000554715	0
625	0.000277357	0
635	0	0
645	0.000832072	0
655	0.000832072	0
665	0.000277357	0
675	0.000277357	0
685	0.000277357	0.00219865
695	0	0
705	0.000554715	0
715	0.000277357	0
725	0.000277357	0
735	0.000277357	0
745	0	0
755	0	0
765	0.000277357	0
775	0	0
785	0.000277357	0
795	0.000277357	0
805	0	0
815	0	0
825	0	0
835	0	0
845	0.000277357	0
855	0	0
865	0	0
875	0.000277357	0
885	0	0
895	0.000277357	0
905	0.000554715	0.00219865
915	0.000277357	0
925	0	0
935	0	0
945	0	0
955	0.000277357	0
965	0	0
975	0	0
985	0	0
995	0	0
1005	0	0
1015	0	0
1025	0	0
1035	0	0
1045	0	0
1055	0	0
1065	0	0
1075	0	0
1085	0	0
1095	0.000277357	0.00219865
1105	0	0
1115	0.000277357	0
1125	0	0
1135	0	0
1145	0	0
1155	0	0
1165	0	0
1175	0	0
1185	0	0
1195	0	0
