FG time = 2404.47	BG time = 364.643
5	0	0
15	0	0
25	0	0
35	0.000415893	0
45	0.000415893	0
55	0.00207946	0.00274241
65	0.0112291	0.00548481
75	0.0415893	0
85	0.0536502	0.00548481
95	0.0761084	0.00548481
105	0.0827626	0.0109696
115	0.0977348	0.00822722
125	0.119777	0.00548481
135	0.116034	0.00822722
145	0.142651	0.00274241
155	0.147226	0
165	0.15388	0.00274241
175	0.156792	0.00274241
185	0.158455	0.00274241
195	0.171348	0
205	0.163862	0.00548481
215	0.164278	0.00822722
225	0.174675	0
235	0.168437	0.00548481
245	0.176338	0.00822722
255	0.169684	0.00548481
265	0.192974	0.00274241
275	0.17717	0.00274241
285	0.171348	0.00548481
295	0.182993	0
305	0.185072	0.00274241
315	0.170516	0.00274241
325	0.162198	0.00274241
335	0.174259	0
345	0.167605	0.00274241
355	0.161782	0
365	0.180913	0
375	0.169684	0
385	0.162614	0
395	0.157207	0
405	0.145562	0
415	0.16095	0.00274241
425	0.13974	0.00274241
435	0.144731	0
445	0.140572	0.00274241
455	0.133917	0
465	0.120193	0
475	0.117282	0
485	0.120193	0
495	0.123104	0
505	0.120193	0.00274241
515	0.0985666	0
525	0.100646	0
535	0.0977348	0
545	0.0939917	0.00274241
555	0.077356	0.00274241
565	0.0881692	0
575	0.073613	0
585	0.0715335	0
595	0.0640475	0
605	0.0607203	0
615	0.0632157	0
625	0.0432528	0
635	0.0420052	0.00274241
645	0.0403416	0
655	0.0365986	0.00274241
665	0.0341032	0
675	0.0345191	0.00548481
685	0.0216264	0
695	0.0220423	0
705	0.0228741	0.0109696
715	0.0224582	0.00548481
725	0.0158039	0
735	0.0145562	0
745	0.00831785	0.00274241
755	0.00790196	0.00548481
765	0.00748607	0.00548481
775	0.00415893	0.00548481
785	0.00457482	0.00274241
795	0.0054066	0
805	0.00332714	0.00548481
815	0.00415893	0
825	0.00374303	0.00274241
835	0.00249536	0
845	0.00249536	0.00274241
855	0.00249536	0.00274241
865	0.00291125	0.00548481
875	0.00415893	0
885	0.00415893	0.00274241
895	0.00207946	0
905	0.00124768	0
915	0.00332714	0.00274241
925	0.00207946	0.00548481
935	0.000831785	0
945	0.00249536	0
955	0.00249536	0
965	0.00207946	0.00274241
975	0.00291125	0.00274241
985	0.00166357	0.00274241
995	0.0054066	0.00822722
1005	0.00374303	0.00274241
1015	0.00332714	0
1025	0.00166357	0
1035	0.00166357	0
1045	0.00332714	0.00274241
1055	0.00291125	0
1065	0.00166357	0
1075	0.000831785	0
1085	0.00166357	0.00274241
1095	0.00249536	0.00548481
1105	0.00207946	0.00274241
1115	0.00124768	0.00274241
1125	0.00207946	0.00274241
1135	0.00374303	0
1145	0.00124768	0.00548481
1155	0.00124768	0
1165	0.00249536	0
1175	0.00124768	0.00274241
1185	0.00166357	0.00274241
1195	0.00249536	0
