FG time = 3012.86	BG time = 613.878
5	0	0
15	0	0
25	0	0
35	0.000995731	0.00162899
45	0.00763394	0.00488697
55	0.022238	0.00162899
65	0.0414888	0.00814495
75	0.0746799	0.00488697
85	0.0843053	0.00325798
95	0.085301	0.00325798
105	0.103224	0.0114029
115	0.104552	0.00325798
125	0.117164	0.00325798
135	0.131437	0.00325798
145	0.132764	0.00325798
155	0.141726	0.00488697
165	0.148696	0.00325798
175	0.161308	0.00162899
185	0.143385	0.00488697
195	0.152347	0.00162899
205	0.155334	0.00325798
215	0.159981	0.00162899
225	0.160645	0.00325798
235	0.157326	0.00162899
245	0.149692	0.00162899
255	0.157989	0.00162899
265	0.16496	0.00162899
275	0.16496	0
285	0.153343	0.00162899
295	0.156662	0.00162899
305	0.158321	0.00325798
315	0.156994	0.00162899
325	0.1477	0.00162899
335	0.151351	0
345	0.15467	0.00325798
355	0.146041	0.00162899
365	0.1321	0.00325798
375	0.139402	0
385	0.146373	0.00162899
395	0.148364	0
405	0.132432	0
415	0.138739	0
425	0.137411	0
435	0.112186	0
445	0.130773	0.00325798
455	0.120815	0.00162899
465	0.108203	0
475	0.113845	0.00325798
485	0.104884	0
495	0.0899477	0
505	0.0902796	0.00162899
515	0.0972498	0.00162899
525	0.0823138	0
535	0.0700331	0.00162899
545	0.0776671	0.00162899
555	0.0796585	0.00325798
565	0.066714	0.00162899
575	0.0620673	0.00162899
585	0.0643906	0.00162899
595	0.0657183	0.00325798
605	0.0491228	0
615	0.0484589	0.00162899
625	0.0434803	0.00162899
635	0.033523	0
645	0.0381697	0
655	0.02954	0
665	0.0298719	0.00325798
675	0.0268847	0.00162899
685	0.0265528	0
695	0.0202465	0.00325798
705	0.0142722	0
715	0.0192508	0
725	0.0116169	0.00325798
735	0.00995731	0.00162899
745	0.011285	0.00325798
755	0.0096254	0.00325798
765	0.00531057	0
775	0.00763394	0.00162899
785	0.00697012	0.00651596
795	0.0033191	0
805	0.00232337	0
815	0.00132764	0.00325798
825	0.00232337	0.00162899
835	0.00365102	0
845	0.0033191	0.00162899
855	0.00265528	0.00162899
865	0.00165955	0.00325798
875	0.00165955	0
885	0.000995731	0.00162899
895	0.00232337	0.00162899
905	0.00132764	0
915	0.00165955	0.00488697
925	0.000995731	0.00162899
935	0.00132764	0.00325798
945	0.00232337	0
955	0.0033191	0.00325798
965	0.000663821	0
975	0.00232337	0.00162899
985	0.00165955	0.00162899
995	0.000995731	0.00325798
1005	0.00165955	0.00162899
1015	0.00132764	0.00162899
1025	0.000995731	0.00162899
1035	0.00132764	0.00162899
1045	0.000663821	0
1055	0.00033191	0
1065	0.000663821	0.00162899
1075	0.00232337	0
1085	0.000663821	0
1095	0.00165955	0.00325798
1105	0.00132764	0.00162899
1115	0.00132764	0
1125	0.000995731	0
1135	0.00165955	0.00162899
1145	0.00165955	0.00325798
1155	0	0
1165	0.000995731	0
1175	0.00232337	0.00651596
1185	0.000663821	0.00162899
1195	0.00132764	0
