FG time = 3319.08	BG time = 734.879
5	0	0
15	0	0
25	0.000301288	0
35	0.000903864	0
45	0.00150644	0.00136077
55	0.00813478	0.00136077
65	0.0430842	0.00816461
75	0.104547	0.0136077
85	0.131964	0.0149684
95	0.156067	0.00816461
105	0.171734	0.00680384
115	0.17535	0.0040823
125	0.18951	0.00680384
135	0.189811	0.00136077
145	0.18469	0.0108861
155	0.196741	0.00272154
165	0.206684	0.00136077
175	0.211504	0.0040823
185	0.203671	0.0040823
195	0.206985	0.0040823
205	0.220844	0.00272154
215	0.214517	0.0040823
225	0.221145	0.0040823
235	0.21753	0.00544307
245	0.201863	0.00272154
255	0.200959	0
265	0.214216	0.00272154
275	0.19192	0.0040823
285	0.201562	0.0040823
295	0.209094	0.00136077
305	0.188305	0.00272154
315	0.196139	0
325	0.196741	0.00136077
335	0.183786	0
345	0.182882	0.00272154
355	0.184087	0.00136077
365	0.180472	0.0040823
375	0.169625	0.00136077
385	0.167516	0.0040823
395	0.171734	0.00136077
405	0.151548	0.0040823
415	0.17776	0.00136077
425	0.150644	0.0040823
435	0.145221	0.00136077
445	0.14733	0.00136077
455	0.130458	0.00136077
465	0.134977	0.00272154
475	0.125035	0.00544307
485	0.131663	0
495	0.110573	0.00136077
505	0.109066	0.00136077
515	0.105451	0
525	0.101534	0.00272154
535	0.0958096	0.00136077
545	0.0813478	0
555	0.0801426	0.00136077
565	0.073213	0.00136077
575	0.0714053	0.00272154
585	0.0677898	0.00272154
595	0.0714053	0
605	0.0539306	0.00136077
615	0.0584499	0.0040823
625	0.0470009	0.00136077
635	0.0479048	0
645	0.0463984	0.0040823
655	0.031334	0.00272154
665	0.0346481	0.00136077
675	0.0316352	0.00272154
685	0.0231992	0.00272154
695	0.019885	0.00136077
705	0.0165708	0.00272154
715	0.0162696	0.00136077
725	0.0129554	0.00544307
735	0.0120515	0.00272154
745	0.00964122	0.00136077
755	0.00843607	0.00136077
765	0.0105451	0.00272154
775	0.00632705	0.00136077
785	0.00421803	0.00136077
795	0.00602576	0.0040823
805	0.00421803	0.00272154
815	0.00301288	0
825	0.00271159	0
835	0.00301288	0.00136077
845	0.00361546	0.00272154
855	0.00180773	0.00272154
865	0.00180773	0.00272154
875	0.00421803	0.00136077
885	0.00301288	0
895	0.00391674	0.00136077
905	0.00301288	0.00272154
915	0.00210902	0
925	0.00120515	0.0040823
935	0.00271159	0.00272154
945	0.00301288	0.0040823
955	0.00150644	0
965	0.00210902	0.00136077
975	0.00180773	0
985	0.00482061	0
995	0.00421803	0.00272154
1005	0.000602576	0.00272154
1015	0.0024103	0
1025	0.00120515	0
1035	0.00150644	0.00136077
1045	0.00391674	0
1055	0.00180773	0.00272154
1065	0.00271159	0
1075	0.0024103	0.00272154
1085	0.00271159	0.00272154
1095	0.00180773	0.00136077
1105	0.00150644	0.00136077
1115	0.00180773	0
1125	0.0024103	0.0040823
1135	0.00180773	0.0040823
1145	0.00150644	0
1155	0.00120515	0.00272154
1165	0.00391674	0.00136077
1175	0.00180773	0.00136077
1185	0.00120515	0.00136077
1195	0.000903864	0
