FG time = 1505.16	BG time = 364.756
5	0	0
15	0	0
25	0	0
35	0	0
45	0.00132877	0
55	0.00730822	0
65	0.0265753	0.00822467
75	0.0345479	0
85	0.0737465	0.00274156
95	0.0657739	0.00822467
105	0.0870342	0.00548311
115	0.0950068	0.00274156
125	0.0983287	0
135	0.118925	0.00548311
145	0.106966	0.0109662
155	0.116267	0
165	0.112945	0
175	0.120918	0
185	0.126233	0.00274156
195	0.150151	0
205	0.136199	0.00548311
215	0.138192	0
225	0.135534	0
235	0.163438	0
245	0.161445	0.00274156
255	0.140185	0.00274156
265	0.148157	0.00274156
275	0.154137	0
285	0.156794	0.00274156
295	0.136199	0
305	0.152144	0
315	0.157459	0
325	0.146164	0
335	0.138192	0
345	0.12424	0
355	0.13952	0
365	0.13952	0
375	0.15613	0.00274156
385	0.123575	0
395	0.12424	0
405	0.135534	0
415	0.120253	0
425	0.127562	0
435	0.115603	0
445	0.106966	0
455	0.111616	0.00274156
465	0.104973	0
475	0.097	0
485	0.104308	0.00274156
495	0.0983287	0.00274156
505	0.0963356	0.00274156
515	0.0783972	0
525	0.0896917	0.00548311
535	0.0764041	0
545	0.0830479	0.00274156
555	0.0704246	0.00274156
565	0.0644452	0
575	0.0604589	0
585	0.0578013	0
595	0.0591301	0.00274156
605	0.0564726	0
615	0.0564726	0
625	0.0438493	0
635	0.0418561	0.00548311
645	0.0338835	0.00274156
655	0.0385342	0
665	0.0358767	0.00274156
675	0.0292329	0
685	0.0272397	0
695	0.0212603	0
705	0.0232534	0
715	0.0159452	0
725	0.0159452	0
735	0.0112945	0
745	0.00996575	0.00274156
755	0.00863698	0.00274156
765	0.0119589	0.00274156
775	0.00996575	0.00548311
785	0.0119589	0
795	0.00465068	0
805	0.00265753	0.00548311
815	0.00132877	0.00548311
825	0.00132877	0
835	0.00132877	0.00274156
845	0.00265753	0.00274156
855	0.0039863	0.00274156
865	0.00265753	0
875	0.00132877	0
885	0.000664383	0
895	0.00199315	0.00274156
905	0.00132877	0
915	0.00132877	0.00548311
925	0	0.00274156
935	0.00132877	0.00274156
945	0.000664383	0
955	0.00265753	0
965	0.00199315	0
975	0.00132877	0
985	0.00199315	0
995	0.00199315	0.00274156
1005	0.000664383	0
1015	0.000664383	0
1025	0.000664383	0
1035	0.00199315	0
1045	0.000664383	0
1055	0.00199315	0
1065	0	0
1075	0.00199315	0
1085	0.00132877	0.00274156
1095	0.000664383	0
1105	0.00132877	0
1115	0.00132877	0.00274156
1125	0	0.00548311
1135	0	0.00274156
1145	0	0
1155	0.00132877	0
1165	0	0
1175	0.000664383	0.00274156
1185	0.00265753	0
1195	0.000664383	0
