FG time = 3312.56	BG time = 613.684
5	0	0
15	0	0
25	0	0
35	0.000301881	0.00325901
45	0.00513198	0.00651802
55	0.0190185	0.00651802
65	0.0377352	0.00325901
75	0.0600744	0.00814752
85	0.066112	0.00488851
95	0.073961	0.00325901
105	0.0769798	0.00488851
115	0.100828	0.0016295
125	0.0975077	0.0016295
135	0.109885	0.00325901
145	0.11713	0.00325901
155	0.121054	0.0016295
165	0.119847	0.00325901
175	0.131318	0
185	0.130715	0.0016295
195	0.136752	0.00325901
205	0.139167	0.00488851
215	0.124073	0.0016295
225	0.137356	0.00325901
235	0.133432	0.00651802
245	0.134639	0
255	0.137356	0.00325901
265	0.144299	0.00488851
275	0.140979	0.0016295
285	0.131017	0.00651802
295	0.145507	0.0016295
305	0.13645	0.0016295
315	0.131922	0.00488851
325	0.13162	0.0016295
335	0.139469	0.0016295
345	0.136149	0
355	0.134639	0.0016295
365	0.111998	0.00325901
375	0.128903	0
385	0.117734	0.0016295
395	0.112602	0.0016295
405	0.1123	0
415	0.102036	0.0016295
425	0.107168	0
435	0.114413	0
445	0.0932814	0.0016295
455	0.0938851	0
465	0.0996209	0
475	0.0908663	0.00325901
485	0.0863381	0
495	0.083923	0.00488851
505	0.0751685	0.0016295
515	0.0760741	0
525	0.076376	0.0016295
535	0.0621876	0.0016295
545	0.0658102	0
555	0.0525274	0
565	0.0588669	0
575	0.0492067	0
585	0.0495086	0.0016295
595	0.048301	0.0016295
605	0.0365277	0
615	0.0374333	0.0016295
625	0.03049	0
635	0.035622	0
645	0.03049	0.00651802
655	0.0241505	0.0016295
665	0.0241505	0.0016295
675	0.0217355	0
685	0.0135847	0.0016295
695	0.0141884	0
705	0.0129809	0.0016295
715	0.0135847	0.0016295
725	0.00633951	0.0016295
735	0.0048301	0.0016295
745	0.00845268	0
755	0.00633951	0.00325901
765	0.00543387	0
775	0.00513198	0
785	0.00301881	0.0016295
795	0.00241505	0.00325901
805	0.00181129	0
815	0.00150941	0
825	0.0033207	0.0016295
835	0.00211317	0
845	0.00120753	0.0016295
855	0.00120753	0
865	0.00301881	0.0016295
875	0.000603763	0.0016295
885	0.00120753	0.0016295
895	0.00211317	0.0016295
905	0.00120753	0.00488851
915	0.00150941	0
925	0.00120753	0
935	0.00150941	0
945	0.00241505	0
955	0.00150941	0
965	0.00150941	0
975	0.000603763	0
985	0.00120753	0
995	0.000301881	0.0016295
1005	0.000905644	0
1015	0.000905644	0.0016295
1025	0.00150941	0
1035	0.000905644	0.0016295
1045	0.000905644	0.00488851
1055	0.000603763	0
1065	0.00150941	0.0016295
1075	0.00150941	0
1085	0.00241505	0
1095	0.000301881	0.0016295
1105	0.00120753	0
1115	0.00211317	0.0016295
1125	0.000301881	0.0016295
1135	0.00181129	0.00325901
1145	0.00150941	0
1155	0.00150941	0.0016295
1165	0.000603763	0.0016295
1175	0.000905644	0.0016295
1185	0.00120753	0
1195	0.00211317	0
