FG time = 3018.97	BG time = 615.385
5	0	0
15	0	0
25	0	0
35	0	0
45	0	0
55	0	0
65	0.000331239	0
75	0	0
85	0.000331239	0
95	0.000662478	0.001625
105	0.00198744	0
115	0.00132496	0.001625
125	0.00264991	0
135	0.00662478	0
145	0.00728726	0.001625
155	0.0092747	0
165	0.0109309	0.001625
175	0.0129183	0.001625
185	0.0102684	0.00325
195	0.0115934	0
205	0.0102684	0.001625
215	0.00861222	0
225	0.00993718	0
235	0.00662478	0
245	0.00861222	0.001625
255	0.00861222	0
265	0.00695602	0
275	0.00629354	0.00325
285	0.00596231	0
295	0.00563107	0.001625
305	0.00496859	0.001625
315	0.00662478	0.001625
325	0.00430611	0.001625
335	0.00364363	0
345	0.00430611	0
355	0.00397487	0
365	0.00430611	0
375	0.00264991	0
385	0.00496859	0
395	0.00397487	0
405	0.00198744	0.001625
415	0.00132496	0
425	0.00331239	0
435	0.00298115	0
445	0.00264991	0
455	0.00231867	0
465	0.0016562	0
475	0.00264991	0.001625
485	0.00198744	0
495	0.00132496	0
505	0.00132496	0
515	0.000993718	0
525	0.00132496	0
535	0.000993718	0.001625
545	0.00198744	0
555	0	0
565	0.000662478	0
575	0.00231867	0
585	0.000662478	0
595	0.000331239	0
605	0.000331239	0
615	0.000331239	0
625	0.000331239	0
635	0	0
645	0.000331239	0.001625
655	0	0
665	0.000331239	0
675	0.000662478	0
685	0	0.001625
695	0.000662478	0
705	0.000331239	0
715	0	0
725	0.000331239	0
735	0	0
745	0	0
755	0	0
765	0	0
775	0.000331239	0
785	0.000331239	0
795	0.000331239	0
805	0.000662478	0
815	0	0
825	0	0
835	0	0
845	0	0
855	0	0
865	0	0
875	0	0
885	0.000331239	0
895	0	0
905	0	0
915	0	0
925	0	0
935	0	0
945	0	0
955	0	0
965	0	0
975	0	0
985	0	0
995	0	0
1005	0	0
1015	0	0
1025	0.000331239	0
1035	0.000331239	0
1045	0	0
1055	0	0
1065	0.000331239	0
1075	0	0
1085	0	0
1095	0	0
1105	0	0
1115	0	0
1125	0	0
1135	0	0
1145	0	0
1155	0	0
1165	0	0
1175	0	0
1185	0.000331239	0
1195	0	0
