FG time = 3217.38	BG time = 614.575
5	0	0
15	0	0
25	0	0
35	0	0
45	0	0
55	0	0
65	0	0
75	0	0
85	0	0
95	0	0
105	0	0
115	0	0
125	0.000310812	0
135	0.000310812	0
145	0.000932436	0.00162714
155	0.00279731	0.00162714
165	0.00124325	0
175	0.00217568	0
185	0.00372975	0
195	0.00404056	0
205	0.00466218	0.00162714
215	0.00621624	0
225	0.00559462	0
235	0.00466218	0
245	0.00497299	0
255	0.00621624	0
265	0.00808112	0
275	0.00994599	0.00162714
285	0.00590543	0
295	0.00932436	0
305	0.00652705	0.00162714
315	0.00621624	0
325	0.00808112	0
335	0.00466218	0
345	0.00683787	0
355	0.0077703	0
365	0.00683787	0.00162714
375	0.00745949	0.00325428
385	0.0102568	0
395	0.0108784	0.00162714
405	0.00559462	0
415	0.00621624	0
425	0.00590543	0.00162714
435	0.00559462	0
445	0.00714868	0
455	0.00435137	0.00162714
465	0.00621624	0
475	0.00404056	0.00162714
485	0.00590543	0
495	0.00590543	0
505	0.00372975	0
515	0.00559462	0.00325428
525	0.00466218	0
535	0.00621624	0
545	0.00652705	0
555	0.00559462	0
565	0.00341893	0
575	0.00310812	0.00162714
585	0.00497299	0
595	0.00497299	0
605	0.00217568	0.00162714
615	0.00186487	0.00325428
625	0.00372975	0
635	0.00155406	0.00162714
645	0.0024865	0
655	0.000932436	0.00325428
665	0.00124325	0
675	0.00310812	0
685	0.000621624	0
695	0.00279731	0.00488143
705	0.00155406	0
715	0.000932436	0.00325428
725	0.000310812	0
735	0.00155406	0
745	0.000932436	0.00162714
755	0.000310812	0.00325428
765	0.000310812	0
775	0.00155406	0
785	0.00124325	0.00162714
795	0.000932436	0
805	0.000621624	0
815	0.000621624	0.00162714
825	0.000932436	0
835	0.000621624	0.00325428
845	0.000932436	0.00488143
855	0.00124325	0
865	0.000310812	0
875	0.000310812	0.00162714
885	0	0
895	0.000310812	0.00325428
905	0.00124325	0.00162714
915	0.000621624	0.00162714
925	0.000310812	0.00325428
935	0.00124325	0.00162714
945	0.000932436	0
955	0.00124325	0
965	0.000621624	0
975	0.000621624	0
985	0	0.00162714
995	0.000621624	0.00162714
1005	0	0
1015	0	0.00162714
1025	0.000310812	0
1035	0.000621624	0
1045	0	0
1055	0.00155406	0
1065	0.000621624	0.00162714
1075	0.00124325	0
1085	0.000310812	0
1095	0.000310812	0
1105	0.00124325	0.00162714
1115	0.000621624	0
1125	0.000621624	0.00162714
1135	0.000621624	0.00162714
1145	0.000621624	0.00162714
1155	0	0
1165	0.000932436	0
1175	0.000932436	0
1185	0.00124325	0
1195	0.000310812	0.00162714
