FG time = 2598.32	BG time = 494.56
5	0	0
15	0	0
25	0	0
35	0.000384864	0
45	0.00192432	0.002022
55	0.0096216	0
65	0.0354075	0.008088
75	0.0627329	0.006066
85	0.0966009	0.006066
95	0.109686	0.018198
105	0.11315	0.006066
115	0.121232	0
125	0.135857	0.004044
135	0.136627	0.008088
145	0.145094	0.008088
155	0.148558	0.002022
165	0.165492	0.002022
175	0.162798	0.01011
185	0.165876	0.008088
195	0.154331	0.008088
205	0.163182	0.004044
215	0.145864	0.004044
225	0.164722	0.004044
235	0.165492	0
245	0.145094	0.004044
255	0.167416	0.002022
265	0.161643	0
275	0.175883	0.004044
285	0.17088	0.004044
295	0.168186	0.004044
305	0.160103	0.004044
315	0.163567	0
325	0.154715	0.002022
335	0.160103	0
345	0.153946	0
355	0.147788	0
365	0.136627	0
375	0.157409	0.004044
385	0.150482	0.002022
395	0.123541	0.002022
405	0.127005	0.002022
415	0.123157	0.006066
425	0.115074	0
435	0.120847	0.002022
445	0.135472	0.01011
455	0.111226	0.002022
465	0.119693	0.002022
475	0.10045	0
485	0.0989101	0.002022
495	0.103913	0.002022
505	0.0896734	0.002022
515	0.0927523	0
525	0.0900582	0
535	0.0731242	0
545	0.0738939	0.002022
555	0.0711999	0.004044
565	0.0638875	0.004044
575	0.0646572	0.002022
585	0.0588842	0
595	0.0604237	0
605	0.0531113	0.008088
615	0.0473383	0.006066
625	0.0346378	0
635	0.0404107	0
645	0.0323286	0.002022
655	0.0330983	0.006066
665	0.0330983	0.004044
675	0.0292497	0.002022
685	0.0200129	0.002022
695	0.0250162	0.004044
705	0.0207827	0
715	0.0153946	0.004044
725	0.01424	0
735	0.0111611	0.002022
745	0.00808215	0
755	0.0107762	0.002022
765	0.0107762	0.002022
775	0.00731242	0.004044
785	0.00885188	0.006066
795	0.0053881	0.004044
805	0.00577296	0.008088
815	0.00307891	0.004044
825	0.00423351	0.002022
835	0.00461837	0.002022
845	0.00346378	0
855	0.00230918	0
865	0.00307891	0.004044
875	0.00307891	0
885	0.00269405	0
895	0.00230918	0.004044
905	0.00230918	0.002022
915	0.00500323	0
925	0.00115459	0.004044
935	0.00230918	0
945	0.00500323	0
955	0.00192432	0.002022
965	0.00115459	0.002022
975	0.00153946	0.002022
985	0.00230918	0.004044
995	0.000769728	0.002022
1005	0.00269405	0
1015	0.00153946	0.002022
1025	0.00230918	0.002022
1035	0.00307891	0
1045	0.00269405	0.004044
1055	0.00346378	0
1065	0.00307891	0
1075	0.00230918	0.004044
1085	0.00269405	0.002022
1095	0.00153946	0.002022
1105	0.00153946	0
1115	0.00115459	0.002022
1125	0.00269405	0
1135	0.00269405	0.002022
1145	0.00269405	0
1155	0.000769728	0.002022
1165	0.00230918	0.004044
1175	0.00307891	0.004044
1185	0.00153946	0.008088
1195	0.00307891	0.008088
