FG time = 3009.9	BG time = 485.554
5	0	0
15	0	0
25	0	0
35	0	0
45	0.00166118	0
55	0.0122928	0
65	0.0598026	0.00823801
75	0.143859	0.00617851
85	0.169773	0.0144165
95	0.228247	0.00617851
105	0.220605	0.012357
115	0.257816	0.00617851
125	0.258148	0.00617851
135	0.269444	0
145	0.282069	0.0020595
155	0.281405	0.0020595
165	0.284063	0
175	0.288382	0.0020595
185	0.303332	0
195	0.290375	0.00823801
205	0.312635	0
215	0.30898	0.004119
225	0.284063	0
235	0.310641	0.004119
245	0.314296	0.0020595
255	0.316954	0
265	0.301339	0
275	0.29403	0.004119
285	0.289046	0.0020595
295	0.277086	0
305	0.290707	0
315	0.283066	0
325	0.286056	0.0020595
335	0.281405	0.0020595
345	0.271438	0.0020595
355	0.276753	0
365	0.254161	0.0020595
375	0.260474	0.0020595
385	0.271105	0
395	0.257816	0
405	0.260806	0.0020595
415	0.248513	0
425	0.226586	0
435	0.22127	0.004119
445	0.224924	0.004119
455	0.209974	0.0020595
465	0.19602	0.00617851
475	0.214625	0
485	0.179408	0.0020595
495	0.173428	0
505	0.153493	0
515	0.161799	0
525	0.151832	0
535	0.14851	0
545	0.138875	0
555	0.127579	0.0020595
565	0.108974	0.0020595
575	0.104322	0.004119
585	0.0936908	0.0020595
595	0.0993388	0
605	0.0950197	0
615	0.0830592	0.0020595
625	0.0767467	0.004119
635	0.0654507	0
645	0.0624605	0
655	0.0554836	0
665	0.0528257	0.004119
675	0.0458487	0.0020595
685	0.0392039	0.0020595
695	0.0275757	0.0020595
705	0.0282401	0
715	0.0279079	0.00617851
725	0.0189375	0
735	0.0199342	0.004119
745	0.0156151	0.004119
755	0.0132895	0.0020595
765	0.0129572	0.0020595
775	0.00830592	0.0020595
785	0.00564803	0.0020595
795	0.00498355	0
805	0.00498355	0.0020595
815	0.00332237	0
825	0.00299013	0.004119
835	0.00332237	0
845	0.00299013	0.00617851
855	0.00299013	0
865	0.00132895	0.0020595
875	0.00199342	0
885	0.000996711	0.004119
895	0.00232566	0
905	0.00232566	0
915	0.00299013	0
925	0.00232566	0
935	0.00199342	0.004119
945	0.000996711	0.0020595
955	0.000664474	0.00617851
965	0.00232566	0
975	0.000996711	0.0020595
985	0.00365461	0
995	0.00265789	0
1005	0.00232566	0
1015	0.00132895	0.004119
1025	0.00232566	0.00617851
1035	0.000332237	0
1045	0.00232566	0
1055	0.00132895	0.004119
1065	0.000996711	0
1075	0.000996711	0.0020595
1085	0.00166118	0
1095	0.000664474	0.004119
1105	0.000996711	0.0020595
1115	0.00232566	0
1125	0.000996711	0
1135	0.00199342	0
1145	0.000996711	0
1155	0.00132895	0.00617851
1165	0.00166118	0.004119
1175	0.00199342	0.0020595
1185	0.00199342	0
1195	0.00232566	0.0020595
