FG time = 3371.58	BG time = 425.851
5	0	0
15	0	0
25	0	0
35	0	0
45	0.000296597	0
55	0.00652513	0.00234824
65	0.0403372	0.00234824
75	0.103216	0.00704473
85	0.156603	0.00704473
95	0.209397	0.00234824
105	0.239057	0.00939297
115	0.274352	0.00234824
125	0.290962	0.00469648
135	0.31291	0.00469648
145	0.322401	0.00469648
155	0.327443	0.00939297
165	0.331299	0.00234824
175	0.355916	0.00234824
185	0.369856	0
195	0.375788	0.00704473
205	0.371339	0.00234824
215	0.390025	0.00234824
225	0.38439	0
235	0.392101	0
245	0.3835	0
255	0.380534	0.00234824
265	0.386762	0
275	0.387059	0.00234824
285	0.373712	0.00234824
295	0.374009	0
305	0.389135	0.00469648
315	0.387652	0.00234824
325	0.379348	0.00234824
335	0.370746	0
345	0.357103	0.00234824
355	0.358586	0.00469648
365	0.366594	0.00469648
375	0.352061	0
385	0.337231	0.00234824
395	0.329223	0.00704473
405	0.312317	0
415	0.315876	0.00234824
425	0.31291	0.00234824
435	0.286513	0
445	0.300156	0.00234824
455	0.28236	0.00704473
465	0.269013	0.00234824
475	0.254184	0.00234824
485	0.24232	0.00469648
495	0.222744	0.00234824
505	0.220372	0
515	0.217999	0
525	0.193381	0
535	0.19694	0.00234824
545	0.173806	0
555	0.164018	0.00939297
565	0.151858	0.00939297
575	0.151264	0.00234824
585	0.144443	0
595	0.125757	0.00234824
605	0.126944	0
615	0.114486	0
625	0.110631	0
635	0.0925383	0
645	0.0946144	0
655	0.0699969	0.00234824
665	0.0720731	0
675	0.0628786	0
685	0.0536841	0
695	0.0433032	0.00469648
705	0.0433032	0.00234824
715	0.041227	0
725	0.0320325	0
735	0.0258039	0.00469648
745	0.0207618	0.00234824
755	0.021355	0.00234824
765	0.0172026	0.00469648
775	0.0136435	0.00704473
785	0.0142367	0.00234824
795	0.0103809	0.00234824
805	0.00771152	0.00234824
815	0.00415236	0
825	0.00385576	0.00704473
835	0.00474555	0.00234824
845	0.00296597	0.00939297
855	0.00326257	0.00234824
865	0.00207618	0.00469648
875	0.00326257	0.00469648
885	0.00266937	0.00234824
895	0.00296597	0
905	0.00444895	0
915	0.00237278	0
925	0.00355916	0
935	0.00385576	0.00234824
945	0.00415236	0.00469648
955	0.00326257	0.00234824
965	0.00207618	0.00234824
975	0.00118639	0
985	0.00326257	0.00234824
995	0.00148298	0.00234824
1005	0.00148298	0.00939297
1015	0.00177958	0
1025	0.00148298	0.00469648
1035	0.00266937	0.00234824
1045	0.000889791	0.00234824
1055	0.00177958	0.00469648
1065	0.00385576	0.00234824
1075	0.00207618	0.00469648
1085	0.00177958	0
1095	0.00237278	0
1105	0.00148298	0.00234824
1115	0.00326257	0
1125	0.00237278	0.00704473
1135	0.00177958	0.00469648
1145	0.00326257	0.00469648
1155	0.00385576	0.00234824
1165	0.00177958	0.00704473
1175	0.000889791	0.00234824
1185	0.00207618	0.00234824
1195	0.00237278	0
