FG time = 2884.69	BG time = 305.608
5	0	0
15	0	0
25	0	0
35	0	0
45	0.000346658	0
55	0.00103997	0
65	0.0201062	0.00327216
75	0.0547719	0.00981649
85	0.105384	0.0130887
95	0.124797	0.00327216
105	0.143863	0.0163608
115	0.150796	0.0229052
125	0.162236	0.0130887
135	0.183035	0.0130887
145	0.154609	0.019633
155	0.154956	0.0130887
165	0.175756	0.00654433
175	0.178875	0.00654433
185	0.178529	0.00327216
195	0.167782	0.00327216
205	0.187542	0.00327216
215	0.174022	0
225	0.187542	0.00327216
235	0.179222	0.00654433
245	0.188235	0.00327216
255	0.177489	0.00327216
265	0.172636	0.00327216
275	0.188582	0.00654433
285	0.172982	0.00327216
295	0.179569	0.00327216
305	0.161196	0
315	0.172289	0
325	0.178182	0
335	0.165356	0.00327216
345	0.183035	0
355	0.161543	0.00327216
365	0.149063	0
375	0.141783	0
385	0.143863	0.00327216
395	0.152876	0
405	0.144556	0
415	0.142823	0.00327216
425	0.14421	0
435	0.135197	0.00654433
445	0.125837	0
455	0.115437	0.00654433
465	0.114397	0
475	0.110931	0.00327216
485	0.106424	0.00327216
495	0.109544	0
505	0.102611	0
515	0.0901311	0
525	0.0956776	0.00654433
535	0.0870111	0
545	0.0814646	0.00327216
555	0.0838912	0.00327216
565	0.0734915	0
575	0.0724515	0.00327216
585	0.0578919	0
595	0.0578919	0.00327216
605	0.0603185	0.00654433
615	0.0461055	0
625	0.0457588	0
635	0.0412523	0.00654433
645	0.0343191	0.00327216
655	0.0305059	0
665	0.0311992	0
675	0.0207995	0
685	0.0270393	0
695	0.0218394	0
705	0.0176796	0
715	0.0166396	0
725	0.0107464	0.00327216
735	0.00797313	0
745	0.0114397	0.00327216
755	0.0065865	0.00981649
765	0.00762647	0
775	0.0065865	0
785	0.00415989	0
795	0.00381324	0
805	0.00415989	0
815	0.00138663	0
825	0.00277326	0.00654433
835	0.00311992	0.00327216
845	0.00277326	0.00327216
855	0.00242661	0
865	0.00173329	0
875	0.00242661	0
885	0.00207995	0
895	0.00207995	0
905	0.00173329	0.00327216
915	0.000693316	0
925	0.000346658	0.00654433
935	0.00173329	0
945	0.00207995	0.00327216
955	0.000693316	0.00327216
965	0.00138663	0
975	0.00242661	0.00654433
985	0.00103997	0
995	0.00277326	0
1005	0.00103997	0
1015	0.00346658	0.00654433
1025	0.00207995	0
1035	0.00173329	0.00327216
1045	0.00138663	0
1055	0.00103997	0
1065	0.000346658	0
1075	0.000693316	0
1085	0.000693316	0
1095	0.00138663	0
1105	0.00311992	0
1115	0.00242661	0
1125	0.00207995	0.00327216
1135	0.00242661	0.00327216
1145	0.00103997	0
1155	0.00207995	0.00327216
1165	0.000346658	0
1175	0.00103997	0
1185	0.00103997	0
1195	0.00103997	0
