FG time = 3318.99	BG time = 734.676
5	0	0
15	0	0
25	0	0
35	0	0
45	0	0
55	0	0
65	0	0
75	0	0
85	0	0
95	0	0
105	0	0
115	0	0
125	0.000301297	0
135	0	0
145	0.000602593	0.00136114
155	0	0
165	0.00150648	0
175	0.00150648	0
185	0.00331426	0
195	0.00331426	0
205	0.00361556	0
215	0.00391686	0.00136114
225	0.00241037	0
235	0.00391686	0.00136114
245	0.00482075	0
255	0.00482075	0
265	0.00542334	0.00272229
275	0.00542334	0
285	0.00572464	0
295	0.00602593	0.00272229
305	0.00482075	0
315	0.00572464	0.00136114
325	0.00391686	0
335	0.00632723	0
345	0.0090389	0.00136114
355	0.00753242	0
365	0.00692982	0.00136114
375	0.00391686	0
385	0.00451945	0
395	0.00451945	0.00136114
405	0.00512204	0
415	0.00391686	0.00272229
425	0.00723112	0
435	0.00421815	0
445	0.00572464	0
455	0.00512204	0.00136114
465	0.00512204	0
475	0.00572464	0
485	0.00421815	0
495	0.00421815	0
505	0.00632723	0.00136114
515	0.00542334	0
525	0.00331426	0.00136114
535	0.00331426	0
545	0.00331426	0
555	0.00421815	0
565	0.00241037	0
575	0.00482075	0.00136114
585	0.00271167	0
595	0.00210908	0.00272229
605	0.00150648	0
615	0.00301297	0.00136114
625	0.00180778	0
635	0.00090389	0
645	0.00271167	0
655	0.00120519	0.00136114
665	0.00150648	0
675	0.00180778	0
685	0.00150648	0.00272229
695	0.00210908	0
705	0.00180778	0.00136114
715	0.00120519	0
725	0.00090389	0
735	0.00150648	0
745	0.00120519	0
755	0.00090389	0.00136114
765	0.00180778	0
775	0.00090389	0
785	0.000602593	0
795	0	0.00136114
805	0.000301297	0
815	0.000602593	0
825	0.000301297	0.00136114
835	0.000602593	0
845	0	0
855	0.00120519	0.00136114
865	0.000602593	0
875	0.00090389	0
885	0.000602593	0
895	0.000301297	0
905	0.00120519	0
915	0.00090389	0
925	0.000301297	0.00272229
935	0.000301297	0
945	0.00090389	0.00136114
955	0	0
965	0.00090389	0
975	0.00090389	0.00136114
985	0.00090389	0
995	0.00090389	0.00272229
1005	0.00090389	0.00136114
1015	0.00090389	0
1025	0.00150648	0
1035	0.000602593	0.00408343
1045	0.00120519	0
1055	0.000602593	0
1065	0.000602593	0
1075	0	0
1085	0.000602593	0
1095	0.000602593	0
1105	0.00090389	0
1115	0	0.00136114
1125	0.00090389	0
1135	0.000602593	0
1145	0.000602593	0
1155	0.000301297	0
1165	0.000301297	0
1175	0.00120519	0
1185	0.000602593	0.00136114
1195	0.000301297	0
