FG time = 3604.46	BG time = 485.057
5	0	0
15	0	0
25	0	0
35	0	0
45	0	0
55	0	0
65	0	0
75	0	0
85	0	0
95	0.000277434	0
105	0.000554868	0
115	0.000277434	0
125	0	0
135	0.000277434	0
145	0.000277434	0
155	0.000277434	0
165	0.00221947	0.00412322
175	0.00416151	0
185	0.00443895	0
195	0.00194204	0
205	0.00443895	0
215	0.00499381	0.00206161
225	0.00915533	0
235	0.00443895	0.00206161
245	0.00693585	0
255	0.00638098	0
265	0.00804559	0
275	0.00860046	0
285	0.00832302	0
295	0.00860046	0
305	0.00471638	0
315	0.00721329	0
325	0.00721329	0
335	0.00804559	0
345	0.00943276	0
355	0.00610355	0.00206161
365	0.00443895	0
375	0.00971019	0
385	0.00860046	0
395	0.00749072	0
405	0.00554868	0
415	0.00721329	0
425	0.00693585	0.00206161
435	0.00554868	0
445	0.00665842	0
455	0.00638098	0
465	0.00499381	0
475	0.00471638	0
485	0.00610355	0
495	0.00527125	0.00206161
505	0.00305178	0
515	0.00277434	0
525	0.00277434	0
535	0.00443895	0
545	0.00527125	0.00206161
555	0.00277434	0
565	0.00471638	0.00206161
575	0.00527125	0
585	0.00527125	0
595	0.00194204	0.00206161
605	0.00388408	0
615	0.00194204	0.00206161
625	0.00305178	0
635	0.00221947	0
645	0.00110974	0
655	0.00138717	0
665	0.00249691	0.00206161
675	0.0016646	0.00412322
685	0.00138717	0
695	0.0016646	0.00206161
705	0.0016646	0.00206161
715	0.000554868	0.00206161
725	0.000277434	0.00206161
735	0.000554868	0
745	0.00110974	0
755	0.00138717	0.00412322
765	0.00138717	0
775	0.0016646	0
785	0	0
795	0.000832302	0.00206161
805	0.000277434	0.00206161
815	0.000277434	0
825	0.00138717	0
835	0.000554868	0
845	0.00110974	0.00206161
855	0.000554868	0
865	0.000277434	0
875	0.00110974	0.00206161
885	0.000277434	0.00412322
895	0.000277434	0
905	0.000832302	0.00206161
915	0.000554868	0
925	0.00138717	0
935	0.00110974	0
945	0	0.00206161
955	0.000832302	0
965	0	0.00206161
975	0.000277434	0.00206161
985	0.00110974	0
995	0.000554868	0
1005	0.000832302	0
1015	0.000277434	0
1025	0.000832302	0
1035	0.000554868	0
1045	0.000554868	0
1055	0.00221947	0
1065	0.00110974	0.00206161
1075	0.000554868	0
1085	0.000832302	0
1095	0.0016646	0
1105	0.000277434	0.00206161
1115	0.000554868	0
1125	0.0016646	0
1135	0.000554868	0
1145	0.00138717	0.00206161
1155	0.00110974	0.00206161
1165	0.00110974	0
1175	0.00138717	0
1185	0.000554868	0
1195	0.00110974	0
