FG time = 1632.6	BG time = 313.225
5	0	0
15	0	0
25	0	0
35	0	0
45	0.00245009	0
55	0.0134755	0
65	0.0361388	0.0127704
75	0.0520643	0.0031926
85	0.0624772	0
95	0.0741151	0.00957779
105	0.0949409	0.0031926
115	0.0973909	0.0031926
125	0.0992285	0.00957779
135	0.116379	0
145	0.114542	0
155	0.110254	0
165	0.115767	0.00638519
175	0.124342	0.00638519
185	0.132917	0.0031926
195	0.117604	0
205	0.139655	0.0031926
215	0.13843	0.0031926
225	0.13353	0.0031926
235	0.137205	0
245	0.145168	0
255	0.134142	0.0031926
265	0.15068	0
275	0.14088	0.00638519
285	0.128017	0
295	0.147005	0
305	0.149455	0.0031926
315	0.126792	0.00638519
325	0.141493	0
335	0.140267	0
345	0.140267	0
355	0.130467	0
365	0.13598	0
375	0.120054	0.0031926
385	0.113929	0
395	0.113317	0
405	0.134755	0.0031926
415	0.107804	0.00638519
425	0.120667	0
435	0.112704	0
445	0.100454	0
455	0.098616	0
465	0.105354	0
475	0.0906532	0.0031926
485	0.0961659	0.0031926
495	0.0943283	0
505	0.0759527	0.0031926
515	0.0686024	0
525	0.0606396	0
535	0.0612522	0.0031926
545	0.0802403	0.0031926
555	0.0692149	0
565	0.0496143	0.00957779
575	0.0630897	0
585	0.0606396	0.00957779
595	0.0477767	0
605	0.0398139	0.0031926
615	0.0404264	0
625	0.0398139	0
635	0.0330762	0.00957779
645	0.0312386	0
655	0.0251134	0.00957779
665	0.0232758	0.00638519
675	0.0263384	0.0031926
685	0.0245009	0.0031926
695	0.0202132	0
705	0.0189882	0.00638519
715	0.00796278	0
725	0.0122504	0.0031926
735	0.0122504	0
745	0.00612522	0
755	0.00673774	0
765	0.0085753	0.0031926
775	0.00673774	0
785	0.00245009	0.00638519
795	0.00306261	0
805	0.00306261	0
815	0.00122504	0
825	0.00122504	0
835	0.00245009	0
845	0.00367513	0
855	0	0
865	0	0
875	0.00306261	0.0031926
885	0.00245009	0.00957779
895	0.00183756	0
905	0.00245009	0.0031926
915	0.00183756	0.0031926
925	0.00122504	0
935	0.00245009	0.0031926
945	0.00428765	0.00638519
955	0.00183756	0.00638519
965	0.000612522	0.0031926
975	0.00183756	0
985	0.00306261	0.0031926
995	0.00122504	0
1005	0.00122504	0
1015	0.00306261	0
1025	0.00122504	0.0031926
1035	0	0
1045	0.00428765	0.0031926
1055	0.000612522	0
1065	0.00183756	0
1075	0.00122504	0.0031926
1085	0.00245009	0
1095	0.000612522	0
1105	0.00122504	0
1115	0.00183756	0
1125	0.00428765	0
1135	0	0
1145	0.00122504	0
1155	0.000612522	0.0031926
1165	0.000612522	0
1175	0.00245009	0
1185	0.00183756	0
1195	0.00122504	0.0031926
