FG time = 3196.59	BG time = 603.651
5	0	0
15	0	0
25	0	0
35	0	0
45	0	0
55	0	0
65	0	0
75	0	0
85	0.000625666	0
95	0.00125133	0
105	0.0028155	0
115	0.00312833	0
125	0.00500533	0
135	0.00625666	0
145	0.0109492	0
155	0.0118877	0
165	0.00813366	0.00165659
175	0.0140775	0.00165659
185	0.0137647	0.00331317
195	0.013139	0
205	0.00938499	0
215	0.0122005	0
225	0.0143903	0
235	0.00969783	0
245	0.00969783	0
255	0.00907216	0
265	0.007508	0
275	0.00531816	0.00331317
285	0.00719516	0.00165659
295	0.0106363	0
305	0.00813366	0
315	0.00500533	0.00165659
325	0.00531816	0
335	0.00500533	0.00331317
345	0.003754	0
355	0.003754	0
365	0.00344116	0.00165659
375	0.0028155	0
385	0.00406683	0
395	0.00406683	0
405	0.00312833	0
415	0.003754	0
425	0.00250267	0
435	0.00156417	0
445	0.00344116	0
455	0.00156417	0
465	0.00250267	0
475	0.001877	0
485	0.00218983	0
495	0.0028155	0
505	0.00218983	0
515	0.001877	0
525	0.00125133	0
535	0.00156417	0.00165659
545	0.000625666	0.00165659
555	0.000625666	0
565	0.000938499	0.00165659
575	0.000312833	0
585	0.00125133	0
595	0	0
605	0.000625666	0
615	0.00125133	0
625	0.000312833	0
635	0.000625666	0
645	0.00125133	0
655	0.000312833	0
665	0.000312833	0
675	0.000312833	0
685	0.000312833	0
695	0	0
705	0.000312833	0.00165659
715	0	0
725	0	0
735	0.000312833	0
745	0	0
755	0.000312833	0
765	0	0
775	0	0
785	0	0
795	0	0
805	0.000312833	0
815	0.000312833	0
825	0.000312833	0
835	0.000312833	0
845	0	0
855	0.000312833	0
865	0	0.00165659
875	0	0
885	0	0
895	0	0.00165659
905	0.000312833	0
915	0.000312833	0
925	0	0
935	0	0
945	0	0
955	0.000312833	0
965	0	0
975	0.000625666	0
985	0	0.00165659
995	0.000625666	0
1005	0	0
1015	0	0
1025	0.000312833	0
1035	0	0
1045	0	0
1055	0	0
1065	0	0
1075	0	0
1085	0	0
1095	0	0
1105	0	0
1115	0	0
1125	0	0
1135	0	0
1145	0	0
1155	0	0
1165	0	0
1175	0	0
1185	0	0
1195	0	0
