FG time = 3312.86	BG time = 613.988
5	0	0
15	0	0
25	0	0
35	0	0
45	0	0
55	0	0
65	0	0
75	0	0
85	0	0
95	0	0
105	0	0
115	0	0
125	0	0
135	0.000301854	0
145	0.000603709	0
155	0.00120742	0
165	0.000603709	0.0016287
175	0.000905563	0
185	0.000603709	0
195	0.00120742	0
205	0.00120742	0
215	0.00181113	0
225	0.00271669	0.0016287
235	0.00120742	0
245	0.00271669	0.0016287
255	0.00362225	0.0016287
265	0.00241483	0
275	0.00241483	0
285	0.00211298	0
295	0.00392411	0.0016287
305	0.00241483	0
315	0.0033204	0.0016287
325	0.0033204	0
335	0.00271669	0
345	0.00543338	0
355	0.00392411	0
365	0.00422596	0.00325739
375	0.00513152	0
385	0.00301854	0
395	0.00362225	0
405	0.00603709	0
415	0.00271669	0
425	0.00452781	0.0016287
435	0.00573523	0
445	0.00482967	0
455	0.00422596	0
465	0.00513152	0
475	0.00241483	0
485	0.00362225	0
495	0.00301854	0
505	0.00482967	0.00325739
515	0.00271669	0
525	0.00120742	0.0016287
535	0.00271669	0
545	0.00211298	0
555	0.00241483	0.00325739
565	0.00301854	0.0016287
575	0.00301854	0
585	0.00271669	0.00325739
595	0.00241483	0
605	0.00241483	0
615	0.00120742	0.0016287
625	0.00120742	0
635	0.000603709	0
645	0.000905563	0.0016287
655	0.00181113	0
665	0.00150927	0
675	0.000905563	0.0016287
685	0.000603709	0
695	0.000905563	0
705	0.000603709	0.0016287
715	0.000905563	0
725	0.000603709	0.0016287
735	0.00150927	0.0016287
745	0.00120742	0
755	0.00120742	0
765	0.000905563	0
775	0	0
785	0.000301854	0
795	0.000301854	0.0016287
805	0	0.00488609
815	0.000301854	0
825	0	0
835	0.00150927	0
845	0.000905563	0.0016287
855	0	0
865	0	0
875	0.000603709	0.0016287
885	0.000301854	0.0016287
895	0.000603709	0
905	0.000905563	0
915	0.000301854	0
925	0.000905563	0
935	0.000301854	0
945	0.000905563	0
955	0.000603709	0
965	0.000603709	0
975	0.000301854	0
985	0.000603709	0
995	0.00120742	0
1005	0.000905563	0.0016287
1015	0	0.0016287
1025	0.000603709	0
1035	0.000905563	0.00325739
1045	0.00120742	0
1055	0	0.0016287
1065	0.00120742	0.00325739
1075	0.00120742	0
1085	0.000905563	0
1095	0.000301854	0
1105	0.000905563	0.0016287
1115	0.00120742	0
1125	0.00150927	0
1135	0.000301854	0.0016287
1145	0.00120742	0
1155	0	0
1165	0.000603709	0
1175	0.000301854	0
1185	0.000603709	0.0016287
1195	0.00150927	0.0016287
