FG time = 3312.72	BG time = 493.106
5	0	0
15	0	0
25	0.000301866	0
35	0	0
45	0.00120747	0
55	0.00905599	0.00405592
65	0.0304885	0.00405592
75	0.0833151	0.00608389
85	0.117426	0.00405592
95	0.129803	0.00608389
105	0.140066	0.00608389
115	0.14882	0.0101398
125	0.156065	0.00202796
135	0.162102	0.00405592
145	0.153046	0.00405592
155	0.163008	0.00202796
165	0.17629	0.00608389
175	0.172668	0.00202796
185	0.169045	0.00202796
195	0.182025	0.00608389
205	0.177497	0.00202796
215	0.177497	0.00202796
225	0.163008	0.00608389
235	0.173875	0.00202796
245	0.174177	0.00608389
255	0.166932	0.00202796
265	0.185044	0.00202796
275	0.17629	0
285	0.179007	0
295	0.165121	0.00202796
305	0.174781	0.00202796
315	0.167536	0
325	0.160895	0.00405592
335	0.153348	0.00405592
345	0.156065	0.00405592
355	0.156367	0.00202796
365	0.158178	0.00202796
375	0.151839	0
385	0.146707	0.00202796
395	0.141877	0
405	0.139462	0.00405592
415	0.127689	0
425	0.137953	0.00202796
435	0.12618	0
445	0.112294	0.00202796
455	0.115615	0
465	0.123765	0.00405592
475	0.10837	0
485	0.110483	0
495	0.10022	0.00202796
505	0.109879	0.00202796
515	0.097201	0.00202796
525	0.0799946	0
535	0.076674	0
545	0.0781834	0
555	0.0706367	0
565	0.0688255	0.00202796
575	0.0727498	0
585	0.0600714	0
595	0.0552415	0.00202796
605	0.0498079	0.00202796
615	0.0446762	0.00202796
625	0.0425632	0
635	0.0395445	0.00202796
645	0.036224	0.00202796
655	0.0353184	0
665	0.0253568	0
675	0.0232437	0
685	0.0223381	0
695	0.0187157	0.00405592
705	0.0172064	0.00405592
715	0.0105653	0
725	0.0117728	0
735	0.00965972	0
745	0.00845226	0
755	0.00905599	0.00405592
765	0.00694293	0
775	0.00633919	0
785	0.00694293	0
795	0.00241493	0.00608389
805	0.004528	0
815	0.00211306	0.00405592
825	0.00211306	0
835	0.0018112	0
845	0.00392426	0
855	0.00120747	0.00202796
865	0.0018112	0.00202796
875	0.00241493	0
885	0.000905599	0.00202796
895	0.0018112	0.00202796
905	0.0018112	0
915	0.00211306	0
925	0.00120747	0
935	0.000905599	0
945	0.000301866	0.00202796
955	0.00150933	0
965	0.000603733	0.00202796
975	0.00150933	0
985	0.00120747	0
995	0.00211306	0.00405592
1005	0.0018112	0
1015	0.000905599	0.00202796
1025	0.000905599	0
1035	0.000603733	0
1045	0.000603733	0
1055	0.00120747	0
1065	0.0018112	0.00405592
1075	0.00150933	0
1085	0.00150933	0.00202796
1095	0.00120747	0
1105	0.0018112	0
1115	0.00211306	0
1125	0.00211306	0.00202796
1135	0.000905599	0.00202796
1145	0.00120747	0
1155	0.000905599	0
1165	0.000603733	0
1175	0.000301866	0
1185	0.0018112	0
1195	0.000603733	0
