FG time = 3313.01	BG time = 733.505
5	0	0
15	0	0
25	0	0
35	0	0
45	0	0
55	0	0
65	0	0
75	0	0
85	0	0
95	0	0
105	0	0
115	0	0
125	0	0
135	0.00030184	0
145	0.000905521	0
155	0.00181104	0
165	0.00120736	0
175	0.00241472	0
185	0.00271656	0
195	0.0015092	0
205	0.00211288	0
215	0.00513129	0
225	0.00784785	0.00136332
235	0.00603681	0.00136332
245	0.00513129	0
255	0.00543313	0
265	0.00271656	0.00136332
275	0.00543313	0
285	0.00452761	0.00136332
295	0.00422577	0.00272663
305	0.00422577	0
315	0.00482945	0
325	0.00482945	0
335	0.00482945	0.00136332
345	0.00482945	0
355	0.00482945	0.00136332
365	0.00332024	0.00136332
375	0.00482945	0.00136332
385	0.00362208	0
395	0.00694233	0.00136332
405	0.00603681	0.00272663
415	0.00694233	0.00136332
425	0.00513129	0
435	0.00664049	0
445	0.00694233	0
455	0.00482945	0
465	0.00392393	0
475	0.00392393	0
485	0.00362208	0.00136332
495	0.00543313	0.00136332
505	0.00271656	0.00272663
515	0.00513129	0
525	0.00603681	0.00136332
535	0.0030184	0.00136332
545	0.00211288	0
555	0.00271656	0
565	0.00271656	0
575	0.00362208	0
585	0.0030184	0
595	0.00271656	0
605	0.00211288	0
615	0.00120736	0.00136332
625	0.00211288	0.00136332
635	0.00120736	0
645	0.00181104	0
655	0.00241472	0
665	0.00392393	0
675	0.000905521	0
685	0.000905521	0
695	0.00241472	0.00136332
705	0.000905521	0.00136332
715	0.000905521	0
725	0.000905521	0
735	0.00181104	0
745	0.00030184	0
755	0.00120736	0
765	0.00120736	0.00136332
775	0.00120736	0
785	0	0
795	0.00030184	0.00136332
805	0.00181104	0.00272663
815	0.00120736	0
825	0.000905521	0
835	0.00030184	0.00136332
845	0.000905521	0.00136332
855	0.000603681	0
865	0.00030184	0.00136332
875	0.000905521	0
885	0.00030184	0
895	0.000603681	0.00136332
905	0.0015092	0
915	0.00030184	0
925	0.00120736	0.00136332
935	0.00030184	0.00136332
945	0.00030184	0
955	0.00030184	0
965	0.00030184	0.00136332
975	0.000603681	0.00136332
985	0	0.00136332
995	0.000905521	0
1005	0	0
1015	0.00030184	0.00136332
1025	0.00120736	0
1035	0.000905521	0
1045	0.000905521	0
1055	0	0.00408995
1065	0.00030184	0.00136332
1075	0.00211288	0
1085	0.000905521	0
1095	0.00030184	0
1105	0.00120736	0.00136332
1115	0.000905521	0
1125	0.000905521	0.00408995
1135	0.00120736	0
1145	0.000905521	0.00136332
1155	0.00241472	0
1165	0.00030184	0
1175	0.000603681	0.00136332
1185	0.000905521	0.00136332
1195	0.00030184	0
