FG time = 2383.27	BG time = 493.839
5	0	0
15	0	0
25	0	0
35	0	0
45	0	0
55	0	0
65	0	0
75	0	0
85	0.00167837	0
95	0.000839184	0
105	0.00125878	0
115	0.00377633	0
125	0.00335674	0
135	0.0054547	0
145	0.0054547	0
155	0.00629388	0
165	0.00671348	0.00202495
175	0.00839184	0.00202495
185	0.0054547	0
195	0.00881144	0
205	0.00629388	0
215	0.00629388	0
225	0.0054547	0.00202495
235	0.0054547	0.0040499
245	0.00335674	0
255	0.0054547	0
265	0.00629388	0
275	0.00587429	0.0040499
285	0.00293715	0
295	0.00503511	0.00202495
305	0.00419592	0.00202495
315	0.00377633	0.00202495
325	0.00377633	0
335	0.00251755	0
345	0.00377633	0.00202495
355	0.00335674	0
365	0.00419592	0.00202495
375	0.00209796	0
385	0.00377633	0
395	0.00209796	0
405	0.00209796	0
415	0.00293715	0
425	0.000419592	0
435	0.00167837	0
445	0.00335674	0.00202495
455	0.00209796	0
465	0.00125878	0
475	0.00125878	0
485	0.000839184	0
495	0.000419592	0
505	0	0
515	0.000419592	0
525	0.000419592	0
535	0.00125878	0
545	0.00209796	0
555	0.000839184	0
565	0.000419592	0
575	0.000419592	0
585	0.000839184	0
595	0.000839184	0
605	0.00125878	0
615	0	0
625	0	0
635	0.000419592	0
645	0	0
655	0.000419592	0
665	0.000839184	0
675	0.000419592	0
685	0.000419592	0
695	0.00125878	0
705	0.00125878	0
715	0	0
725	0	0
735	0	0
745	0	0
755	0.000419592	0
765	0	0.00202495
775	0.000419592	0
785	0	0
795	0	0
805	0.000419592	0.00202495
815	0	0
825	0	0
835	0.000419592	0
845	0	0
855	0	0
865	0	0
875	0	0
885	0	0
895	0	0
905	0.000419592	0
915	0.000419592	0
925	0	0
935	0	0
945	0.000419592	0
955	0	0
965	0	0.00607486
975	0	0
985	0	0
995	0	0
1005	0	0
1015	0.000419592	0
1025	0.000419592	0
1035	0	0
1045	0	0
1055	0	0
1065	0	0
1075	0	0
1085	0	0
1095	0	0
1105	0	0
1115	0	0
1125	0	0
1135	0	0
1145	0	0
1155	0	0
1165	0	0
1175	0	0
1185	0	0
1195	0	0
