FG time = 3012.37	BG time = 493.432
5	0	0
15	0	0
25	0	0
35	0	0
45	0	0
55	0	0
65	0	0
75	0	0
85	0	0
95	0	0
105	0	0
115	0	0
125	0	0
135	0	0
145	0.000331964	0
155	0.000331964	0
165	0.000663929	0
175	0.00232375	0
185	0.00132786	0
195	0.00199179	0
205	0.00165982	0
215	0.00365161	0.00202662
225	0.00365161	0
235	0.00298768	0
245	0.00199179	0
255	0.00298768	0
265	0.00265571	0
275	0.00531143	0
285	0.00265571	0
295	0.00298768	0
305	0.00199179	0.00202662
315	0.00497946	0
325	0.00431554	0
335	0.00365161	0
345	0.00331964	0.00202662
355	0.00564339	0
365	0.00597536	0.00202662
375	0.00497946	0
385	0.00597536	0.00202662
395	0.00531143	0.00202662
405	0.00398357	0.00202662
415	0.00531143	0
425	0.00497946	0
435	0.00531143	0
445	0.00331964	0.00202662
455	0.00365161	0.00202662
465	0.0046475	0
475	0.00497946	0
485	0.00298768	0
495	0.00398357	0
505	0.00199179	0.00202662
515	0.00331964	0
525	0.00165982	0
535	0.00431554	0
545	0.00298768	0.00405324
555	0.00232375	0.00202662
565	0.00331964	0
575	0.00265571	0
585	0.00431554	0
595	0.00265571	0
605	0.00232375	0
615	0.00132786	0
625	0.00165982	0
635	0.00165982	0
645	0.00331964	0.00202662
655	0.00165982	0
665	0.00365161	0
675	0.000331964	0.00202662
685	0.000663929	0.00202662
695	0.000663929	0
705	0.00132786	0
715	0.000995893	0.00405324
725	0.000663929	0
735	0.00165982	0
745	0	0
755	0.00165982	0
765	0.000663929	0.00202662
775	0.000995893	0
785	0.000331964	0
795	0.000663929	0
805	0.000995893	0.00405324
815	0.00199179	0
825	0.00132786	0
835	0.000331964	0
845	0.000331964	0
855	0.000663929	0
865	0.000331964	0.00202662
875	0.000331964	0
885	0	0
895	0.000663929	0
905	0.000331964	0
915	0.000995893	0.00202662
925	0.000995893	0
935	0.00132786	0.00202662
945	0	0.00202662
955	0.000995893	0
965	0.00132786	0
975	0.000995893	0
985	0.00232375	0
995	0.000995893	0
1005	0.000331964	0.00202662
1015	0.00165982	0
1025	0.000331964	0
1035	0.000663929	0
1045	0.000331964	0
1055	0	0.00202662
1065	0.00165982	0
1075	0.000331964	0.00202662
1085	0.000331964	0.00202662
1095	0.000331964	0
1105	0.00132786	0
1115	0.000331964	0
1125	0.000995893	0
1135	0.000995893	0
1145	0.000663929	0
1155	0.000995893	0
1165	0.000331964	0
1175	0	0.00202662
1185	0.000331964	0
1195	0.00132786	0
