FG time = 2834.03	BG time = 13.8704
5	0	0
15	0	0
25	0.000352855	0
35	0.00105856	0
45	0.00635139	0
55	0.0211713	0.288384
65	0.0423426	0.432576
75	0.068101	0.288384
85	0.0836266	0.216288
95	0.0910365	0.36048
105	0.0935065	0.0720961
115	0.0984465	0.216288
125	0.109032	0.144192
135	0.104092	0.0720961
145	0.103386	0
155	0.117501	0.0720961
165	0.117853	0.0720961
175	0.113266	0.216288
185	0.108679	0.0720961
195	0.123852	0.0720961
205	0.117501	0
215	0.115031	0.0720961
225	0.122793	0.0720961
235	0.112208	0
245	0.112914	0
255	0.117853	0
265	0.109738	0
275	0.118912	0
285	0.108326	0.0720961
295	0.114678	0
305	0.109738	0
315	0.107268	0
325	0.0935065	0.0720961
335	0.101975	0.0720961
345	0.0973879	0.0720961
355	0.0995051	0.144192
365	0.0984465	0.144192
375	0.089978	0.0720961
385	0.0959765	0
395	0.0906837	0.0720961
405	0.0868023	0.144192
415	0.0935065	0.0720961
425	0.0822152	0.0720961
435	0.0878608	0
445	0.0832737	0.0720961
455	0.0808037	0
465	0.0733938	0.0720961
475	0.0758638	0
485	0.0628082	0
495	0.0628082	0
505	0.0645724	0
515	0.060691	0
525	0.0617496	0.0720961
535	0.0493997	0
545	0.0539868	0.144192
555	0.0419897	0.144192
565	0.0451654	0
575	0.0366969	0
585	0.0356383	0
595	0.0349326	0
605	0.0328155	0
615	0.0271698	0
625	0.0225827	0.0720961
635	0.0292869	0.0720961
645	0.0215241	0
655	0.019407	0.0720961
665	0.0204656	0
675	0.0148199	0.0720961
685	0.0165842	0
695	0.0123499	0
705	0.00846851	0
715	0.00882137	0
725	0.00917422	0.0720961
735	0.0070571	0.144192
745	0.00811566	0
755	0.00352855	0
765	0.00564568	0.144192
775	0.00246998	0.0720961
785	0.00176427	0
795	0.00352855	0.0720961
805	0.00211713	0.0720961
815	0.00141142	0.144192
825	0.00246998	0.0720961
835	0.00458711	0
845	0.000352855	0
855	0.00141142	0
865	0.00282284	0.0720961
875	0.00141142	0.0720961
885	0.00282284	0.0720961
895	0.00105856	0
905	0.00105856	0
915	0.00246998	0
925	0.00141142	0
935	0.00105856	0
945	0.00105856	0
955	0.00070571	0.0720961
965	0.00176427	0.0720961
975	0.00176427	0
985	0.00141142	0.0720961
995	0.00211713	0
1005	0.00141142	0.0720961
1015	0.00070571	0
1025	0.00070571	0
1035	0.00141142	0
1045	0.00105856	0
1055	0.00105856	0
1065	0.00141142	0.0720961
1075	0.00070571	0
1085	0.00176427	0.0720961
1095	0.00176427	0
1105	0.00105856	0
1115	0.00105856	0
1125	0.00105856	0
1135	0.00105856	0
1145	0.00246998	0
1155	0.00070571	0.0720961
1165	0.00105856	0
1175	0.00141142	0
1185	0.00141142	0
1195	0.000352855	0
