FG time = 3011.39	BG time = 487.37
5	0	0
15	0	0
25	0	0
35	0	0
45	0	0
55	0	0
65	0	0
75	0	0
85	0	0
95	0	0
105	0	0
115	0.000332073	0
125	0	0
135	0.000332073	0
145	0.00166037	0
155	0.000664146	0
165	0.00132829	0
175	0.000664146	0
185	0.000996219	0
195	0.00332073	0
205	0.00298866	0
215	0.00265658	0.00205183
225	0.0036528	0.00205183
235	0.00298866	0
245	0.00630939	0.00205183
255	0.00431695	0
265	0.00564524	0
275	0.00564524	0
285	0.00298866	0
295	0.00597732	0
305	0.00597732	0
315	0.00630939	0
325	0.00763768	0
335	0.00630939	0.00205183
345	0.00664146	0
355	0.0036528	0
365	0.00298866	0
375	0.00830183	0
385	0.00332073	0
395	0.00464902	0
405	0.00697354	0
415	0.00564524	0
425	0.00564524	0
435	0.00398488	0
445	0.0049811	0
455	0.0036528	0
465	0.00332073	0.00205183
475	0.0049811	0
485	0.00398488	0
495	0.00398488	0
505	0.00597732	0.00205183
515	0.00431695	0.00205183
525	0.0036528	0
535	0.00464902	0
545	0.0036528	0.00410366
555	0.00332073	0
565	0.00298866	0
575	0.0036528	0
585	0.00265658	0
595	0.00298866	0
605	0.00398488	0
615	0.00166037	0
625	0.00265658	0.00205183
635	0.00332073	0
645	0.00265658	0
655	0.00132829	0
665	0.0036528	0.00205183
675	0.000664146	0
685	0.000996219	0
695	0.000332073	0
705	0.00132829	0
715	0.000996219	0
725	0.00132829	0
735	0.00166037	0
745	0.000332073	0
755	0.000996219	0
765	0.000664146	0
775	0.000332073	0
785	0.000996219	0
795	0.000332073	0
805	0.000332073	0
815	0.000664146	0
825	0.000332073	0
835	0.000332073	0
845	0.000332073	0
855	0	0
865	0.00199244	0
875	0.000332073	0
885	0.000664146	0.00410366
895	0.000664146	0
905	0.000332073	0
915	0.000664146	0
925	0	0
935	0	0.00205183
945	0.000996219	0
955	0.000664146	0
965	0.000332073	0.00205183
975	0.000664146	0
985	0.000332073	0.00410366
995	0.00132829	0
1005	0	0.00205183
1015	0.000664146	0
1025	0.000332073	0
1035	0.000332073	0.00205183
1045	0.000664146	0
1055	0.000332073	0.00205183
1065	0.00132829	0
1075	0.000664146	0
1085	0.000664146	0.00205183
1095	0.000664146	0
1105	0.00132829	0
1115	0.000996219	0
1125	0.000996219	0
1135	0.000664146	0
1145	0.000664146	0.00205183
1155	0.000332073	0
1165	0.000332073	0.00410366
1175	0.000996219	0
1185	0.000996219	0
1195	0.000996219	0.00205183
