FG time = 2409.38	BG time = 365.679
5	0	0
15	0	0
25	0	0
35	0.000415044	0
45	0.00124513	0
55	0.0132814	0.00546927
65	0.0452398	0.0218771
75	0.0937999	0.0218771
85	0.124098	0.0164078
95	0.144435	0.0164078
105	0.171828	0.0164078
115	0.18843	0.00820391
125	0.210427	0.00546927
135	0.199636	0.0109385
145	0.225369	0.00546927
155	0.244876	0.00546927
165	0.263553	0.00273464
175	0.256912	0.00273464
185	0.266458	0.00273464
195	0.261893	0
205	0.266458	0.00273464
215	0.271854	0
225	0.274759	0.00273464
235	0.275589	0.00273464
245	0.261063	0.00273464
255	0.272684	0.00820391
265	0.28472	0
275	0.276419	0.00546927
285	0.28306	0
295	0.271024	0.00546927
305	0.276834	0.00546927
315	0.264798	0.00273464
325	0.253177	0.0109385
335	0.256082	0
345	0.263138	0
355	0.235745	0
365	0.236575	0
375	0.242801	0
385	0.231179	0.00273464
395	0.235745	0
405	0.214578	0
415	0.224539	0.00546927
425	0.214578	0
435	0.180959	0
445	0.206692	0
455	0.172658	0
465	0.175148	0
475	0.177639	0
485	0.175148	0.00546927
495	0.168508	0
505	0.169753	0
515	0.148586	0.00273464
525	0.140285	0.00273464
535	0.112477	0.00273464
545	0.131984	0.00273464
555	0.108326	0.00273464
565	0.115382	0.00273464
575	0.102931	0.00273464
585	0.0971202	0
595	0.0863291	0.00273464
605	0.0884043	0.00546927
615	0.066407	0
625	0.0701424	0.00273464
635	0.0597663	0.00273464
645	0.0498053	0
655	0.056861	0.00546927
665	0.0444097	0.00273464
675	0.0398442	0.00546927
685	0.0323734	0
695	0.0365239	0
705	0.0232425	0
715	0.0215823	0.00546927
725	0.0182619	0.00273464
735	0.018677	0.00273464
745	0.0107911	0
755	0.0112062	0.00273464
765	0.0112062	0.0109385
775	0.00954601	0
785	0.0103761	0
795	0.00622566	0.00546927
805	0.00498053	0
815	0.00498053	0
825	0.00539557	0.00273464
835	0.00249026	0
845	0.00581061	0.00273464
855	0.00249026	0.00273464
865	0.00498053	0.00546927
875	0.00415044	0.00546927
885	0.00166018	0.00273464
895	0.00332035	0
905	0.000830088	0.00546927
915	0.00249026	0.00273464
925	0.00124513	0
935	0.00332035	0.00273464
945	0.00249026	0
955	0.00166018	0.00273464
965	0.00290531	0.00546927
975	0.00415044	0.00273464
985	0.00166018	0
995	0.00415044	0.00273464
1005	0.00290531	0
1015	0.00332035	0
1025	0.00207522	0
1035	0.000830088	0.00546927
1045	0.00207522	0.00273464
1055	0.00332035	0.00273464
1065	0.000830088	0
1075	0.00207522	0
1085	0.00249026	0.00273464
1095	0.00332035	0.00273464
1105	0.00207522	0.00820391
1115	0.00249026	0
1125	0.00290531	0
1135	0.00166018	0
1145	0.00166018	0.00273464
1155	0.00415044	0
1165	0.00249026	0.00273464
1175	0.00207522	0
1185	0.00166018	0
1195	0.00373539	0.00546927
