FG time = 3314.3	BG time = 614.104
5	0	0
15	0	0
25	0	0
35	0	0
45	0	0
55	0	0
65	0	0
75	0	0
85	0	0
95	0	0
105	0	0
115	0.000301723	0
125	0.000301723	0
135	0.000301723	0
145	0.00150861	0
155	0.00150861	0
165	0.0027155	0
175	0.00211206	0
185	0.00392239	0
195	0.00331895	0
205	0.00301723	0.00162839
215	0.00331895	0
225	0.00452584	0.00162839
235	0.00452584	0
245	0.00392239	0.00162839
255	0.00452584	0
265	0.00422412	0
275	0.00633617	0
285	0.00573273	0
295	0.00633617	0.00162839
305	0.00633617	0
315	0.00512928	0
325	0.00452584	0
335	0.00512928	0
345	0.00573273	0
355	0.00693962	0
365	0.00452584	0
375	0.00211206	0
385	0.00452584	0.00162839
395	0.00422412	0
405	0.00573273	0.00162839
415	0.00452584	0
425	0.00754306	0
435	0.00362067	0
445	0.00543101	0.00162839
455	0.00512928	0
465	0.00301723	0
475	0.00482756	0
485	0.00543101	0
495	0.0027155	0.00162839
505	0.00392239	0.00162839
515	0.00362067	0
525	0.00181034	0
535	0.00362067	0
545	0.00301723	0
555	0.00120689	0
565	0.0027155	0
575	0.00301723	0
585	0.00120689	0.00325678
595	0.00362067	0
605	0.00181034	0
615	0.00211206	0.00162839
625	0.00211206	0
635	0.00211206	0
645	0.0027155	0
655	0.00150861	0
665	0.00150861	0
675	0.000301723	0
685	0.000905168	0.00162839
695	0.000301723	0.00162839
705	0.00120689	0
715	0.000301723	0.00162839
725	0.000905168	0
735	0.000603445	0
745	0.000603445	0
755	0.000603445	0
765	0.000603445	0
775	0.000301723	0
785	0.000603445	0
795	0.000905168	0
805	0.000603445	0
815	0	0.00162839
825	0.00120689	0
835	0.000301723	0.00162839
845	0.000603445	0
855	0.000603445	0
865	0.000905168	0
875	0.00181034	0.00162839
885	0.000603445	0
895	0.000603445	0
905	0.000603445	0
915	0.00120689	0.00488516
925	0.000603445	0.00162839
935	0.000603445	0
945	0.00181034	0
955	0.000301723	0.00162839
965	0.000603445	0
975	0.000905168	0
985	0.000603445	0
995	0.000905168	0
1005	0.00120689	0.00162839
1015	0.000301723	0
1025	0.000905168	0
1035	0.00150861	0.00162839
1045	0.00301723	0
1055	0.000301723	0.00162839
1065	0.000905168	0
1075	0.000603445	0.00162839
1085	0.000905168	0.00488516
1095	0.00120689	0.00162839
1105	0.00120689	0
1115	0.000603445	0.00162839
1125	0.000603445	0.00325678
1135	0.000301723	0
1145	0.000603445	0
1155	0.000905168	0
1165	0.00120689	0
1175	0.00120689	0
1185	0.00120689	0
1195	0.000301723	0
