FG time = 3005.1	BG time = 484.671
5	0	0
15	0	0
25	0	0
35	0	0
45	0	0
55	0	0
65	0	0
75	0	0
85	0	0
95	0.000665536	0
105	0.000332768	0
115	0.000665536	0
125	0.000332768	0
135	0.00166384	0
145	0.00166384	0
155	0.00199661	0
165	0.00299491	0
175	0.00399321	0
185	0.00332768	0
195	0.00798643	0.00206325
205	0.00432598	0
215	0.00399321	0
225	0.00432598	0
235	0.00998304	0
245	0.00565705	0
255	0.00798643	0
265	0.00798643	0
275	0.00965027	0
285	0.00565705	0
295	0.0106486	0.00206325
305	0.00765366	0.00206325
315	0.00998304	0
325	0.00732089	0
335	0.00865196	0
345	0.00798643	0
355	0.00865196	0
365	0.00765366	0
375	0.0103158	0
385	0.00765366	0
395	0.00865196	0.00206325
405	0.00865196	0
415	0.00765366	0
425	0.00366045	0
435	0.00732089	0
445	0.00732089	0
455	0.00765366	0.00412651
465	0.00698812	0
475	0.00665536	0
485	0.0083192	0
495	0.00432598	0
505	0.00765366	0
515	0.00565705	0
525	0.00565705	0.00206325
535	0.00565705	0.00206325
545	0.00632259	0
555	0.00266214	0
565	0.00432598	0
575	0.00399321	0
585	0.00299491	0.00412651
595	0.00432598	0
605	0.00232937	0
615	0.00299491	0.00206325
625	0.00199661	0
635	0.00299491	0
645	0.00266214	0.00412651
655	0.00266214	0
665	0.000998304	0
675	0.00133107	0
685	0.000998304	0.00206325
695	0.00133107	0.00412651
705	0.00166384	0
715	0.000332768	0
725	0.000665536	0
735	0.00166384	0
745	0	0.00206325
755	0.000665536	0
765	0.000998304	0
775	0.000665536	0
785	0	0
795	0.000332768	0
805	0.00133107	0.00206325
815	0.000332768	0
825	0.000332768	0
835	0.000998304	0
845	0.000665536	0.00206325
855	0	0
865	0.000665536	0
875	0.000665536	0
885	0.000665536	0.00206325
895	0.00133107	0.00206325
905	0.000665536	0.00206325
915	0.000332768	0.00412651
925	0.000665536	0
935	0.000998304	0
945	0.000665536	0
955	0.000332768	0.00206325
965	0.00166384	0.00206325
975	0	0
985	0.000332768	0
995	0.000665536	0
1005	0.000665536	0.00206325
1015	0.00133107	0
1025	0.000665536	0
1035	0.000665536	0
1045	0	0.00206325
1055	0.000665536	0.00206325
1065	0.000998304	0
1075	0.000998304	0.00206325
1085	0.000665536	0
1095	0.000665536	0.00412651
1105	0.000665536	0
1115	0.000332768	0.00206325
1125	0	0.00206325
1135	0.000665536	0
1145	0.000665536	0
1155	0.000332768	0
1165	0.000998304	0
1175	0.000998304	0
1185	0.00199661	0
1195	0	0
