FG time = 3018.79	BG time = 493.704
5	0	0
15	0	0
25	0	0
35	0	0
45	0	0
55	0	0
65	0	0
75	0	0
85	0	0
95	0	0
105	0	0
115	0	0
125	0.000331259	0
135	0.00165629	0
145	0.000662518	0
155	0.00331259	0
165	0.00231881	0
175	0.00331259	0
185	0.00530014	0
195	0.00298133	0
205	0.00364385	0
215	0.00397511	0
225	0.00596266	0
235	0.00496888	0.00202551
245	0.00695643	0.00202551
255	0.00695643	0
265	0.00463762	0
275	0.00761895	0.00202551
285	0.00530014	0
295	0.0056314	0.00202551
305	0.00861273	0
315	0.00463762	0
325	0.00463762	0.00405101
335	0.00695643	0
345	0.00662518	0
355	0.00596266	0
365	0.00463762	0
375	0.0056314	0
385	0.00596266	0
395	0.00530014	0
405	0.00662518	0
415	0.00596266	0
425	0.00530014	0
435	0.00761895	0.00202551
445	0.00795021	0
455	0.00662518	0.00405101
465	0.00397511	0
475	0.00496888	0
485	0.0056314	0
495	0.00662518	0
505	0.00132504	0.00202551
515	0.00530014	0
525	0.00397511	0
535	0.00331259	0.00202551
545	0.00496888	0
555	0.00364385	0
565	0.00331259	0
575	0.00298133	0.00202551
585	0.00231881	0
595	0.000993776	0.00202551
605	0.00165629	0
615	0.00298133	0.00202551
625	0.00165629	0
635	0.00231881	0.00202551
645	0.00165629	0.00202551
655	0.00132504	0
665	0.00165629	0
675	0.00165629	0.00202551
685	0.00198755	0
695	0.000993776	0.00202551
705	0.000662518	0
715	0.00165629	0.00202551
725	0.000993776	0.00202551
735	0.00165629	0
745	0.00265007	0
755	0.000993776	0
765	0.000331259	0
775	0	0.00202551
785	0.000662518	0
795	0	0
805	0.000993776	0
815	0.00132504	0
825	0.000662518	0
835	0.000993776	0
845	0.000662518	0
855	0.000662518	0.00405101
865	0.00165629	0
875	0	0
885	0.00231881	0
895	0.000331259	0.00202551
905	0.000993776	0.00405101
915	0	0
925	0.000662518	0
935	0.000993776	0
945	0.000993776	0.00202551
955	0.00132504	0
965	0.000662518	0
975	0.000331259	0
985	0.000993776	0
995	0.000331259	0
1005	0.000331259	0
1015	0.000331259	0
1025	0.000993776	0
1035	0.000331259	0
1045	0.00165629	0
1055	0.000662518	0
1065	0.00132504	0
1075	0.000331259	0
1085	0.00165629	0
1095	0.000662518	0
1105	0.000331259	0
1115	0	0
1125	0.00198755	0
1135	0.000993776	0
1145	0	0.00202551
1155	0.000331259	0
1165	0.000993776	0.00202551
1175	0.00165629	0
1185	0.000331259	0
1195	0	0
