FG time = 3602.6	BG time = 732.801
5	0	0
15	0	0
25	0	0
35	0	0
45	0	0
55	0	0
65	0	0
75	0	0
85	0	0
95	0	0
105	0	0
115	0	0
125	0.000277577	0
135	0.000277577	0
145	0.000555154	0
155	0.000555154	0
165	0.00333092	0
175	0.00277577	0
185	0.00166546	0
195	0.00194304	0
205	0.00471881	0
215	0.00416365	0.00409388
225	0.00666185	0
235	0.00666185	0.00136463
245	0.00638427	0.00272925
255	0.00860489	0
265	0.00860489	0
275	0.00832731	0
285	0.00916004	0
295	0.00610669	0
305	0.00888246	0
315	0.00916004	0
325	0.007217	0
335	0.00638427	0.00136463
345	0.00610669	0
355	0.00804973	0
365	0.00693942	0
375	0.007217	0.00136463
385	0.00666185	0
395	0.00693942	0
405	0.00388608	0
415	0.00582912	0.00272925
425	0.00638427	0.00136463
435	0.00582912	0
445	0.00749458	0.00136463
455	0.00471881	0.00272925
465	0.00638427	0.00136463
475	0.00693942	0
485	0.007217	0.00272925
495	0.00638427	0.00136463
505	0.00471881	0
515	0.00444123	0.00136463
525	0.00277577	0
535	0.00388608	0
545	0.00527396	0.00272925
555	0.00471881	0.00136463
565	0.00333092	0.00136463
575	0.00166546	0.00136463
585	0.00305335	0.00136463
595	0.00444123	0
605	0.00388608	0
615	0.0036085	0.00136463
625	0.00138788	0.00136463
635	0.00138788	0
645	0.00138788	0
655	0.00194304	0.00272925
665	0.00166546	0
675	0.00138788	0
685	0.00222062	0
695	0.00166546	0.00136463
705	0.00138788	0
715	0.00111031	0
725	0.000555154	0.00136463
735	0.000555154	0
745	0.000832731	0.00136463
755	0.000832731	0
765	0.000277577	0
775	0.000555154	0
785	0.000555154	0
795	0.000555154	0
805	0.00111031	0
815	0	0
825	0.000277577	0
835	0.000832731	0
845	0.000832731	0.00136463
855	0.000555154	0.00136463
865	0.000832731	0
875	0.000555154	0.00272925
885	0.000555154	0.00136463
895	0.00222062	0.00136463
905	0.000277577	0.00136463
915	0.000832731	0.00272925
925	0.000555154	0
935	0.000277577	0
945	0.000277577	0.00136463
955	0	0.00136463
965	0.00111031	0.00136463
975	0.000832731	0
985	0	0
995	0.000555154	0
1005	0.00138788	0.00272925
1015	0.00111031	0
1025	0.00166546	0
1035	0.00111031	0
1045	0.00111031	0
1055	0.000832731	0.00136463
1065	0.000555154	0
1075	0.00111031	0
1085	0.000832731	0.00136463
1095	0.000555154	0.00136463
1105	0.00222062	0
1115	0.00111031	0
1125	0.000555154	0
1135	0.00111031	0.00136463
1145	0.000832731	0.00136463
1155	0.000277577	0.00136463
1165	0	0
1175	0.000277577	0
1185	0.000277577	0
1195	0.00138788	0
