FG time = 3312.72	BG time = 493.106
5	0	0
15	0	0
25	0	0
35	0	0
45	0	0
55	0	0
65	0	0
75	0	0
85	0	0
95	0	0
105	0.00120747	0
115	0.000603733	0
125	0.00211306	0.00202796
135	0.00422613	0
145	0.00543359	0.00202796
155	0.00482986	0
165	0.00845226	0
175	0.00664106	0
185	0.0120747	0.00202796
195	0.00694293	0.00202796
205	0.00633919	0.00202796
215	0.00754666	0
225	0.00905599	0
235	0.00694293	0
245	0.00845226	0
255	0.00935786	0
265	0.00633919	0.00202796
275	0.00875412	0
285	0.00422613	0
295	0.0036224	0
305	0.00392426	0
315	0.00301866	0
325	0.00543359	0
335	0.00513173	0
345	0.00422613	0
355	0.00422613	0
365	0.00241493	0.00202796
375	0.00422613	0
385	0.00211306	0.00202796
395	0.00301866	0
405	0.0027168	0.00202796
415	0.0027168	0
425	0.00211306	0.00202796
435	0.00301866	0
445	0.00482986	0
455	0.0018112	0
465	0.00150933	0
475	0.0027168	0
485	0.00150933	0
495	0.00211306	0
505	0.000301866	0.00202796
515	0.00120747	0
525	0.000301866	0.00202796
535	0.00120747	0
545	0.000301866	0
555	0.000603733	0
565	0.000905599	0
575	0.000603733	0
585	0.000603733	0
595	0.000905599	0
605	0	0
615	0.000301866	0
625	0.000603733	0
635	0	0
645	0.000301866	0
655	0.000301866	0
665	0	0
675	0	0
685	0	0
695	0.000301866	0
705	0	0
715	0.000301866	0
725	0.000301866	0
735	0.000301866	0
745	0.000301866	0
755	0	0
765	0.000905599	0
775	0.000301866	0
785	0.000603733	0
795	0	0
805	0	0
815	0.000301866	0
825	0	0
835	0.000301866	0
845	0.000301866	0
855	0	0
865	0	0
875	0	0
885	0.000301866	0
895	0.000301866	0
905	0	0
915	0	0
925	0.000301866	0
935	0	0
945	0	0
955	0	0
965	0	0
975	0	0
985	0	0
995	0	0
1005	0.000301866	0
1015	0	0
1025	0	0
1035	0	0
1045	0.000301866	0
1055	0	0
1065	0.000301866	0
1075	0	0
1085	0	0
1095	0	0
1105	0	0
1115	0	0
1125	0	0
1135	0.000301866	0
1145	0	0
1155	0	0
1165	0	0
1175	0	0
1185	0	0
1195	0	0
