FG time = 3604.52	BG time = 485.095
5	0	0
15	0	0
25	0	0
35	0	0
45	0	0
55	0.00332915	0
65	0.0196975	0.00412291
75	0.0538213	0.0206145
85	0.0957131	0.00412291
95	0.102371	0.00618436
105	0.110139	0.00412291
115	0.123179	0.00412291
125	0.110694	0.00206145
135	0.132056	0.0103073
145	0.134553	0.00618436
155	0.129282	0.00412291
165	0.132056	0.00206145
175	0.133444	0.00206145
185	0.147315	0.00824581
195	0.156748	0.00412291
205	0.150367	0.00206145
215	0.152864	0.00206145
225	0.153141	0
235	0.144541	0.00206145
245	0.152031	0.00206145
255	0.154251	0.00206145
265	0.148425	0.00206145
275	0.152586	0.00412291
285	0.154806	0.00206145
295	0.146483	0.00206145
305	0.160077	0.00206145
315	0.134553	0
325	0.136495	0
335	0.140657	0
345	0.13816	0.00412291
355	0.139824	0.00206145
365	0.132889	0.00206145
375	0.121514	0
385	0.123456	0.00206145
395	0.127895	0.00206145
405	0.11763	0
415	0.118462	0
425	0.10903	0
435	0.121792	0
445	0.105423	0.00206145
455	0.106255	0
465	0.102649	0
475	0.0987649	0
485	0.0890548	0.00412291
495	0.0887774	0
505	0.0848934	0
515	0.0790674	0.00412291
525	0.0757382	0
535	0.0754608	0.00412291
545	0.0774028	0.00206145
555	0.0701896	0
565	0.0674153	0.00618436
575	0.0596473	0.00412291
585	0.0543762	0.00412291
595	0.0477179	0.00206145
605	0.0485501	0.00206145
615	0.0396724	0.00412291
625	0.0344012	0.00206145
635	0.0380078	0.00206145
645	0.033569	0.00412291
655	0.0266332	0.00412291
665	0.0230266	0.00206145
675	0.0221944	0.00618436
685	0.0216395	0
695	0.0149812	0
705	0.015536	0.0103073
715	0.0119295	0
725	0.0133166	0.00206145
735	0.0122069	0
745	0.0094326	0.00618436
755	0.00638088	0.00206145
765	0.00776802	0.00206145
775	0.00527116	0.00206145
785	0.00443887	0
795	0.00443887	0.00206145
805	0.00527116	0.00206145
815	0.00277429	0
825	0.00332915	0.00412291
835	0.00138715	0.00206145
845	0.00305172	0.00206145
855	0.00249686	0.00206145
865	0.00249686	0.00206145
875	0.00249686	0.00412291
885	0.00194201	0
895	0.00221944	0.00206145
905	0.00332915	0
915	0.00221944	0
925	0.00110972	0.00412291
935	0.00277429	0.00206145
945	0.00277429	0.00206145
955	0.00277429	0.00206145
965	0.00194201	0
975	0.000832288	0.00206145
985	0.00194201	0
995	0.00166458	0.00206145
1005	0.00332915	0
1015	0.00249686	0
1025	0.000832288	0.00206145
1035	0.00138715	0
1045	0.000554859	0
1055	0.00110972	0
1065	0.00194201	0.00206145
1075	0.00166458	0
1085	0.00277429	0.00206145
1095	0.000554859	0
1105	0.00110972	0.00412291
1115	0.000832288	0
1125	0.00110972	0.00206145
1135	0.000554859	0
1145	0.00138715	0
1155	0.00138715	0.00412291
1165	0.00138715	0.00206145
1175	0.000832288	0
1185	0.000554859	0.00206145
1195	0.00110972	0.00206145
