FG time = 2825.56	BG time = 304.8
5	0	0
15	0	0
25	0	0
35	0	0
45	0.000353912	0
55	0.00141565	0
65	0.0138026	0
75	0.0438851	0.00328084
85	0.0721981	0.00656168
95	0.0955563	0.00984252
105	0.124577	0.00328084
115	0.141211	0.00656168
125	0.147935	0
135	0.158199	0.00328084
145	0.164215	0
155	0.190759	0
165	0.20173	0.00328084
175	0.187927	0
185	0.207039	0.00656168
195	0.215886	0
205	0.238183	0
215	0.207039	0
225	0.22438	0.00656168
235	0.222611	0
245	0.227919	0
255	0.231105	0
265	0.216594	0.00656168
275	0.230397	0
285	0.224026	0.00328084
295	0.221195	0
305	0.230751	0
315	0.225088	0
325	0.232166	0
335	0.225088	0
345	0.228981	0.00656168
355	0.196421	0
365	0.212347	0
375	0.21624	0
385	0.195713	0.00328084
395	0.214825	0.00328084
405	0.200314	0
415	0.204561	0
425	0.181911	0
435	0.181911	0
445	0.17908	0.00328084
455	0.174479	0
465	0.164923	0
475	0.16103	0
485	0.159968	0
495	0.134841	0
505	0.133425	0.00328084
515	0.137318	0
525	0.128116	0
535	0.109713	0
545	0.115021	0
555	0.111836	0
565	0.109359	0
575	0.0937867	0.00328084
585	0.0874163	0
595	0.0877702	0
605	0.0757372	0
615	0.0813998	0.00328084
625	0.0714902	0
635	0.0622885	0
645	0.0651198	0
655	0.0541486	0
665	0.0537946	0
675	0.036099	0
685	0.0336217	0
695	0.0300825	0
705	0.0258356	0.00656168
715	0.0244199	0
725	0.020173	0.00328084
735	0.0205269	0.00328084
745	0.0127408	0
755	0.0102635	0.00328084
765	0.00920171	0.00328084
775	0.00637042	0
785	0.00601651	0
795	0.00353912	0.00328084
805	0.00318521	0.00656168
815	0.00353912	0.00984252
825	0.00318521	0
835	0.00318521	0
845	0.00212347	0
855	0.00212347	0
865	0.00106174	0
875	0.00176956	0.00328084
885	0.00176956	0.00656168
895	0.00212347	0
905	0.00141565	0
915	0.00106174	0
925	0.00176956	0.00328084
935	0.00212347	0
945	0.00106174	0
955	0.00176956	0
965	0.00141565	0.00328084
975	0.000707824	0
985	0.000707824	0
995	0.00106174	0
1005	0.00212347	0.00328084
1015	0.00318521	0.00328084
1025	0.00141565	0
1035	0.00141565	0
1045	0.00106174	0
1055	0.00106174	0
1065	0.000353912	0
1075	0.00106174	0.00328084
1085	0.00212347	0
1095	0.00247738	0
1105	0.00176956	0
1115	0.000707824	0.00328084
1125	0.00141565	0
1135	0.00141565	0
1145	0.00106174	0
1155	0.00141565	0.00328084
1165	0.00141565	0
1175	0.000707824	0
1185	0.000707824	0.00328084
1195	0.00141565	0
