FG time = 2237.87	BG time = 494.545
5	0	0
15	0	0
25	0	0
35	0	0
45	0	0
55	0	0
65	0	0
75	0	0
85	0	0
95	0	0
105	0	0
115	0	0
125	0	0
135	0.000893706	0
145	0.000446853	0
155	0.00178741	0
165	0.000893706	0
175	0.00134056	0
185	0.000446853	0
195	0.00223427	0
205	0.00223427	0
215	0.00536224	0
225	0.00268112	0.00202206
235	0.00714965	0
245	0.00446853	0
255	0.00491538	0
265	0.00714965	0
275	0.00357482	0
285	0.00625594	0
295	0.00357482	0
305	0.00536224	0
315	0.00536224	0
325	0.00491538	0
335	0.00491538	0
345	0.00402168	0
355	0.00625594	0.00202206
365	0.00580909	0.00202206
375	0.00446853	0
385	0.00536224	0.00202206
395	0.00402168	0
405	0.00357482	0
415	0.00446853	0
425	0.00491538	0.00202206
435	0.00580909	0
445	0.00491538	0.00202206
455	0.00625594	0
465	0.00223427	0
475	0.00402168	0.00202206
485	0.00491538	0
495	0.00446853	0
505	0.00402168	0
515	0.00178741	0.00404412
525	0.00312797	0
535	0.00178741	0
545	0.00625594	0
555	0.00312797	0
565	0.00178741	0
575	0.00357482	0
585	0.00312797	0
595	0.00178741	0
605	0.00268112	0
615	0.00223427	0.00202206
625	0.000893706	0
635	0.00134056	0
645	0.00312797	0
655	0.00268112	0
665	0.00223427	0
675	0.00223427	0.00202206
685	0.000893706	0
695	0.00223427	0
705	0.000446853	0
715	0.00134056	0
725	0.00178741	0
735	0.00178741	0
745	0.00134056	0.00202206
755	0.000893706	0
765	0.000446853	0
775	0	0
785	0.000446853	0
795	0.000893706	0
805	0.000446853	0
815	0.00178741	0
825	0	0
835	0.000893706	0.00202206
845	0.000446853	0
855	0.000893706	0
865	0.000893706	0
875	0.000893706	0.00202206
885	0	0
895	0.000446853	0
905	0	0.00202206
915	0.000446853	0
925	0.00223427	0
935	0.00134056	0
945	0.000893706	0.00202206
955	0	0
965	0.000446853	0
975	0	0
985	0.000893706	0
995	0	0
1005	0.00134056	0.00202206
1015	0.000446853	0.00404412
1025	0	0
1035	0.000446853	0
1045	0.00134056	0
1055	0.000446853	0
1065	0.000446853	0.00202206
1075	0.000446853	0.00404412
1085	0.000446853	0.00202206
1095	0.00134056	0
1105	0	0
1115	0.00134056	0
1125	0.00134056	0
1135	0.00178741	0
1145	0.000893706	0
1155	0.000446853	0.00202206
1165	0.00134056	0
1175	0.000446853	0
1185	0.000446853	0.00202206
1195	0.000893706	0
