FG time = 3613.16	BG time = 486.081
5	0	0
15	0	0
25	0	0
35	0	0
45	0.000276766	0
55	0.00332119	0
65	0.0210342	0
75	0.0512018	0.00411454
85	0.0965914	0.00617181
95	0.124822	0.0123436
105	0.151114	0.00822908
115	0.172979	0.00205727
125	0.177684	0.0102863
135	0.199548	0.00205727
145	0.220859	0
155	0.235251	0.00411454
165	0.224457	0
175	0.256562	0
185	0.248259	0
195	0.243554	0.00205727
205	0.270124	0
215	0.258776	0.00411454
225	0.277597	0
235	0.262374	0.00205727
245	0.289221	0
255	0.270677	0.00205727
265	0.273445	0.00411454
275	0.28673	0
285	0.294479	0
295	0.283962	0
305	0.275106	0.00411454
315	0.276489	0
325	0.259607	0.00205727
335	0.263758	0
345	0.275106	0
355	0.262651	0.00205727
365	0.263481	0
375	0.250473	0
385	0.25075	0.00205727
395	0.252964	0
405	0.241894	0
415	0.244385	0
425	0.219199	0.00411454
435	0.219752	0
445	0.205361	0
455	0.202039	0
465	0.207575	0.00411454
475	0.188755	0
485	0.187094	0.00822908
495	0.179345	0
505	0.163292	0.00411454
515	0.160248	0.00411454
525	0.14724	0.00205727
535	0.143088	0
545	0.133678	0.00205727
555	0.132294	0
565	0.133955	0.00411454
575	0.109599	0
585	0.115965	0.00411454
595	0.106278	0.00205727
605	0.0968682	0.00205727
615	0.0918864	0.00617181
625	0.0833066	0.00411454
635	0.0661471	0.00205727
645	0.0617189	0
655	0.0622724	0
665	0.059228	0.00205727
675	0.0459432	0
685	0.0368099	0
695	0.0351493	0
705	0.0293372	0.00205727
715	0.0287837	0.00205727
725	0.0221413	0.00617181
735	0.0179898	0.00617181
745	0.0127312	0.00617181
755	0.0157757	0
765	0.0105171	0
775	0.00968682	0
785	0.00691916	0.00205727
795	0.00525856	0.00205727
805	0.0024909	0
815	0.00359796	0
825	0.00442826	0
835	0.0024909	0.00205727
845	0.0016606	0
855	0.00138383	0.00205727
865	0.00193736	0.00205727
875	0.00304443	0
885	0.00221413	0.00411454
895	0.0016606	0.00205727
905	0.000830299	0
915	0.0016606	0.00411454
925	0.00221413	0
935	0.000830299	0
945	0.000830299	0.00205727
955	0.00110706	0
965	0.00193736	0.00617181
975	0.0016606	0
985	0.00221413	0.00205727
995	0.00138383	0.00411454
1005	0.00276766	0.00205727
1015	0.00193736	0
1025	0.00110706	0
1035	0.000553532	0
1045	0.00110706	0
1055	0.00110706	0.00205727
1065	0.00138383	0
1075	0.0016606	0.00205727
1085	0.000553532	0
1095	0.000553532	0
1105	0.0024909	0.00205727
1115	0.00193736	0
1125	0.000553532	0
1135	0.00110706	0.00205727
1145	0.00110706	0
1155	0.000830299	0.00205727
1165	0.00110706	0
1175	0.00110706	0.00205727
1185	0.000553532	0
1195	0.00193736	0.00205727
