FG time = 2359.63	BG time = 425.502
5	0	0
15	0	0
25	0	0
35	0	0
45	0.00084759	0.00235016
55	0.0105949	0.00470032
65	0.0377178	0.014101
75	0.0923873	0.00705049
85	0.141548	0.014101
95	0.154261	0.0282019
105	0.179265	0.0117508
115	0.216983	0.0164511
125	0.239868	0.014101
135	0.246649	0.0164511
145	0.233935	0.00470032
155	0.26021	0.00940065
165	0.266991	0.00470032
175	0.295385	0.00470032
185	0.29369	0.00705049
195	0.298352	0.00470032
205	0.290723	0.00235016
215	0.309794	0.00470032
225	0.305132	0.00235016
235	0.277586	0
245	0.308099	0
255	0.299199	0.00235016
265	0.30259	0.00235016
275	0.318694	0
285	0.291147	0
295	0.299199	0.00235016
305	0.297928	0.00235016
315	0.2903	0.00235016
325	0.275043	0
335	0.276738	0
345	0.288181	0
355	0.283943	0
365	0.276314	0.00235016
375	0.274195	0.00235016
385	0.268686	0
395	0.23902	0.00235016
405	0.231816	0.00470032
415	0.249192	0.00235016
425	0.233935	0.00235016
435	0.24792	0
445	0.209779	0
455	0.219526	0
465	0.20766	0.00235016
475	0.190708	0
485	0.187741	0
495	0.17757	0
505	0.164009	0
515	0.145786	0.00705049
525	0.155533	0
535	0.154685	0
545	0.141124	0
555	0.120782	0
565	0.13731	0.00235016
575	0.119086	0.00235016
585	0.104677	0.00235016
595	0.0978967	0.00235016
605	0.0822163	0.00235016
615	0.0796735	0
625	0.0716214	0.00235016
635	0.0720452	0
645	0.0639931	0.00235016
655	0.055941	0
665	0.0572123	0.0117508
675	0.0483126	0.00235016
685	0.0449223	0
695	0.0389892	0.00470032
705	0.0250039	0.00235016
715	0.0262753	0
725	0.0250039	0.00705049
735	0.0237325	0.00235016
745	0.0220373	0.00470032
755	0.016528	0.00235016
765	0.0131376	0.00235016
775	0.0122901	0
785	0.0088997	0
795	0.00932349	0.00470032
805	0.00466175	0.00235016
815	0.00381416	0
825	0.00423795	0
835	0.00169518	0
845	0.00381416	0.00470032
855	0.00169518	0.00235016
865	0.00211898	0
875	0.00211898	0
885	0.00169518	0
895	0.00254277	0
905	0.00339036	0.00235016
915	0.00084759	0
925	0.00169518	0
935	0.00127139	0
945	0.00084759	0.00235016
955	0.00211898	0.00235016
965	0.00381416	0
975	0.000423795	0.00470032
985	0.000423795	0.00470032
995	0.00169518	0.00235016
1005	0.00169518	0
1015	0.00084759	0
1025	0.00127139	0.00235016
1035	0.000423795	0
1045	0.00296657	0.00470032
1055	0.00169518	0.00235016
1065	0.00127139	0
1075	0.00169518	0
1085	0.00211898	0
1095	0.00254277	0
1105	0.00339036	0
1115	0.00169518	0
1125	0.00169518	0
1135	0.00127139	0.00470032
1145	0.00254277	0.00235016
1155	0.00127139	0
1165	0.00296657	0
1175	0.000423795	0.00235016
1185	0.00211898	0
1195	0	0.00470032
