FG time = 3019.12	BG time = 614.918
5	0	0
15	0	0
25	0	0
35	0	0
45	0	0
55	0.000993665	0
65	0.000331222	0
75	0.000331222	0
85	0.002981	0
95	0.00496833	0
105	0.00463711	0.00162623
115	0.00364344	0.00162623
125	0.00529955	0.00162623
135	0.00695566	0
145	0.00960543	0.00162623
155	0.00828055	0
165	0.00894299	0
175	0.00662444	0.00162623
185	0.0102679	0.00162623
195	0.00662444	0
205	0.00927421	0.00162623
215	0.0076181	0
225	0.00695566	0.00162623
235	0.0122552	0.00162623
245	0.00993665	0
255	0.00828055	0.00162623
265	0.00728688	0.00162623
275	0.00563077	0.00162623
285	0.00828055	0
295	0.00397466	0
305	0.0076181	0
315	0.00927421	0.00162623
325	0.00463711	0
335	0.00629321	0
345	0.00331222	0
355	0.0076181	0
365	0.00695566	0
375	0.00629321	0.00162623
385	0.00596199	0
395	0.00198733	0.00162623
405	0.00397466	0
415	0.00331222	0
425	0.00397466	0
435	0.002981	0
445	0.00231855	0
455	0.00331222	0
465	0.002981	0
475	0.00165611	0
485	0.00132489	0.00162623
495	0.00165611	0
505	0.00463711	0
515	0.00331222	0
525	0.00264977	0
535	0.00165611	0.00162623
545	0.00132489	0
555	0.00132489	0
565	0.00264977	0
575	0.000662444	0
585	0.00165611	0
595	0.000993665	0
605	0.00132489	0
615	0.00132489	0
625	0.00132489	0
635	0.000331222	0
645	0.000993665	0
655	0.000331222	0
665	0.000662444	0
675	0.000662444	0
685	0.000331222	0
695	0.000331222	0
705	0.000993665	0
715	0.000331222	0
725	0.000331222	0
735	0.000662444	0
745	0	0
755	0	0
765	0.000331222	0
775	0	0
785	0.000331222	0
795	0	0
805	0	0
815	0	0
825	0	0
835	0	0
845	0	0
855	0	0
865	0	0
875	0.000662444	0
885	0.000662444	0
895	0.000331222	0
905	0	0.00162623
915	0	0.00162623
925	0.000331222	0
935	0	0
945	0	0
955	0	0
965	0	0
975	0	0
985	0.000331222	0
995	0	0
1005	0.000662444	0
1015	0	0
1025	0	0
1035	0	0
1045	0	0
1055	0	0
1065	0	0
1075	0	0
1085	0.000331222	0
1095	0	0
1105	0	0
1115	0	0
1125	0	0
1135	0	0
1145	0	0
1155	0	0
1165	0	0
1175	0	0.00162623
1185	0.000331222	0
1195	0	0
