FG time = 3258.02	BG time = 735.38
5	0	0
15	0	0
25	0	0
35	0.00061387	0.00135984
45	0.0116635	0.00815905
55	0.0352975	0.0176779
65	0.0656841	0.0149583
75	0.119705	0.00815905
85	0.135358	0.00543937
95	0.142111	0.0108787
105	0.155002	0.0163181
115	0.170042	0.0108787
125	0.174339	0.0108787
135	0.180478	0.00815905
145	0.210251	0.00815905
155	0.199201	0.00679921
165	0.211785	0.00951889
175	0.209637	0.00407953
185	0.20534	0.00135984
195	0.211478	0.00407953
205	0.210558	0.00407953
215	0.231122	0.00271968
225	0.220073	0.00543937
235	0.227132	0.00271968
245	0.217003	0.00135984
255	0.219766	0.00271968
265	0.222528	0.00135984
275	0.201043	0.00543937
285	0.218538	0.00271968
295	0.215775	0.00407953
305	0.215468	0
315	0.217617	0.00543937
325	0.213627	0.00271968
335	0.203805	0.00407953
345	0.208102	0.00679921
355	0.199815	0
365	0.199508	0.00135984
375	0.195211	0.00135984
385	0.176488	0.00135984
395	0.1903	0.00679921
405	0.17526	0.00135984
415	0.159299	0.00543937
425	0.165438	0.00135984
435	0.151933	0
445	0.162983	0.00407953
455	0.14426	0.00271968
465	0.135051	0.00135984
475	0.135358	0.00271968
485	0.12615	0.00271968
495	0.120932	0.00407953
505	0.121239	0.00543937
515	0.128606	0.00271968
525	0.0985262	0.00135984
535	0.0982193	0.00135984
545	0.0914667	0.00271968
555	0.0976054	0.00135984
565	0.0764269	0.00271968
575	0.0816448	0.00135984
585	0.0669119	0.00135984
595	0.0705951	0.00407953
605	0.0570899	0
615	0.0656841	0.00407953
625	0.0466541	0.00271968
635	0.0405154	0
645	0.0491096	0.00407953
655	0.037753	0.00271968
665	0.0270103	0.00135984
675	0.0368322	0
685	0.0294658	0.00407953
695	0.0263964	0.00271968
705	0.0220993	0.00135984
715	0.0196439	0.00679921
725	0.01903	0
735	0.0150398	0.00135984
745	0.0113566	0.00407953
755	0.00920806	0.00271968
765	0.00982193	0.00543937
775	0.00767338	0.00271968
785	0.00828725	0.00135984
795	0.0052179	0.00543937
805	0.0052179	0
815	0.00460403	0.00135984
825	0.00460403	0.00407953
835	0.00399016	0.00135984
845	0.00276242	0
855	0.00245548	0
865	0.00429709	0.00271968
875	0.00276242	0.00135984
885	0.00245548	0.00271968
895	0.00245548	0.00135984
905	0.00245548	0.00135984
915	0.00368322	0.00407953
925	0.00276242	0
935	0.00061387	0.00135984
945	0.00306935	0
955	0.00276242	0.00407953
965	0.00368322	0.00543937
975	0.00245548	0.00135984
985	0.00245548	0.00407953
995	0.00245548	0
1005	0.00245548	0
1015	0.00214855	0.00135984
1025	0.00184161	0.00271968
1035	0.00306935	0.00135984
1045	0.00306935	0.00407953
1055	0.00245548	0.00407953
1065	0.00306935	0.00135984
1075	0.00245548	0.00135984
1085	0.00245548	0
1095	0.00245548	0.00271968
1105	0.00153468	0
1115	0.00276242	0
1125	0.00122774	0.00271968
1135	0.00276242	0.00135984
1145	0.00245548	0.00271968
1155	0.00245548	0.00407953
1165	0.00184161	0.00271968
1175	0.00460403	0.00407953
1185	0.00214855	0
1195	0.00184161	0.00135984
