FG time = 3465.23	BG time = 485.311
5	0	0
15	0	0
25	0	0
35	0	0
45	0	0
55	0	0
65	0	0
75	0	0
85	0	0
95	0	0
105	0	0
115	0.000288581	0
125	0.000288581	0
135	0.000288581	0
145	0.000577162	0
155	0.000865742	0
165	0.00173148	0
175	0.00202007	0
185	0.00259723	0
195	0.00259723	0
205	0.00577162	0
215	0.00490587	0
225	0.00432871	0
235	0.00519445	0
245	0.00894601	0
255	0.00548304	0
265	0.0075031	0
275	0.00894601	0
285	0.00808026	0
295	0.0075031	0
305	0.00894601	0
315	0.00865742	0
325	0.0103889	0
335	0.00952317	0
345	0.00721452	0
355	0.00779168	0
365	0.00808026	0.00206053
375	0.00808026	0
385	0.00779168	0
395	0.00634878	0.00206053
405	0.00663736	0
415	0.00865742	0
425	0.00952317	0
435	0.00981175	0
445	0.0060602	0
455	0.00808026	0
465	0.00432871	0
475	0.00577162	0
485	0.00952317	0
495	0.00692594	0
505	0.00692594	0
515	0.00779168	0
525	0.00375155	0
535	0.00490587	0
545	0.00461729	0.00206053
555	0.00288581	0
565	0.00548304	0
575	0.00317439	0.00206053
585	0.00404013	0.00412106
595	0.00202007	0
605	0.00173148	0
615	0.00115432	0.00206053
625	0.00288581	0
635	0.00346297	0
645	0.00432871	0
655	0.00317439	0
665	0.000865742	0
675	0.000865742	0
685	0.000865742	0.00206053
695	0.000865742	0.00206053
705	0.00202007	0.00206053
715	0.000865742	0
725	0.00173148	0
735	0.00230865	0.00206053
745	0.000577162	0
755	0.000577162	0.00412106
765	0.000288581	0.00206053
775	0.00115432	0
785	0.000865742	0
795	0.0014429	0.00206053
805	0.000288581	0.00206053
815	0.000577162	0
825	0.000577162	0.00206053
835	0.00115432	0.00206053
845	0.000577162	0.00206053
855	0.000865742	0
865	0.00115432	0
875	0	0.00206053
885	0.0014429	0
895	0	0
905	0.000288581	0.00206053
915	0.000288581	0
925	0.000865742	0
935	0.000288581	0.00206053
945	0.000865742	0
955	0.000288581	0.00206053
965	0.0014429	0.00206053
975	0.000577162	0.00206053
985	0.000288581	0.00206053
995	0.000577162	0
1005	0.000288581	0.00206053
1015	0	0.00206053
1025	0.000288581	0.00206053
1035	0.000865742	0.00206053
1045	0.000577162	0
1055	0.0014429	0
1065	0.000865742	0
1075	0.000577162	0
1085	0.000577162	0
1095	0.000288581	0.00412106
1105	0.000288581	0.00206053
1115	0.000577162	0
1125	0.000865742	0
1135	0.000865742	0
1145	0.000288581	0.00206053
1155	0.000865742	0.00206053
1165	0.000577162	0
1175	0.00115432	0
1185	0.0014429	0
1195	0.000865742	0
