FG time = 3604.51	BG time = 485.397
5	0	0
15	0	0
25	0	0
35	0	0
45	0	0
55	0	0
65	0.00027743	0
75	0.00027743	0
85	0.00027743	0
95	0.00055486	0
105	0.00110972	0
115	0.00360659	0
125	0.00388402	0
135	0.00721318	0
145	0.00693575	0
155	0.00693575	0
165	0.00776804	0.00412033
175	0.00721318	0.00206017
185	0.00998748	0
195	0.0083229	0
205	0.00749061	0
215	0.00943262	0
225	0.00943262	0.00412033
235	0.00971005	0
245	0.00693575	0
255	0.00943262	0
265	0.00610346	0
275	0.00638089	0
285	0.00749061	0.00206017
295	0.00693575	0
305	0.00443888	0
315	0.00610346	0
325	0.0083229	0
335	0.00471631	0
345	0.00610346	0.00206017
355	0.00693575	0
365	0.00499374	0
375	0.00416145	0
385	0.0027743	0
395	0.00499374	0
405	0.00443888	0
415	0.00360659	0
425	0.00388402	0
435	0.00360659	0
445	0.00166458	0
455	0.00471631	0
465	0.00416145	0
475	0.00305173	0
485	0.00221944	0
495	0.00305173	0
505	0.00166458	0
515	0.00110972	0
525	0.00221944	0
535	0.00305173	0
545	0.00138715	0
555	0.00110972	0
565	0.00221944	0.00206017
575	0.00138715	0
585	0.00110972	0
595	0.00083229	0
605	0.00055486	0.00206017
615	0.00166458	0
625	0.00138715	0
635	0.00055486	0
645	0	0
655	0.00083229	0
665	0	0
675	0.00027743	0.00206017
685	0	0
695	0.00083229	0
705	0.00055486	0
715	0.00055486	0
725	0.00027743	0
735	0.00027743	0
745	0.00027743	0
755	0.00027743	0
765	0.00027743	0
775	0	0
785	0	0
795	0	0
805	0	0
815	0.00055486	0
825	0.00027743	0
835	0	0
845	0	0
855	0	0
865	0	0
875	0	0
885	0	0
895	0.00027743	0
905	0.00027743	0
915	0	0
925	0	0
935	0	0
945	0.00055486	0
955	0	0
965	0	0
975	0	0
985	0.00027743	0
995	0	0
1005	0	0
1015	0	0
1025	0	0
1035	0	0
1045	0	0
1055	0	0
1065	0	0
1075	0	0
1085	0	0
1095	0	0
1105	0	0
1115	0	0.00206017
1125	0	0
1135	0	0
1145	0	0
1155	0	0
1165	0	0
1175	0	0
1185	0.00027743	0
1195	0	0
