FG time = 3604.08	BG time = 484.824
5	0	0
15	0	0
25	0	0
35	0	0
45	0.000277463	0
55	0.00388449	0.00206261
65	0.022752	0.00412521
75	0.0677011	0.0185634
85	0.0846263	0.010313
95	0.120419	0.0144382
105	0.125968	0.0206261
115	0.139009	0.00412521
125	0.151218	0.00412521
135	0.150385	0.00618782
145	0.175634	0.00412521
155	0.167865	0.00618782
165	0.182016	0.00412521
175	0.195334	0.00412521
185	0.180351	0.00412521
195	0.178964	0
205	0.185623	0.00412521
215	0.203936	0.00206261
225	0.204768	0
235	0.201993	0.00412521
245	0.212814	0.00206261
255	0.196444	0.00206261
265	0.198109	0
275	0.208375	0.00206261
285	0.193114	0.00206261
295	0.200329	0.00412521
305	0.187565	0.00618782
315	0.183681	0
325	0.185623	0.00206261
335	0.187288	0.00412521
345	0.181184	0
355	0.196999	0
365	0.174802	0
375	0.167588	0.00206261
385	0.165923	0.00206261
395	0.17064	0
405	0.148443	0
415	0.147611	0
425	0.153992	0.00206261
435	0.145946	0
445	0.143171	0.00412521
455	0.133182	0.00206261
465	0.13568	0.00206261
475	0.12902	0
485	0.122084	0.00618782
495	0.120974	0.00412521
505	0.123194	0
515	0.0968347	0.00206261
525	0.104881	0.00412521
535	0.0968347	0
545	0.100719	0.00206261
555	0.0890657	0
565	0.0821292	0.00618782
575	0.0779672	0
585	0.0768573	0.00412521
595	0.0652039	0.00206261
605	0.0615969	0.00206261
615	0.0615969	0.00206261
625	0.0577124	0
635	0.0596546	0
645	0.0446716	0.00206261
655	0.0393998	0.00618782
665	0.037735	0.00206261
675	0.0374576	0
685	0.0280238	0
695	0.0280238	0.00825042
705	0.0271914	0.00412521
715	0.0224745	0
725	0.0219196	0
735	0.0135957	0
745	0.0169253	0
755	0.0083239	0.00618782
765	0.00915629	0.00412521
775	0.00804644	0
785	0.00443941	0.00412521
795	0.0052718	0
805	0.00721405	0.00618782
815	0.0030521	0.00206261
825	0.0030521	0.00412521
835	0.00360702	0.00206261
845	0.00221971	0.00206261
855	0.00360702	0.00206261
865	0.00083239	0.00412521
875	0.00166478	0.00412521
885	0.00332956	0
895	0.0030521	0
905	0.00221971	0.00206261
915	0.00221971	0
925	0.00416195	0.00412521
935	0.00166478	0
945	0.00388449	0.00412521
955	0.00138732	0.00412521
965	0.00277463	0.00206261
975	0.00194224	0
985	0.00110985	0
995	0.00194224	0
1005	0.00221971	0.00206261
1015	0.00110985	0
1025	0.00110985	0.00618782
1035	0.00221971	0
1045	0.000554927	0
1055	0.00138732	0
1065	0.00221971	0
1075	0.000277463	0
1085	0.00360702	0
1095	0.00110985	0
1105	0.00194224	0
1115	0.00166478	0.00412521
1125	0.00166478	0.00206261
1135	0.00166478	0.00412521
1145	0.00166478	0
1155	0.00110985	0.00206261
1165	0.00138732	0
1175	0.00110985	0
1185	0.00194224	0
1195	0.00110985	0.00206261
