FG time = 3313.52	BG time = 733.981
5	0	0
15	0	0
25	0	0
35	0.00120718	0.00272487
45	0.01177	0.00681216
55	0.0253507	0.0177116
65	0.0494942	0.0190741
75	0.0621696	0.0163492
85	0.0736377	0.0136243
95	0.0811826	0.00953703
105	0.0811826	0.0245238
115	0.0968759	0.0108995
125	0.106231	0.0081746
135	0.102308	0.00681216
145	0.108948	0.0081746
155	0.113475	0.00953703
165	0.120416	0.0040873
175	0.126452	0.00272487
185	0.125245	0.00681216
195	0.127659	0.00544973
205	0.125848	0.0081746
215	0.120416	0.00136243
225	0.125245	0.0040873
235	0.124037	0.0040873
245	0.130375	0.00272487
255	0.129771	0.0081746
265	0.128866	0.0040873
275	0.12947	0.00136243
285	0.120416	0.00272487
295	0.122528	0.00272487
305	0.13128	0.00681216
315	0.11106	0.00136243
325	0.106533	0.00136243
335	0.120416	0.00272487
345	0.11438	0.00136243
355	0.118605	0.00544973
365	0.112267	0.00136243
375	0.118001	0.0040873
385	0.10261	0.00272487
395	0.102912	0.00544973
405	0.0971777	0.0040873
415	0.0980831	0.00136243
425	0.0986866	0.00136243
435	0.0866149	0.00544973
445	0.0878221	0.00544973
455	0.0884256	0.00272487
465	0.0817862	0
475	0.0857095	0.0040873
485	0.0682054	0.00136243
495	0.0660929	0.0040873
505	0.0645839	0.00544973
515	0.0627732	0
525	0.0636785	0.00272487
535	0.0594534	0.0040873
545	0.0549265	0
555	0.0488906	0.00136243
565	0.0503996	0.00272487
575	0.048287	0
585	0.041044	0.00136243
595	0.0389314	0.00136243
605	0.0383278	0.00544973
615	0.0350081	0.0081746
625	0.0347063	0.00272487
635	0.0238417	0.0081746
645	0.027765	0.00272487
655	0.022031	0.0040873
665	0.0175041	0.0040873
675	0.0172023	0.00544973
685	0.0144861	0.00272487
695	0.0147879	0.00136243
705	0.0120718	0.00272487
715	0.0099592	0.00272487
725	0.00845023	0
735	0.00905382	0.00136243
745	0.00663947	0.00136243
755	0.00754485	0.00272487
765	0.0051305	0.00544973
775	0.00573409	0.00136243
785	0.00543229	0.0040873
795	0.00452691	0.00272487
805	0.00633767	0.00136243
815	0.00331973	0.00272487
825	0.00241435	0
835	0.00181076	0.0040873
845	0.00271615	0.0040873
855	0.00392332	0.00272487
865	0.00211256	0.0040873
875	0.00241435	0
885	0.00362153	0.00272487
895	0.00331973	0.00272487
905	0.00181076	0.00544973
915	0.00331973	0.0040873
925	0.00301794	0.00544973
935	0.00120718	0.00136243
945	0.00331973	0.00136243
955	0.00211256	0.00272487
965	0.00241435	0.00681216
975	0.00331973	0
985	0.000905382	0.00681216
995	0.00271615	0
1005	0.00362153	0.00136243
1015	0.00241435	0
1025	0.00150897	0.00272487
1035	0.00211256	0.00136243
1045	0.00211256	0.00544973
1055	0.00271615	0.00272487
1065	0.00211256	0.00272487
1075	0.00301794	0.0040873
1085	0.00331973	0.00136243
1095	0.00241435	0.00681216
1105	0.00150897	0
1115	0.00331973	0.00136243
1125	0.00211256	0.00272487
1135	0.00392332	0
1145	0.00301794	0.00272487
1155	0.00271615	0.00136243
1165	0.00211256	0.00272487
1175	0.00181076	0
1185	0.00271615	0.00272487
1195	0.00211256	0
