FG time = 2824.25	BG time = 304.906
5	0	0
15	0	0
25	0	0
35	0.000354077	0
45	0.000708153	0
55	0.00318669	0.0032797
65	0.023015	0.0032797
75	0.0761265	0.00983909
85	0.121802	0.0065594
95	0.156148	0
105	0.169603	0.0163985
115	0.191201	0.0032797
125	0.214216	0
135	0.197929	0.0065594
145	0.228379	0.0032797
155	0.226963	0.00983909
165	0.236877	0.0032797
175	0.243959	0.00983909
185	0.235815	0.0032797
195	0.265203	0.00983909
205	0.242188	0.0032797
215	0.257414	0
225	0.248916	0.0032797
235	0.249978	0
245	0.242896	0.0032797
255	0.228025	0
265	0.271931	0
275	0.256351	0
285	0.24927	0
295	0.263079	0.0032797
305	0.236169	0.0032797
315	0.241126	0.0032797
325	0.240772	0
335	0.240772	0
345	0.213508	0
355	0.224839	0.0032797
365	0.212446	0.0032797
375	0.21457	0.0032797
385	0.210676	0.0032797
395	0.200407	0.0032797
405	0.200053	0
415	0.203948	0
425	0.191555	0.0065594
435	0.181641	0.0032797
445	0.17633	0
455	0.175268	0
465	0.168894	0
475	0.148358	0
485	0.155794	0
495	0.150483	0
505	0.134195	0
515	0.116137	0
525	0.126051	0
535	0.11118	0
545	0.118616	0.0032797
555	0.11295	0.0032797
565	0.0938303	0
575	0.104453	0.0065594
585	0.0881651	0.0032797
595	0.0828539	0.0032797
605	0.0856865	0.0032797
615	0.0704612	0
625	0.0669205	0.0032797
635	0.0644419	0.0032797
645	0.0559441	0.0032797
655	0.0431973	0.0032797
665	0.041427	0.0032797
675	0.0375321	0.0032797
685	0.0311587	0
695	0.0311587	0.0032797
705	0.0258476	0.0032797
715	0.0251394	0
725	0.0187661	0.0065594
735	0.0180579	0
745	0.0155794	0
755	0.0116845	0.0032797
765	0.0102682	0.0032797
775	0.00672745	0.0032797
785	0.00389484	0
795	0.00424892	0
805	0.00566522	0
815	0.00212446	0.0032797
825	0.00495707	0.0032797
835	0.00354077	0.0032797
845	0.00212446	0.0065594
855	0.00318669	0.0032797
865	0.00212446	0
875	0.00318669	0.0032797
885	0.00389484	0
895	0.00177038	0.0065594
905	0.00177038	0.0032797
915	0.00283261	0
925	0.00389484	0.0032797
935	0.00283261	0.0032797
945	0	0.0065594
955	0.00354077	0
965	0	0
975	0.00141631	0
985	0.00177038	0
995	0.00283261	0
1005	0.00212446	0
1015	0.00141631	0
1025	0.00177038	0.0032797
1035	0.00177038	0.00983909
1045	0.00247854	0.0032797
1055	0.00177038	0.0065594
1065	0.00318669	0
1075	0.000708153	0
1085	0.00318669	0
1095	0.00212446	0
1105	0.00141631	0.0032797
1115	0.00283261	0
1125	0.00283261	0.0032797
1135	0.00212446	0
1145	0.00389484	0
1155	0.00354077	0
1165	0.00212446	0.0065594
1175	0.00141631	0
1185	0.00247854	0.00983909
1195	0.00177038	0
