FG time = 3313.39	BG time = 734.623
5	0	0
15	0	0
25	0	0
35	0.00181083	0.00136124
45	0.0153921	0.0108899
55	0.031086	0.0149737
65	0.0594557	0.0163349
75	0.076055	0.0122512
85	0.0875236	0.0190574
95	0.0911452	0.0163349
105	0.108952	0.0163349
115	0.105028	0.0095287
125	0.119515	0.0176962
135	0.114384	0.00816746
145	0.119213	0.00680621
155	0.112875	0.00680621
165	0.121929	0.00680621
175	0.117704	0.0095287
185	0.126155	0.00408373
195	0.126155	0.00272249
205	0.127965	0.00272249
215	0.134002	0.00680621
225	0.136114	0.00272249
235	0.124646	0.00680621
245	0.149092	0
255	0.137925	0.00408373
265	0.132794	0.00272249
275	0.127965	0.00408373
285	0.12706	0.00272249
295	0.136114	0.00544497
305	0.129776	0.00272249
315	0.138227	0.00136124
325	0.124042	0.00272249
335	0.127965	0.00408373
345	0.12374	0
355	0.128871	0
365	0.120722	0
375	0.122533	0.00408373
385	0.103519	0.00136124
395	0.104123	0.00136124
405	0.103519	0.00272249
415	0.091447	0.00816746
425	0.103217	0.00136124
435	0.105934	0.00272249
445	0.0875236	0.00408373
455	0.0851091	0.00680621
465	0.0848073	0
475	0.0863163	0.00408373
485	0.0766586	0.00136124
495	0.0730369	0.00272249
505	0.0685098	0.00816746
515	0.0703206	0.00544497
525	0.0663972	0
535	0.0570412	0.00272249
545	0.0576448	0
555	0.0555322	0.00816746
565	0.044969	0.00136124
575	0.0513069	0.00272249
585	0.0392347	0.00408373
595	0.0392347	0.00136124
605	0.0331986	0.00408373
615	0.0410455	0.00272249
625	0.0289733	0.00408373
635	0.0298787	0.00272249
645	0.02173	0
655	0.0196173	0.00408373
665	0.023239	0.00544497
675	0.0211264	0.00272249
685	0.0141849	0.00136124
695	0.0141849	0
705	0.0141849	0
715	0.00814874	0.00136124
725	0.0105632	0.00408373
735	0.0117704	0.00272249
745	0.00603611	0.00272249
755	0.00814874	0.00408373
765	0.00331986	0
775	0.00663972	0.00408373
785	0.0054325	0.00272249
795	0.0054325	0.00272249
805	0.00633791	0.00136124
815	0.00331986	0.00136124
825	0.00422528	0.00136124
835	0.00241444	0.00136124
845	0.00422528	0.00408373
855	0.00211264	0.00136124
865	0.00331986	0.00544497
875	0.00211264	0.00272249
885	0.00211264	0.00136124
895	0.00271625	0.00544497
905	0.00241444	0.00680621
915	0.00271625	0.00272249
925	0.00211264	0.00272249
935	0.00211264	0
945	0.00331986	0
955	0.00241444	0.00136124
965	0.00241444	0.00136124
975	0.00271625	0
985	0.00120722	0
995	0.00331986	0.00272249
1005	0.00150903	0.00272249
1015	0.00422528	0
1025	0.00181083	0.00136124
1035	0.00392347	0.00136124
1045	0.00241444	0
1055	0.00392347	0
1065	0.00241444	0.00272249
1075	0.00150903	0.00544497
1085	0.00211264	0.00544497
1095	0.00241444	0.00680621
1105	0.00181083	0.00272249
1115	0.00211264	0.00272249
1125	0.00181083	0.00272249
1135	0.00241444	0.00272249
1145	0.00181083	0
1155	0.00150903	0.00136124
1165	0.00271625	0.00272249
1175	0.00362166	0.00272249
1185	0.00211264	0.00544497
1195	0.000905416	0.00272249
