FG time = 3009.92	BG time = 485.732
5	0	0
15	0	0
25	0	0
35	0.00066447	0
45	0.00199341	0
55	0.0192696	0.0041175
65	0.0657825	0.0144112
75	0.130901	0.0185287
85	0.177746	0.00823499
95	0.202996	0.01647
105	0.213627	0.01647
115	0.247847	0.00823499
125	0.247183	0.0041175
135	0.260472	0.0041175
145	0.267449	0.0041175
155	0.279077	0.00205875
165	0.299676	0.0102937
175	0.308646	0.00823499
185	0.298679	0.0041175
195	0.320939	0
205	0.303995	0.00617624
215	0.308646	0
225	0.326919	0.00205875
235	0.339876	0.00823499
245	0.314294	0
255	0.315291	0
265	0.323265	0
275	0.306321	0.00205875
285	0.32559	0
295	0.328248	0
305	0.32559	0.00205875
315	0.30333	0.00617624
325	0.305656	0
335	0.295025	0.00617624
345	0.290373	0
355	0.305988	0.00205875
365	0.280738	0.00205875
375	0.276087	0
385	0.297682	0.00205875
395	0.268114	0
405	0.261469	0
415	0.248512	0
425	0.248512	0.00205875
435	0.247847	0
445	0.221601	0
455	0.229907	0.0041175
465	0.214956	0.00205875
475	0.217614	0.0041175
485	0.19768	0.00617624
495	0.190703	0
505	0.176749	0.00205875
515	0.170769	0.00205875
525	0.162131	0.00617624
535	0.161798	0.0041175
545	0.144854	0
555	0.146848	0
565	0.126581	0.00205875
575	0.114289	0
585	0.119937	0
595	0.114621	0
605	0.0950192	0.00205875
615	0.0887067	0.00617624
625	0.0810653	0.0041175
635	0.0893712	0
645	0.0697693	0.00205875
655	0.0508319	0
665	0.0538221	0
675	0.0531576	0.00823499
685	0.0471774	0.0041175
695	0.0428583	0
705	0.0375425	0.00617624
715	0.026911	0.00205875
725	0.0272433	0.0041175
735	0.0205986	0.00205875
745	0.0189374	0
755	0.0139539	0.0041175
765	0.0142861	0
775	0.0102993	0.0041175
785	0.0076414	0.0041175
795	0.0066447	0
805	0.00830587	0
815	0.00631246	0.00205875
825	0.00398682	0.0041175
835	0.00332235	0.0041175
845	0.00465129	0.00205875
855	0.00398682	0.0041175
865	0.00166117	0
875	0.00232564	0.0041175
885	0.00232564	0
895	0.00332235	0.00205875
905	0.000332235	0.0041175
915	0.00199341	0.00205875
925	0.00199341	0.00205875
935	0.00166117	0.00205875
945	0.00232564	0.00205875
955	0.00199341	0.00205875
965	0.00166117	0.00823499
975	0.00199341	0
985	0.00166117	0.0041175
995	0.00199341	0.00205875
1005	0.00232564	0.00617624
1015	0.00132894	0
1025	0.00332235	0
1035	0.00132894	0.00205875
1045	0.00265788	0.00617624
1055	0.00132894	0.0041175
1065	0.00332235	0
1075	0.000996705	0.00205875
1085	0.00199341	0
1095	0.00166117	0
1105	0.00132894	0
1115	0.00299011	0
1125	0.00132894	0
1135	0.00166117	0.00205875
1145	0.00232564	0.00205875
1155	0.00299011	0.00205875
1165	0.000996705	0
1175	0.00365458	0
1185	0.000996705	0
1195	0.00299011	0
