FG time = 1985.66	BG time = 304.56
5	0	0
15	0	0
25	0	0
35	0	0
45	0	0
55	0	0
65	0	0
75	0	0
85	0	0
95	0	0
105	0	0
115	0	0
125	0	0
135	0.000503611	0
145	0.00100722	0
155	0.00151083	0
165	0.00100722	0
175	0.00100722	0
185	0.00402889	0
195	0.00503611	0.00328343
205	0.00352528	0
215	0.00402889	0
225	0.00755417	0
235	0.00654694	0
245	0.00553972	0
255	0.0045325	0
265	0.0045325	0
275	0.009065	0
285	0.00654694	0
295	0.00503611	0
305	0.00956861	0
315	0.00503611	0
325	0.0110794	0.00328343
335	0.00503611	0
345	0.00604333	0
355	0.00604333	0
365	0.00705055	0.00328343
375	0.00604333	0
385	0.00553972	0
395	0.00604333	0
405	0.00956861	0
415	0.00503611	0.00328343
425	0.0045325	0
435	0.00553972	0
445	0.00654694	0
455	0.00604333	0
465	0.00856139	0
475	0.00251806	0
485	0.00805778	0
495	0.0045325	0
505	0.0045325	0.00328343
515	0.00604333	0
525	0.00352528	0
535	0.00251806	0
545	0.0045325	0
555	0.00352528	0.00328343
565	0.00402889	0
575	0.00201444	0
585	0.00251806	0.00328343
595	0.00251806	0.00328343
605	0.00201444	0
615	0.00201444	0
625	0.00402889	0
635	0.00151083	0
645	0.00151083	0
655	0.00151083	0
665	0.00251806	0
675	0.00251806	0
685	0.00100722	0
695	0.00151083	0
705	0.000503611	0
715	0.00100722	0
725	0.00151083	0
735	0	0
745	0.000503611	0
755	0.00100722	0.00328343
765	0.000503611	0.00328343
775	0.000503611	0.00328343
785	0.000503611	0
795	0.000503611	0
805	0.000503611	0
815	0.000503611	0
825	0.000503611	0.00328343
835	0	0
845	0	0
855	0	0
865	0.000503611	0.00328343
875	0	0
885	0.00100722	0.00328343
895	0.00201444	0
905	0.000503611	0
915	0	0
925	0	0
935	0.00100722	0
945	0.000503611	0
955	0.00100722	0
965	0	0
975	0	0
985	0	0
995	0	0
1005	0.00151083	0
1015	0	0
1025	0	0.00328343
1035	0	0
1045	0.00151083	0
1055	0.000503611	0
1065	0.00100722	0
1075	0.00100722	0
1085	0.00100722	0
1095	0.00100722	0.00328343
1105	0	0
1115	0.00151083	0
1125	0.000503611	0.00328343
1135	0	0
1145	0.000503611	0
1155	0.000503611	0
1165	0.00100722	0
1175	0.00151083	0
1185	0.000503611	0
1195	0.00151083	0
