FG time = 3313.76	BG time = 733.943
5	0	0
15	0	0
25	0	0
35	0	0
45	0	0
55	0	0
65	0	0
75	0	0
85	0	0
95	0	0
105	0	0
115	0	0
125	0.000301772	0
135	0.000301772	0
145	0.00120709	0
155	0.000905317	0
165	0.000905317	0
175	0.00181063	0.0013625
185	0.00392304	0
195	0.0033195	0
205	0.00301772	0.0013625
215	0.00211241	0
225	0.00271595	0
235	0.00513013	0
245	0.00482836	0
255	0.00482836	0
265	0.00513013	0
275	0.0054319	0
285	0.00452659	0
295	0.00513013	0.0013625
305	0.0054319	0
315	0.00965672	0.0013625
325	0.00452659	0.0013625
335	0.00603545	0
345	0.00814785	0
355	0.00633722	0
365	0.0054319	0
375	0.0054319	0
385	0.00513013	0
395	0.00422481	0.0013625
405	0.00663899	0
415	0.00663899	0.0013625
425	0.00603545	0.0013625
435	0.00573368	0
445	0.00301772	0
455	0.00362127	0
465	0.00452659	0
475	0.0054319	0
485	0.00392304	0
495	0.00452659	0
505	0.00301772	0
515	0.0033195	0
525	0.00301772	0
535	0.00482836	0.00272501
545	0.00271595	0.0013625
555	0.00271595	0.0013625
565	0.00301772	0
575	0.00150886	0
585	0.00271595	0
595	0.00301772	0
605	0.0033195	0
615	0.00150886	0.0013625
625	0.00150886	0.0013625
635	0.00120709	0.0013625
645	0.000301772	0
655	0.00211241	0.0013625
665	0.00211241	0.00272501
675	0.00150886	0.0013625
685	0.000905317	0
695	0.000905317	0.0013625
705	0.00150886	0
715	0.000301772	0
725	0.00150886	0
735	0.00120709	0
745	0.000603545	0.0013625
755	0.00120709	0
765	0.000301772	0.00408751
775	0.000301772	0.0013625
785	0.00150886	0
795	0.00150886	0
805	0.000603545	0.00272501
815	0.000905317	0
825	0.00120709	0.0013625
835	0.00120709	0
845	0.000301772	0
855	0.000603545	0.0013625
865	0.000301772	0
875	0	0
885	0.00120709	0
895	0.000301772	0
905	0.000905317	0
915	0.000301772	0.00272501
925	0.000603545	0
935	0.00120709	0.0013625
945	0.000301772	0
955	0.000301772	0
965	0.000603545	0
975	0.000905317	0
985	0.000301772	0
995	0.000301772	0.00272501
1005	0.000603545	0.0013625
1015	0.000301772	0
1025	0.00181063	0.0013625
1035	0.000905317	0.0013625
1045	0	0.0013625
1055	0.00181063	0
1065	0.000905317	0.0013625
1075	0.000301772	0
1085	0.000603545	0
1095	0.000905317	0
1105	0.000603545	0.0013625
1115	0.00211241	0
1125	0.000603545	0
1135	0.00120709	0.0013625
1145	0.00150886	0.00272501
1155	0.000905317	0.0013625
1165	0	0
1175	0.00211241	0
1185	0.000301772	0.0013625
1195	0.00150886	0.0013625
