FG time = 3426.15	BG time = 440.591
5	0	0
15	0	0
25	0	0
35	0	0
45	0.000291872	0
55	0.0032106	0
65	0.0259766	0.00453935
75	0.0779299	0.0113484
85	0.137472	0.00907871
95	0.153525	0
105	0.183296	0.00453935
115	0.190885	0
125	0.222407	0.00680903
135	0.21511	0.00453935
145	0.217445	0.00907871
155	0.227077	0.00453935
165	0.241087	0.0113484
175	0.246924	0
185	0.249551	0.00453935
195	0.261226	0.00453935
205	0.253929	0.00907871
215	0.255388	0.00226968
225	0.262685	0.00226968
235	0.26181	0.00453935
245	0.248092	0
255	0.257723	0
265	0.258891	0
275	0.267063	0
285	0.267647	0.00226968
295	0.241378	0.00226968
305	0.263561	0
315	0.255388	0.00226968
325	0.245173	0
335	0.261226	0.00453935
345	0.229995	0.00226968
355	0.232622	0.00226968
365	0.236125	0.00226968
375	0.221239	0.00453935
385	0.213651	0.00226968
395	0.208981	0.00226968
405	0.206646	0
415	0.197598	0
425	0.190885	0.00226968
435	0.197306	0.00226968
445	0.187966	0
455	0.184463	0.00453935
465	0.177167	0
475	0.162573	0.00226968
485	0.151774	0.00226968
495	0.160822	0.00226968
505	0.15586	0
515	0.130467	0
525	0.125797	0
535	0.135137	0.00453935
545	0.120835	0.00226968
555	0.11383	0.00226968
565	0.114122	0
575	0.0989447	0.00226968
585	0.0992366	0.00226968
595	0.0817243	0
605	0.0773462	0
615	0.0680063	0
625	0.0668388	0.00226968
635	0.061877	0
645	0.0519533	0
655	0.0490346	0.00680903
665	0.0461158	0
675	0.0326897	0.00226968
685	0.0326897	0
695	0.0326897	0.00453935
705	0.0256848	0.00226968
715	0.0213067	0.00226968
725	0.0169286	0.00680903
735	0.0140099	0
745	0.0154692	0.00226968
755	0.0122586	0
765	0.0107993	0.00226968
775	0.00642119	0.00226968
785	0.00612932	0.00453935
795	0.00612932	0
805	0.00408621	0.00453935
815	0.0032106	0
825	0.00350247	0.00453935
835	0.00379434	0
845	0.00583745	0.00453935
855	0.00233498	0.00453935
865	0.00204311	0.00226968
875	0.00233498	0
885	0.0032106	0
895	0.00175123	0
905	0.0032106	0.00226968
915	0.00379434	0.00226968
925	0.00145936	0
935	0.00262685	0
945	0.00262685	0
955	0.00175123	0
965	0.00116749	0.00226968
975	0.00204311	0.00226968
985	0.00116749	0.00226968
995	0.00233498	0
1005	0.00291872	0
1015	0.00262685	0
1025	0.00175123	0.00453935
1035	0.00291872	0
1045	0.00291872	0
1055	0.000583745	0
1065	0.000875617	0.00226968
1075	0.00291872	0.00226968
1085	0.00233498	0.00453935
1095	0.00204311	0.00226968
1105	0.000875617	0
1115	0.00175123	0.00226968
1125	0.00291872	0
1135	0.00262685	0.00226968
1145	0.00233498	0
1155	0.000583745	0.00226968
1165	0.00233498	0.00453935
1175	0.00233498	0
1185	0.00291872	0.00453935
1195	0.00175123	0
