FG time = 3312.86	BG time = 613.988
5	0	0
15	0	0
25	0	0
35	0.000301854	0
45	0.00935748	0.00814349
55	0.0199224	0.0146583
65	0.0407503	0.0211731
75	0.0531264	0.0179157
85	0.0615783	0.00325739
95	0.0700302	0.00814349
105	0.0905563	0.00977218
115	0.0836136	0.00488609
125	0.0987064	0.00325739
135	0.0987064	0.00651479
145	0.11229	0.00325739
155	0.116818	0.00651479
165	0.113195	0.00651479
175	0.115912	0.00325739
185	0.135231	0.00325739
195	0.124364	0.0016287
205	0.128892	0.0016287
215	0.142173	0.00325739
225	0.140664	0.00488609
235	0.137947	0.0016287
245	0.135231	0.00488609
255	0.144588	0.0016287
265	0.135834	0
275	0.129194	0
285	0.131608	0.0016287
295	0.142777	0.00651479
305	0.127383	0.00325739
315	0.132212	0.00325739
325	0.124968	0.00488609
335	0.129194	0
345	0.143683	0
355	0.124364	0
365	0.126477	0.00488609
375	0.126175	0
385	0.109271	0.0016287
395	0.116516	0.00325739
405	0.113497	0.0016287
415	0.108366	0.00325739
425	0.109875	0.00325739
435	0.100819	0
445	0.0996119	0
455	0.0941785	0
465	0.093273	0
475	0.09116	0.00325739
485	0.0857266	0.0016287
495	0.09116	0
505	0.0821044	0.00488609
515	0.072445	0.00325739
525	0.0694265	0.00488609
535	0.0712376	0
545	0.0606727	0
555	0.0664079	0.00325739
565	0.0540319	0.00488609
575	0.0585597	0
585	0.0446744	0.00814349
595	0.0449763	0.00651479
605	0.0443726	0
615	0.0404485	0.00325739
625	0.0362225	0.0016287
635	0.033204	0
645	0.0223372	0.0016287
655	0.0286762	0.0016287
665	0.0229409	0.0016287
675	0.0214317	0.00651479
685	0.0190168	0
695	0.0156964	0.0016287
705	0.0138853	0.00325739
715	0.012376	0
725	0.0129797	0.00325739
735	0.00815007	0.0016287
745	0.00633894	0.0016287
755	0.00845192	0
765	0.00603709	0
775	0.00422596	0
785	0.00392411	0.0016287
795	0.00271669	0.00325739
805	0.00392411	0.00814349
815	0.00422596	0.0016287
825	0.00181113	0.0016287
835	0.00392411	0
845	0.00271669	0.00325739
855	0.00241483	0.0016287
865	0.00211298	0
875	0.00241483	0.00488609
885	0.00301854	0.00651479
895	0.00150927	0.00488609
905	0.00120742	0
915	0.00301854	0
925	0.00211298	0.00325739
935	0.00271669	0.0016287
945	0.00120742	0
955	0.00211298	0
965	0.00150927	0.0016287
975	0.000301854	0
985	0.00150927	0
995	0.00211298	0
1005	0.00211298	0.00325739
1015	0.00150927	0.00488609
1025	0.00120742	0.0016287
1035	0.00271669	0.00814349
1045	0.00301854	0
1055	0.00241483	0.0016287
1065	0.00241483	0.00325739
1075	0.00211298	0.0016287
1085	0.0033204	0
1095	0.00150927	0
1105	0.00241483	0.0016287
1115	0.00241483	0.0016287
1125	0.00181113	0.00325739
1135	0.00120742	0.0016287
1145	0.00241483	0
1155	0.000603709	0
1165	0.00241483	0.0016287
1175	0.000603709	0
1185	0.000905563	0.0016287
1195	0.00301854	0.0016287
