FG time = 3012.72	BG time = 613.284
5	0	0
15	0	0
25	0	0
35	0.00199155	0
45	0.00796622	0.00815283
55	0.0248944	0.0097834
65	0.0477973	0.0048917
75	0.0650574	0.0097834
85	0.0773387	0.00326113
95	0.0899519	0
105	0.112855	0.00652227
115	0.118497	0.00163057
125	0.119493	0.0048917
135	0.128123	0.00326113
145	0.130447	0
155	0.157001	0
165	0.143724	0.00326113
175	0.154677	0.0048917
185	0.14472	0
195	0.149367	0.0048917
205	0.153682	0
215	0.160652	0.00163057
225	0.152354	0.0048917
235	0.17061	0.00326113
245	0.15335	0.00326113
255	0.157333	0.00163057
265	0.165963	0.0048917
275	0.162312	0.00326113
285	0.171274	0.00163057
295	0.146379	0
305	0.157333	0.00163057
315	0.147375	0.00163057
325	0.157997	0.00163057
335	0.151358	0.00163057
345	0.157333	0.00326113
355	0.14472	0
365	0.144388	0
375	0.139741	0.00163057
385	0.133766	0
395	0.135426	0
405	0.125468	0.0048917
415	0.127459	0.00163057
425	0.126796	0.00326113
435	0.116506	0.00326113
445	0.123476	0
455	0.106548	0.00163057
465	0.10854	0.00163057
475	0.10854	0.00163057
485	0.120157	0.00163057
495	0.101569	0
505	0.0922754	0
515	0.084973	0
525	0.0826495	0
535	0.0796622	0
545	0.0796622	0.00163057
555	0.0773387	0.00163057
565	0.0640617	0
575	0.0690406	0
585	0.0564274	0.00163057
595	0.0570912	0.00163057
605	0.0514485	0
615	0.0428184	0.00652227
625	0.0411588	0
635	0.0477973	0
645	0.0345203	0
655	0.0325287	0.00163057
665	0.0298733	0.00326113
675	0.0265541	0.00163057
685	0.0245625	0
695	0.0199155	0.00163057
705	0.0149367	0.00326113
715	0.0152686	0.00326113
725	0.0112855	0
735	0.00796622	0
745	0.00863007	0.0048917
755	0.00962585	0.0048917
765	0.00464696	0.00815283
775	0.00763429	0.00163057
785	0.00464696	0
795	0.00265541	0
805	0.00331926	0
815	0.00464696	0
825	0.00199155	0.00163057
835	0.00199155	0
845	0.00298733	0.00326113
855	0.00165963	0.00326113
865	0.000663851	0.00163057
875	0.00298733	0.00326113
885	0.00232348	0
895	0.00199155	0.0048917
905	0.000663851	0
915	0.000995777	0
925	0.0013277	0
935	0.000995777	0.00163057
945	0.00298733	0.00326113
955	0.000995777	0
965	0.000663851	0.00326113
975	0.00298733	0
985	0.00165963	0
995	0.000331926	0.00326113
1005	0.000995777	0.00163057
1015	0.0013277	0.00163057
1025	0.00165963	0.00163057
1035	0.000995777	0.00163057
1045	0.0013277	0.00163057
1055	0.000995777	0
1065	0.000995777	0.00163057
1075	0.000995777	0.00163057
1085	0.0013277	0
1095	0.0013277	0.00163057
1105	0.000331926	0.00163057
1115	0.0013277	0
1125	0.000663851	0
1135	0.000995777	0.00163057
1145	0.0013277	0
1155	0.0013277	0.00163057
1165	0.000995777	0.00326113
1175	0.00298733	0.00326113
1185	0.000663851	0.00163057
1195	0.000663851	0.00163057
