FG time = 3449.01	BG time = 724.362
5	0	0
15	0	0
25	0	0
35	0	0
45	0	0
55	0	0
65	0	0
75	0.000289939	0
85	0	0
95	0.00115975	0.00138052
105	0.00231951	0
115	0.00173963	0
125	0.00347926	0
135	0.00463902	0.00138052
145	0.00492896	0
155	0.00550883	0.00138052
165	0.00666859	0
175	0.0075384	0.00276105
185	0.00579877	0.00138052
195	0.00782834	0
205	0.00637865	0
215	0.0075384	0
225	0.00550883	0.00138052
235	0.00782834	0.00138052
245	0.00608871	0
255	0.00637865	0
265	0.00840822	0
275	0.00550883	0
285	0.00666859	0
295	0.00492896	0
305	0.00434908	0.00138052
315	0.00550883	0
325	0.00521889	0.00138052
335	0.00695853	0
345	0.00405914	0.00138052
355	0.00463902	0
365	0.00347926	0.00138052
375	0.00405914	0.00138052
385	0.00550883	0
395	0.0037692	0
405	0.0037692	0
415	0.00318932	0
425	0.00260945	0.00138052
435	0.00405914	0
445	0.00347926	0
455	0.00405914	0
465	0.00202957	0
475	0.00202957	0
485	0.00260945	0
495	0.00173963	0
505	0.000579877	0
515	0.000289939	0
525	0.00115975	0
535	0.00202957	0
545	0.000869816	0
555	0.00115975	0
565	0.00202957	0
575	0.00260945	0
585	0.000869816	0.00138052
595	0.00115975	0
605	0.00115975	0
615	0.00144969	0
625	0.000579877	0
635	0	0.00138052
645	0.000579877	0
655	0.000289939	0
665	0	0
675	0.000579877	0
685	0.000289939	0
695	0.000289939	0
705	0.000579877	0
715	0.000289939	0
725	0	0.00138052
735	0.000289939	0
745	0.000289939	0
755	0	0
765	0	0
775	0	0
785	0	0
795	0	0
805	0	0
815	0	0
825	0	0
835	0.000289939	0
845	0	0
855	0.000289939	0
865	0	0
875	0.000289939	0
885	0.000289939	0
895	0	0
905	0	0
915	0	0
925	0	0
935	0	0.00138052
945	0	0
955	0	0
965	0	0
975	0	0
985	0	0
995	0	0
1005	0.000289939	0
1015	0	0
1025	0	0
1035	0	0
1045	0	0
1055	0	0
1065	0	0
1075	0	0
1085	0	0
1095	0.000579877	0
1105	0	0
1115	0	0
1125	0	0
1135	0	0
1145	0	0
1155	0	0
1165	0	0
1175	0	0
1185	0	0
1195	0	0
