FG time = 3449.01	BG time = 724.362
5	0	0
15	0	0
25	0	0
35	0	0
45	0.000289939	0
55	0.00579877	0.00276105
65	0.0165265	0.00276105
75	0.0388518	0.00966367
85	0.0692953	0.00276105
95	0.0959697	0.00414157
105	0.0985791	0.00414157
115	0.124384	0.0110442
125	0.125833	0.0055221
135	0.144969	0.00414157
145	0.149898	0.00276105
155	0.156857	0.0055221
165	0.159756	0.00276105
175	0.19078	0
185	0.172513	0.00414157
195	0.172513	0.00276105
205	0.18672	0.00276105
215	0.18701	0.00276105
225	0.18701	0.0055221
235	0.198028	0.00138052
245	0.191359	0.00138052
255	0.208176	0.00276105
265	0.197448	0.00138052
275	0.201217	0
285	0.179762	0
295	0.174253	0.00276105
305	0.19049	0.00276105
315	0.211655	0.00138052
325	0.186431	0.00138052
335	0.185851	0
345	0.186431	0.00414157
355	0.177732	0.00138052
365	0.175413	0.00138052
375	0.176283	0.00138052
385	0.168454	0
395	0.180052	0
405	0.169904	0
415	0.159176	0
425	0.155407	0.00276105
435	0.162656	0.00276105
445	0.144679	0
455	0.145839	0
465	0.136851	0
475	0.14033	0
485	0.129313	0.00276105
495	0.123514	0.00414157
505	0.118875	0
515	0.114816	0
525	0.111626	0.00138052
535	0.111916	0.00276105
545	0.106407	0.0055221
555	0.0872715	0.00276105
565	0.0832124	0.00138052
575	0.0881413	0.00138052
585	0.0808929	0.00138052
595	0.0704551	0.00414157
605	0.0672658	0.00414157
615	0.061467	0.00276105
625	0.0574078	0
635	0.056828	0.00138052
645	0.0475499	0.00138052
655	0.0449405	0.00138052
665	0.0400115	0.00138052
675	0.0313134	0.00414157
685	0.0301536	0.00138052
695	0.0263844	0
705	0.0240649	0
715	0.0191359	0
725	0.0200058	0.00276105
735	0.0147869	0.00138052
745	0.0118875	0
755	0.0113076	0.00276105
765	0.00927803	0.00276105
775	0.00811828	0
785	0.00695853	0.00276105
795	0.00666859	0.00276105
805	0.00521889	0.00276105
815	0.00434908	0
825	0.0037692	0.00276105
835	0.00115975	0
845	0.00405914	0.00276105
855	0.00260945	0.00138052
865	0.00231951	0.00138052
875	0.00318932	0
885	0.00260945	0
895	0.0037692	0.00138052
905	0.00231951	0.00276105
915	0.00115975	0.00276105
925	0.00144969	0.00276105
935	0.00144969	0.00276105
945	0.00144969	0.00138052
955	0.00202957	0.00138052
965	0.000579877	0.00138052
975	0.00115975	0
985	0.00115975	0
995	0.000869816	0.00276105
1005	0.00115975	0.00414157
1015	0.00144969	0
1025	0.00173963	0.00138052
1035	0.00260945	0.0055221
1045	0.00231951	0.00138052
1055	0.000869816	0.00138052
1065	0.00173963	0.00138052
1075	0.00173963	0
1085	0.00144969	0.00276105
1095	0.00289939	0.00138052
1105	0.00173963	0
1115	0.000869816	0.00276105
1125	0.000289939	0
1135	0.00144969	0
1145	0.00115975	0
1155	0.00231951	0
1165	0.00231951	0.00276105
1175	0.00115975	0
1185	0.00173963	0.00138052
1195	0.000869816	0.00414157
