FG time = 3319.13	BG time = 493.764
5	0	0
15	0	0
25	0	0
35	0	0
45	0.00241027	0.00202526
55	0.0117501	0.00607578
65	0.0376605	0.00607578
75	0.0943019	0.00810104
85	0.129251	0.00607578
95	0.151847	0.00810104
105	0.169924	0
115	0.199149	0.0121516
125	0.188303	0.00607578
135	0.213008	0.00810104
145	0.214514	0.00405052
155	0.2347	0.00405052
165	0.224758	0.00810104
175	0.241329	0.0101263
185	0.245547	0
195	0.245547	0.00405052
205	0.236508	0.00810104
215	0.26513	0.00202526
225	0.250066	0.00405052
235	0.257899	0.00405052
245	0.242835	0.00607578
255	0.258803	0.00405052
265	0.248258	0.00202526
275	0.241931	0.00202526
285	0.254886	0.00405052
295	0.244944	0.00202526
305	0.246752	0.00405052
315	0.234399	0.00607578
325	0.233495	0.00607578
335	0.240123	0.00405052
345	0.238014	0
355	0.228072	0
365	0.223553	0.00202526
375	0.208187	0.00202526
385	0.217527	0.00202526
395	0.19945	0
405	0.20638	0
415	0.206982	0
425	0.183181	0
435	0.193424	0.00202526
445	0.178059	0.00202526
455	0.169924	0
465	0.167514	0
475	0.153655	0.00810104
485	0.142809	0.00405052
495	0.15245	0
505	0.135879	0.00405052
515	0.133469	0.00810104
525	0.129251	0.00607578
535	0.125334	0.00405052
545	0.119309	0.00405052
555	0.10334	0
565	0.102135	0.00202526
575	0.0927955	0.00607578
585	0.0873724	0.00202526
595	0.0741159	0.0101263
605	0.081648	0
615	0.0650774	0.00202526
625	0.0656799	0.00202526
635	0.0626671	0.00202526
645	0.0554363	0.00405052
655	0.0418785	0.00202526
665	0.0430836	0.00202526
675	0.0394682	0.00405052
685	0.0334425	0.00607578
695	0.0334425	0.00202526
705	0.0238014	0.00405052
715	0.0231989	0.00202526
725	0.0213912	0.00202526
735	0.0186796	0.00607578
745	0.0171732	0
755	0.0135578	0.00405052
765	0.00933981	0.00202526
775	0.00903852	0.00202526
785	0.00692953	0
795	0.00783339	0.00607578
805	0.00692953	0
815	0.00542311	0.00810104
825	0.00602568	0.00202526
835	0.00271156	0.00202526
845	0.00271156	0.00405052
855	0.00421798	0.00202526
865	0.00301284	0.00607578
875	0.00301284	0.00810104
885	0.00391669	0
895	0.00241027	0.00607578
905	0.000602568	0
915	0.00271156	0.00607578
925	0.00421798	0.00607578
935	0.00210899	0
945	0.0018077	0.00202526
955	0.00120514	0
965	0.00241027	0.00202526
975	0.00210899	0.00405052
985	0.000903852	0.00202526
995	0.000602568	0.00202526
1005	0.0018077	0
1015	0.00301284	0.0101263
1025	0.0018077	0.00202526
1035	0.00331413	0
1045	0.00301284	0
1055	0.0018077	0
1065	0.00271156	0
1075	0.00271156	0.00202526
1085	0.00210899	0.00202526
1095	0.00271156	0
1105	0.00120514	0.00405052
1115	0.00150642	0.00405052
1125	0.00271156	0.00405052
1135	0.00210899	0
1145	0.0018077	0.00405052
1155	0.00150642	0
1165	0.00210899	0.00202526
1175	0.00241027	0.00607578
1185	0.00210899	0.00202526
1195	0.00391669	0.00810104
