FG time = 2409.52	BG time = 365.756
5	0	0
15	0	0
25	0	0
35	0	0
45	0	0
55	0	0
65	0	0
75	0	0
85	0	0
95	0	0
105	0	0
115	0	0
125	0.00041502	0
135	0	0
145	0.00166008	0
155	0.0020751	0
165	0.0020751	0
175	0.00083004	0
185	0.00539526	0
195	0.00456522	0
205	0.00664032	0
215	0.00373518	0
225	0.00664032	0
235	0.00788538	0
245	0.00705534	0.00273407
255	0.00498024	0
265	0.00498024	0.00273407
275	0.00788538	0
285	0.00913044	0
295	0.00456522	0
305	0.0120356	0
315	0.00788538	0
325	0.0128656	0
335	0.00871542	0
345	0.0141107	0.00273407
355	0.00996047	0
365	0.00581028	0
375	0.00913044	0
385	0.00871542	0
395	0.00954545	0
405	0.00954545	0
415	0.00954545	0.00273407
425	0.00996047	0.00273407
435	0.00871542	0
445	0.00871542	0
455	0.00581028	0
465	0.00747036	0.00273407
475	0.00747036	0.00273407
485	0.00871542	0
495	0.0041502	0
505	0.00456522	0
515	0.0062253	0
525	0.00664032	0
535	0.0041502	0
545	0.00456522	0
555	0.00373518	0
565	0.00456522	0
575	0.00456522	0
585	0.00498024	0
595	0.00539526	0
605	0.00249012	0
615	0.00166008	0
625	0.0020751	0
635	0.00249012	0
645	0.00249012	0.00273407
655	0.00332016	0
665	0.00166008	0
675	0.00166008	0.00273407
685	0.0020751	0
695	0.00373518	0
705	0.00166008	0
715	0.00083004	0
725	0.00166008	0
735	0.00083004	0.00273407
745	0.00166008	0.00273407
755	0.00041502	0
765	0.00166008	0.00273407
775	0.00083004	0
785	0.00041502	0
795	0.00083004	0
805	0.00124506	0
815	0.00083004	0
825	0	0
835	0.00083004	0.00273407
845	0.00041502	0
855	0.00041502	0
865	0.00083004	0
875	0.00083004	0
885	0.00041502	0
895	0.00124506	0
905	0.00083004	0
915	0.00124506	0
925	0.00083004	0
935	0.00041502	0
945	0	0
955	0.00124506	0
965	0	0
975	0.00124506	0
985	0	0
995	0.00041502	0
1005	0.00083004	0.00273407
1015	0.00041502	0.00273407
1025	0.00041502	0
1035	0.00083004	0
1045	0.00041502	0
1055	0.00124506	0
1065	0	0.00273407
1075	0.00041502	0.00273407
1085	0	0
1095	0	0.00273407
1105	0.00041502	0
1115	0.00124506	0
1125	0.00083004	0.00273407
1135	0.00083004	0.00546813
1145	0.00124506	0
1155	0.00166008	0
1165	0.00041502	0.00273407
1175	0	0
1185	0	0
1195	0.00083004	0
