FG time = 3247.24	BG time = 614.142
5	0	0
15	0	0
25	0	0
35	0.000307954	0
45	0.00307954	0.00325658
55	0.0104704	0.00162829
65	0.0363386	0.00325658
75	0.0699055	0.00488486
85	0.101625	0.00814144
95	0.112095	0.00814144
105	0.126569	0.00325658
115	0.14443	0.00325658
125	0.152745	0.00651315
135	0.159212	0.00162829
145	0.176458	0.00651315
155	0.184772	0.00325658
165	0.205097	0.00488486
175	0.198938	0.00162829
185	0.210948	0
195	0.205405	0.00162829
205	0.225422	0.00162829
215	0.212796	0.00651315
225	0.22573	0
235	0.213412	0.00325658
245	0.22419	0
255	0.223883	0.00162829
265	0.233121	0.00162829
275	0.220187	0
285	0.227886	0.00488486
295	0.219571	0.00162829
305	0.221111	0.00325658
315	0.229734	0
325	0.22419	0
335	0.212796	0
345	0.221111	0.00488486
355	0.202326	0.00162829
365	0.196167	0.00162829
375	0.201094	0.00162829
385	0.190316	0.00162829
395	0.18508	0.00162829
405	0.182617	0.00162829
415	0.184156	0
425	0.170606	0.00162829
435	0.165063	0
445	0.17153	0.00162829
455	0.166295	0.00162829
465	0.146586	0.00325658
475	0.141967	0.00162829
485	0.144738	0.00162829
495	0.136732	0.00162829
505	0.14905	0.00325658
515	0.12041	0
525	0.117638	0.00325658
535	0.100393	0.00488486
545	0.102857	0
555	0.0896146	0.00162829
565	0.0828396	0.00162829
575	0.0837635	0.00325658
585	0.0772964	0.00162829
595	0.0837635	0.00162829
605	0.0692896	0.00325658
615	0.0665181	0
625	0.0652862	0
635	0.0520442	0.00162829
645	0.0545078	0.00162829
655	0.0351068	0
665	0.0418817	0.00325658
675	0.0304874	0.00162829
685	0.0354147	0.00162829
695	0.0270999	0
705	0.0243284	0.00162829
715	0.026792	0.00162829
725	0.0218647	0.00488486
735	0.0166295	0.00162829
745	0.0138579	0.00162829
755	0.00923862	0
765	0.0101625	0.00162829
775	0.00862271	0
785	0.00554317	0.00651315
795	0.00739089	0
805	0.00708294	0.00488486
815	0.00369545	0.00162829
825	0.00554317	0.00162829
835	0.00492726	0
845	0.00431136	0.00162829
855	0.00184772	0
865	0.00215568	0.00162829
875	0.00246363	0
885	0.00246363	0.00162829
895	0.00184772	0
905	0.00307954	0.00325658
915	0.00184772	0
925	0.000923862	0.00162829
935	0.00215568	0.00488486
945	0.00123182	0
955	0.00153977	0.00162829
965	0.00123182	0
975	0.00184772	0.00325658
985	0.00277159	0
995	0.00184772	0.00162829
1005	0.00184772	0.00162829
1015	0.00153977	0.00325658
1025	0.00153977	0.00488486
1035	0.00277159	0.00325658
1045	0.000923862	0.00162829
1055	0.00246363	0.00162829
1065	0.00215568	0.00325658
1075	0.00277159	0.00162829
1085	0.00153977	0.00162829
1095	0.00123182	0.00325658
1105	0.000923862	0.00325658
1115	0.00184772	0
1125	0.00184772	0.00162829
1135	0.00153977	0.00488486
1145	0.0040034	0.00162829
1155	0.00184772	0.00162829
1165	0.00184772	0.00162829
1175	0.000923862	0.00162829
1185	0.00246363	0.00325658
1195	0.00184772	0.00162829
