FG time = 3612.49	BG time = 486.098
5	0	0
15	0	0
25	0	0
35	0	0
45	0	0
55	0	0
65	0	0
75	0	0
85	0	0
95	0.000276817	0
105	0	0
115	0.00249136	0.0020572
125	0.00249136	0
135	0.00719725	0
145	0.00885815	0
155	0.00858134	0.0020572
165	0.0138409	0
175	0.0143945	0.0020572
185	0.0105191	0
195	0.0168859	0.0020572
205	0.015225	0
215	0.0119031	0.0020572
225	0.0163322	0
235	0.00941179	0
245	0.0132872	0
255	0.0110727	0
265	0.0124568	0
275	0.0143945	0
285	0.0130104	0
295	0.0096886	0
305	0.0096886	0.0020572
315	0.00885815	0
325	0.0063668	0
335	0.0063668	0
345	0.00885815	0
355	0.00553635	0
365	0.00747407	0
375	0.00442908	0
385	0.00498271	0
395	0.00470589	0
405	0.00387544	0
415	0.0016609	0
425	0.00470589	0
435	0.00332181	0
445	0.00498271	0
455	0.00249136	0
465	0.00387544	0
475	0.00387544	0
485	0.0016609	0
495	0.00249136	0
505	0.00304499	0
515	0.000830452	0
525	0.00332181	0
535	0.00193772	0
545	0.00276817	0
555	0.00193772	0
565	0.00110727	0
575	0.00221454	0
585	0.00221454	0
595	0.00110727	0
605	0.000830452	0
615	0	0
625	0.000830452	0
635	0.000553635	0
645	0.000553635	0
655	0.000553635	0
665	0.000276817	0
675	0.000830452	0
685	0.000553635	0
695	0.000276817	0
705	0.000553635	0
715	0	0
725	0.000276817	0
735	0.000276817	0
745	0.000276817	0
755	0	0
765	0	0
775	0	0
785	0.000276817	0
795	0.000276817	0
805	0	0
815	0.000553635	0
825	0	0
835	0.000276817	0
845	0.000276817	0
855	0.000276817	0
865	0	0
875	0	0
885	0	0
895	0	0
905	0	0.0020572
915	0	0
925	0	0.0020572
935	0	0
945	0	0
955	0.000276817	0
965	0	0
975	0	0
985	0	0
995	0.000276817	0
1005	0	0
1015	0	0
1025	0.000276817	0
1035	0	0
1045	0	0
1055	0	0
1065	0.000553635	0
1075	0	0
1085	0	0
1095	0	0
1105	0	0.0020572
1115	0	0
1125	0	0
1135	0	0
1145	0.000276817	0
1155	0	0
1165	0	0.0020572
1175	0	0
1185	0	0
1195	0	0
