FG time = 3605.51	BG time = 544.576
5	0	0
15	0	0
25	0	0
35	0	0
45	0.000554707	0
55	0.00221883	0
65	0.0221883	0.00550887
75	0.0649007	0.0110177
85	0.105672	0.0110177
95	0.136458	0.00367258
105	0.140618	0.00918145
115	0.149494	0.00550887
125	0.160865	0.0110177
135	0.17085	0.00550887
145	0.164193	0.00734516
155	0.182221	0.00734516
165	0.173346	0.00367258
175	0.186382	0.00183629
185	0.181112	0
195	0.195812	0.00367258
205	0.199417	0
215	0.185827	0.00367258
225	0.191651	0.00183629
235	0.186382	0
245	0.201913	0
255	0.186382	0.00367258
265	0.185827	0.00183629
275	0.182221	0
285	0.191651	0
295	0.181389	0.00183629
305	0.186382	0
315	0.182221	0
325	0.187768	0.00183629
335	0.18028	0
345	0.172237	0
355	0.173901	0
365	0.168076	0.00183629
375	0.17501	0
385	0.162252	0.00367258
395	0.157537	0
405	0.163084	0
415	0.158369	0
425	0.15199	0
435	0.15088	0
445	0.125641	0
455	0.139231	0.00183629
465	0.127583	0.00367258
475	0.118707	0.00367258
485	0.118153	0.00183629
495	0.114547	0.00183629
505	0.0976284	0
515	0.0951323	0
525	0.0959643	0.00183629
535	0.0851475	0.00183629
545	0.0920814	0.00183629
555	0.087089	0.00183629
565	0.0734987	0.00183629
575	0.0765496	0.00183629
585	0.0723893	0
595	0.0557481	0
605	0.0590763	0
615	0.0521425	0.00183629
625	0.0521425	0.00183629
635	0.0382748	0
645	0.0379974	0
655	0.0352239	0
665	0.0313409	0.00183629
675	0.0316183	0.00183629
685	0.0241298	0
695	0.0171959	0.00183629
705	0.0163639	0.00367258
715	0.0166412	0
725	0.0152544	0
735	0.013313	0
745	0.00665648	0
755	0.00582442	0.00183629
765	0.00610178	0
775	0.00637913	0.00367258
785	0.00526972	0.00183629
795	0.00194147	0
805	0.00249618	0.00183629
815	0.000554707	0.00183629
825	0.00249618	0.00550887
835	0.00332824	0
845	0.00166412	0.00550887
855	0.000832061	0.00550887
865	0.00194147	0.00183629
875	0.00166412	0.00183629
885	0.00166412	0.00367258
895	0.00138677	0.00550887
905	0.00138677	0.00367258
915	0.00138677	0
925	0.00166412	0.00183629
935	0.000277354	0.00183629
945	0.00110941	0
955	0.00194147	0.00183629
965	0.00194147	0
975	0.00138677	0
985	0.000832061	0.00183629
995	0.00221883	0
1005	0.00249618	0.00183629
1015	0.00166412	0
1025	0.00110941	0.00183629
1035	0.00166412	0
1045	0.00166412	0
1055	0.000832061	0.00183629
1065	0.00166412	0.00367258
1075	0.000554707	0
1085	0.00110941	0
1095	0.00194147	0
1105	0.00249618	0.00183629
1115	0.00138677	0.00183629
1125	0.00194147	0.00183629
1135	0.00110941	0.00183629
1145	0.00194147	0
1155	0.000832061	0
1165	0.00110941	0
1175	0.00194147	0.00183629
1185	0.00110941	0
1195	0.00221883	0.00183629
