FG time = 3604.46	BG time = 485.057
5	0	0
15	0	0
25	0	0
35	0	0
45	0	0
55	0	0
65	0	0
75	0.000277434	0
85	0	0
95	0.000554868	0
105	0.000832302	0.00206161
115	0.00416151	0
125	0.00471638	0.00412322
135	0.00388408	0
145	0.00471638	0
155	0.00443895	0
165	0.00804559	0
175	0.00638098	0.00206161
185	0.00749072	0.00206161
195	0.00471638	0
205	0.00749072	0.00206161
215	0.00554868	0.00206161
225	0.00721329	0
235	0.00693585	0
245	0.00887789	0
255	0.00582612	0.00206161
265	0.00749072	0
275	0.00804559	0
285	0.00499381	0
295	0.00610355	0.00206161
305	0.00499381	0
315	0.00582612	0
325	0.00610355	0
335	0.00443895	0
345	0.00249691	0
355	0.00554868	0
365	0.00443895	0
375	0.00416151	0.00206161
385	0.00471638	0.00618483
395	0.00277434	0.00206161
405	0.00471638	0
415	0.00277434	0
425	0.00277434	0
435	0.00416151	0
445	0.00388408	0
455	0.0016646	0
465	0.00443895	0
475	0.00194204	0
485	0.00194204	0
495	0.00249691	0
505	0.00138717	0
515	0.000554868	0
525	0.00138717	0
535	0.00110974	0
545	0.00110974	0
555	0.000832302	0
565	0.0016646	0
575	0.000832302	0
585	0.000277434	0
595	0.000832302	0.00206161
605	0.00110974	0
615	0.000832302	0
625	0.000277434	0
635	0.000554868	0
645	0.000554868	0
655	0.000554868	0
665	0	0
675	0.00110974	0.00206161
685	0.000554868	0
695	0.000277434	0
705	0.000832302	0
715	0.000277434	0
725	0.000832302	0
735	0.000277434	0
745	0.000277434	0
755	0	0
765	0.000554868	0
775	0	0
785	0	0
795	0	0
805	0.000554868	0
815	0	0
825	0	0
835	0.000277434	0.00206161
845	0.000277434	0
855	0	0
865	0	0
875	0	0
885	0.000554868	0
895	0.000277434	0
905	0.000277434	0
915	0	0
925	0	0
935	0.000554868	0
945	0	0
955	0.000277434	0
965	0	0
975	0.000554868	0
985	0	0
995	0	0
1005	0	0.00206161
1015	0	0
1025	0	0
1035	0	0
1045	0.000277434	0
1055	0	0
1065	0	0
1075	0	0
1085	0	0
1095	0	0
1105	0	0
1115	0	0
1125	0.000277434	0
1135	0	0
1145	0	0
1155	0	0
1165	0	0
1175	0.000277434	0
1185	0	0
1195	0.000554868	0
