FG time = 3003.8	BG time = 602.774
5	0	0
15	0	0
25	0	0
35	0	0
45	0	0
55	0.00932154	0.00331799
65	0.0332912	0.00331799
75	0.0699115	0.00663599
85	0.0962116	0.013272
95	0.107531	0.00829498
105	0.134829	0.00995398
115	0.142153	0.00331799
125	0.167455	0
135	0.1841	0.00663599
145	0.188761	0.00663599
155	0.197417	0.001659
165	0.200413	0.00497699
175	0.220055	0.00331799
185	0.208736	0.001659
195	0.233704	0.00497699
205	0.238365	0
215	0.2367	0.001659
225	0.227379	0
235	0.252347	0.001659
245	0.255344	0
255	0.238698	0.001659
265	0.231041	0.00331799
275	0.24003	0
285	0.24236	0.001659
295	0.233704	0
305	0.247354	0
315	0.237366	0.00497699
325	0.240362	0
335	0.227046	0.001659
345	0.22405	0
355	0.227712	0
365	0.209735	0
375	0.227712	0.001659
385	0.208736	0
395	0.218723	0
405	0.217392	0
415	0.207404	0.001659
425	0.190093	0
435	0.187097	0
445	0.196085	0.001659
455	0.176776	0
465	0.179107	0
475	0.158799	0.001659
485	0.153805	0.001659
495	0.147813	0
505	0.143818	0
515	0.13949	0
525	0.124509	0.001659
535	0.132499	0
545	0.123177	0
555	0.117851	0.00331799
565	0.11319	0.001659
575	0.0952128	0.00331799
585	0.0948799	0.00497699
595	0.0812305	0.00331799
605	0.0762369	0
615	0.0772356	0
625	0.0672482	0.001659
635	0.0595913	0
645	0.056595	0.001659
655	0.052933	0
665	0.0486052	0.00497699
675	0.0402824	0.001659
685	0.0342899	0
695	0.0259671	0.001659
705	0.0299621	0.001659
715	0.0233038	0.001659
725	0.0196418	0.001659
735	0.0173114	0
745	0.014981	0.00331799
755	0.0109861	0
765	0.00998736	0.00331799
775	0.00898863	0.00497699
785	0.00632533	0
795	0.00865571	0.001659
805	0.00532659	0
815	0.0026633	0.00663599
825	0.00332912	0
835	0.00366203	0.001659
845	0.00432786	0.001659
855	0.00133165	0
865	0.00166456	0
875	0.00133165	0
885	0.00233038	0.00331799
895	0.00166456	0.001659
905	0.00299621	0.001659
915	0.00233038	0
925	0.00233038	0.001659
935	0.00133165	0
945	0.00166456	0.00331799
955	0.00133165	0.001659
965	0.00133165	0.001659
975	0.00166456	0.001659
985	0.00133165	0.001659
995	0.000665824	0.001659
1005	0.00432786	0.001659
1015	0.00133165	0.00331799
1025	0.000998736	0.00331799
1035	0.000665824	0
1045	0.000998736	0.001659
1055	0.00233038	0.001659
1065	0.00166456	0.001659
1075	0.00133165	0.001659
1085	0.000998736	0.00497699
1095	0.000998736	0
1105	0.00133165	0.001659
1115	0.00199747	0
1125	0.000998736	0
1135	0.000998736	0
1145	0.000998736	0
1155	0.00199747	0
1165	0.000998736	0.001659
1175	0.000665824	0.001659
1185	0.00133165	0.001659
1195	0.00166456	0
