FG time = 3012.38	BG time = 492.772
5	0	0
15	0	0
25	0	0
35	0	0
45	0	0
55	0	0
65	0	0
75	0	0
85	0	0
95	0.000663926	0
105	0.000663926	0
115	0.00232374	0.00202933
125	0.00298767	0
135	0.0026557	0
145	0.00464748	0
155	0.00730319	0.00202933
165	0.00597533	0
175	0.00597533	0
185	0.00697122	0.00202933
195	0.008963	0
205	0.0063073	0.00202933
215	0.00497944	0
225	0.00497944	0.00405867
235	0.00730319	0
245	0.00331963	0
255	0.00464748	0
265	0.00464748	0.00202933
275	0.00531141	0
285	0.00464748	0
295	0.00365159	0
305	0.00298767	0
315	0.00331963	0
325	0.0026557	0
335	0.00232374	0
345	0.00365159	0
355	0.0026557	0
365	0.00199178	0
375	0.00132785	0
385	0.00199178	0
395	0.000663926	0
405	0.00365159	0
415	0.00232374	0
425	0.00132785	0
435	0.000995889	0
445	0.00165981	0
455	0.00132785	0
465	0.000331963	0
475	0.000995889	0
485	0.000995889	0
495	0.000331963	0
505	0.00132785	0
515	0.00132785	0
525	0.00165981	0
535	0	0
545	0.000995889	0
555	0	0.00202933
565	0.000331963	0
575	0	0
585	0.00132785	0
595	0	0
605	0	0
615	0.000331963	0
625	0.000331963	0
635	0	0
645	0.000331963	0
655	0	0
665	0.000663926	0.00202933
675	0	0
685	0	0
695	0.000663926	0
705	0	0
715	0	0
725	0.000995889	0
735	0.000331963	0
745	0	0
755	0.000663926	0
765	0.000331963	0.00202933
775	0	0
785	0.000663926	0
795	0	0
805	0	0
815	0.000331963	0
825	0	0
835	0	0
845	0	0
855	0	0
865	0	0
875	0.000331963	0
885	0.000331963	0
895	0	0
905	0	0
915	0	0
925	0	0
935	0	0
945	0	0
955	0	0
965	0	0
975	0.000331963	0.00202933
985	0	0
995	0	0
1005	0	0
1015	0	0
1025	0	0
1035	0	0
1045	0	0
1055	0	0
1065	0	0
1075	0	0
1085	0.000663926	0
1095	0	0
1105	0	0
1115	0	0
1125	0	0
1135	0	0
1145	0	0
1155	0	0
1165	0.000331963	0
1175	0	0
1185	0	0
1195	0	0
