FG time = 2472.95	BG time = 494.235
5	0	0
15	0	0
25	0	0
35	0.00202188	0.00202333
45	0.00849188	0.0101166
55	0.0335632	0.0202333
65	0.0594432	0.0202333
75	0.0974545	0.0141633
85	0.0917932	0.00606999
95	0.101903	0.01821
105	0.110394	0.00809332
115	0.111608	0.00606999
125	0.133848	0.01214
135	0.140723	0.00202333
145	0.14234	0.00809332
155	0.150832	0.00606999
165	0.158111	0.00404666
175	0.164581	0.00404666
185	0.169433	0.00404666
195	0.169029	0.00606999
205	0.163368	0.00404666
215	0.163368	0.00606999
225	0.173477	0
235	0.177521	0.00202333
245	0.164581	0
255	0.167007	0
265	0.179543	0.00202333
275	0.157706	0.00202333
285	0.145575	0.00404666
295	0.154067	0
305	0.154876	0
315	0.156089	0.00404666
325	0.137083	0.00202333
335	0.157302	0.00404666
345	0.149619	0.00404666
355	0.150023	0
365	0.136274	0
375	0.141127	0.00202333
385	0.136274	0
395	0.125761	0
405	0.135466	0
415	0.121313	0
425	0.118482	0.00202333
435	0.114034	0.00202333
445	0.126974	0
455	0.131826	0
465	0.110799	0.00202333
475	0.109181	0
485	0.102307	0.00202333
495	0.0946238	0.00202333
505	0.0942195	0
515	0.100689	0.00202333
525	0.0800663	0.00809332
535	0.0800663	0
545	0.0865363	0.00202333
555	0.0731919	0
565	0.0727876	0.00202333
575	0.0638913	0.00404666
585	0.0586344	0.00606999
595	0.0505469	0.00404666
605	0.0533775	0.00202333
615	0.05176	0.00404666
625	0.0363938	0.00202333
635	0.0331588	0
645	0.0347763	0
655	0.0367982	0.00202333
665	0.0327544	0.00202333
675	0.0246669	0
685	0.0238581	0
695	0.0190056	0.00202333
705	0.0157706	0.00202333
715	0.0157706	0
725	0.0125356	0.00404666
735	0.0121313	0.00404666
745	0.00970501	0
755	0.0113225	0
765	0.00566125	0.00202333
775	0.00363938	0
785	0.00647001	0.00809332
795	0.00606563	0.00202333
805	0.00444813	0.00606999
815	0.00202188	0.00606999
825	0.00202188	0.00202333
835	0.003235	0.00606999
845	0.00404375	0
855	0.00202188	0.00202333
865	0.0016175	0.00202333
875	0.00202188	0
885	0.00242625	0.00606999
895	0.003235	0.00202333
905	0.0016175	0.00404666
915	0.0016175	0.00202333
925	0.0016175	0
935	0.00283063	0
945	0.00121313	0.00202333
955	0.00242625	0.00202333
965	0.00121313	0
975	0.0016175	0.00404666
985	0.00121313	0
995	0.000404375	0
1005	0.00202188	0
1015	0.00121313	0
1025	0.00121313	0.00404666
1035	0.0016175	0.00202333
1045	0.00202188	0.00404666
1055	0.003235	0.00404666
1065	0.000808751	0
1075	0.0016175	0
1085	0.000808751	0
1095	0.00121313	0.00404666
1105	0.0016175	0
1115	0.00121313	0
1125	0.00283063	0
1135	0.0016175	0.00202333
1145	0.0016175	0.00202333
1155	0.0016175	0.00202333
1165	0.0016175	0
1175	0.00202188	0.00202333
1185	0.00121313	0
1195	0.00202188	0
