FG time = 3312.88	BG time = 733.218
5	0	0
15	0	0
25	0	0
35	0.00211297	0.00136385
45	0.0132815	0.00409155
55	0.0322982	0.0163662
65	0.0667093	0.0177301
75	0.0953853	0.00954695
85	0.106252	0.0136385
95	0.105346	0.0081831
105	0.134022	0.00954695
115	0.125571	0.00954695
125	0.124363	0.00409155
135	0.140965	0.00954695
145	0.145191	0.0027277
155	0.157567	0.0081831
165	0.166622	0.0027277
175	0.165415	0.0027277
185	0.168434	0.00136385
195	0.177791	0.00409155
205	0.174471	0.00681925
215	0.168132	0.0027277
225	0.166321	0.00136385
235	0.175678	0
245	0.163906	0.00136385
255	0.174772	0
265	0.169641	0.0027277
275	0.173867	0
285	0.178697	0.0027277
295	0.165415	0.0027277
305	0.170245	0.00409155
315	0.164509	0
325	0.163906	0.00136385
335	0.160887	0.00136385
345	0.157567	0
355	0.161793	0.0027277
365	0.150624	0.0027277
375	0.148209	0
385	0.145191	0.0027277
395	0.136739	0
405	0.132211	0
415	0.126174	0
425	0.12708	0
435	0.129495	0.00136385
445	0.126174	0.0054554
455	0.120741	0.0027277
465	0.108063	0.00136385
475	0.112893	0.00136385
485	0.108969	0.00136385
495	0.0944797	0
505	0.0950834	0
515	0.0905557	0.00136385
525	0.087839	0.00136385
535	0.085726	0.00136385
545	0.0772742	0
555	0.0824057	0.00136385
565	0.0658038	0
575	0.0588612	0.0027277
585	0.0639927	0.0027277
595	0.0540315	0.00409155
605	0.0507112	0.0027277
615	0.0482964	0
625	0.0422593	0.00136385
635	0.0398445	0.0054554
645	0.0398445	0.00136385
655	0.028676	0
665	0.0338074	0
675	0.0304871	0.0027277
685	0.0301852	0.0027277
695	0.0144889	0.00409155
705	0.018413	0.00136385
715	0.0144889	0.00136385
725	0.0163	0.0027277
735	0.0105648	0
745	0.0123759	0.00136385
755	0.00905557	0.0027277
765	0.00935742	0.0054554
775	0.00513149	0.0027277
785	0.00543334	0.0027277
795	0.00573519	0
805	0.00452778	0.00409155
815	0.00603704	0.0027277
825	0.00211297	0.0054554
835	0.00452778	0.00136385
845	0.00120741	0
855	0.00271667	0
865	0.00271667	0.0027277
875	0.000905557	0.00136385
885	0.000603704	0.00136385
895	0.000905557	0.00409155
905	0.00271667	0.0027277
915	0.00120741	0
925	0.00181111	0.00136385
935	0.00301852	0.00136385
945	0.00332037	0.00136385
955	0.00211297	0.00136385
965	0.000905557	0
975	0.00241482	0.0027277
985	0.00150926	0.00136385
995	0.00150926	0.00136385
1005	0.00150926	0.00136385
1015	0.000905557	0
1025	0.000905557	0.00136385
1035	0.000905557	0.0027277
1045	0.00120741	0.00136385
1055	0.00120741	0.00136385
1065	0.00211297	0.00136385
1075	0.000603704	0.00136385
1085	0.000603704	0.00136385
1095	0.00120741	0.00136385
1105	0.00120741	0.00136385
1115	0.00211297	0.0054554
1125	0.00181111	0
1135	0.00120741	0
1145	0.00301852	0.0027277
1155	0.00150926	0.00136385
1165	0.00211297	0.0027277
1175	0.000603704	0.00136385
1185	0.00211297	0.0027277
1195	0.00211297	0.00136385
