FG time = 3604.45	BG time = 485.225
5	0	0
15	0	0
25	0	0
35	0	0
45	0	0
55	0.00249691	0
65	0.0260789	0.0103045
75	0.061868	0.0164872
85	0.10487	0.0185481
95	0.134556	0.0061827
105	0.147873	0.0144263
115	0.139272	0.0123654
125	0.155364	0.0103045
135	0.180888	0.0020609
145	0.194482	0.0103045
155	0.191985	0.0082436
165	0.212238	0.0041218
175	0.205579	0.0123654
185	0.228329	0.0041218
195	0.212515	0.0082436
205	0.224167	0.0020609
215	0.21196	0.0103045
225	0.238317	0.0020609
235	0.229994	0.0041218
245	0.24331	0.0061827
255	0.217786	0.0041218
265	0.224445	0.0020609
275	0.231381	0.0020609
285	0.223335	0
295	0.229716	0.0082436
305	0.220283	0.0020609
315	0.227774	0
325	0.222503	0.0103045
335	0.217232	0.0061827
345	0.214457	0.0041218
355	0.215012	0.0020609
365	0.215567	0.0041218
375	0.204192	0.0061827
385	0.200863	0.0041218
395	0.186991	0.0041218
405	0.197256	0.0020609
415	0.176171	0.0020609
425	0.185604	0.0020609
435	0.179223	0.0061827
445	0.169235	0
455	0.161745	0.0020609
465	0.153144	0
475	0.159803	0
485	0.147041	0
495	0.137885	0.0041218
505	0.131227	0.0041218
515	0.131227	0
525	0.135388	0.0041218
535	0.117632	0
545	0.111529	0
555	0.101541	0
565	0.0968248	0.0020609
575	0.0885018	0.0061827
585	0.0837854	0.0020609
595	0.0807336	0
605	0.0826756	0.0020609
615	0.0676941	0.0041218
625	0.0588162	0
635	0.0499383	0.0020609
645	0.0493834	0
655	0.0466091	0
665	0.0388409	0.0082436
675	0.0366214	0.0020609
685	0.0410604	0.0082436
695	0.0269112	0
705	0.025524	0.0041218
715	0.0208076	0.0020609
725	0.0177558	0.0020609
735	0.0169235	0.0041218
745	0.0169235	0.0041218
755	0.01082	0.0123654
765	0.0105425	0.0041218
775	0.00943279	0.0061827
785	0.00971022	0
795	0.00665844	0.0041218
805	0.00665844	0.0041218
815	0.00527126	0.0041218
825	0.00610357	0.0082436
835	0.00388409	0.0041218
845	0.00249691	0
855	0.00499383	0.0061827
865	0.00360665	0.0061827
875	0.00416152	0.0020609
885	0.00221948	0.0020609
895	0.00332922	0.0061827
905	0.00138717	0.0020609
915	0.00221948	0.0041218
925	0.00277435	0.0061827
935	0.00277435	0.0041218
945	0.00194204	0.0020609
955	0.00221948	0.0020609
965	0.00305178	0.0041218
975	0.00277435	0.0041218
985	0.00305178	0.0020609
995	0.00360665	0.0061827
1005	0.00221948	0
1015	0.00471639	0
1025	0.00416152	0.0020609
1035	0.00110974	0.0041218
1045	0.00166461	0.0020609
1055	0.00305178	0.0020609
1065	0.00138717	0
1075	0.00194204	0
1085	0.00221948	0
1095	0.00138717	0.0020609
1105	0.00277435	0.0020609
1115	0.00416152	0
1125	0.00360665	0.0020609
1135	0.00305178	0
1145	0.00138717	0
1155	0.00277435	0.0041218
1165	0.00194204	0.0020609
1175	0.00110974	0
1185	0.00194204	0.0061827
1195	0.000832305	0.0041218
