FG time = 3013.45	BG time = 613.679
5	0	0
15	0	0
25	0	0
35	0	0
45	0	0
55	0	0
65	0	0
75	0	0
85	0.000331845	0
95	0.000331845	0
105	0.00232292	0
115	0.00265476	0.00162952
125	0.00464583	0.00162952
135	0.0066369	0.00325903
145	0.00763244	0
155	0.0036503	0
165	0.00497768	0.00162952
175	0.00862797	0
185	0.00862797	0.00162952
195	0.00630506	0.00162952
205	0.00398214	0
215	0.00564137	0
225	0.00564137	0.00162952
235	0.00597321	0.00162952
245	0.00796428	0
255	0.00464583	0.00162952
265	0.00564137	0
275	0.00530952	0.00325903
285	0.00530952	0
295	0.00398214	0
305	0.00431399	0
315	0.00530952	0
325	0.00331845	0
335	0.00232292	0
345	0.00265476	0
355	0.00331845	0
365	0.00298661	0
375	0.00165923	0
385	0.00265476	0
395	0.00165923	0
405	0.00199107	0
415	0.00165923	0.00162952
425	0.00165923	0
435	0.000995535	0
445	0.00165923	0
455	0.00199107	0
465	0.00199107	0
475	0.000995535	0
485	0.00199107	0
495	0.00132738	0
505	0.000995535	0
515	0.000995535	0
525	0.00199107	0
535	0.00066369	0
545	0.000995535	0
555	0.00066369	0
565	0.000331845	0
575	0.00132738	0
585	0	0
595	0	0
605	0.000331845	0
615	0.000995535	0
625	0.00066369	0
635	0.000995535	0
645	0	0
655	0	0
665	0.000331845	0
675	0	0
685	0	0.00162952
695	0	0
705	0	0
715	0	0.00162952
725	0.000331845	0.00162952
735	0	0
745	0	0
755	0	0
765	0	0
775	0.000331845	0
785	0	0
795	0	0
805	0	0
815	0.000331845	0
825	0.00066369	0
835	0	0
845	0	0
855	0	0
865	0.00066369	0
875	0	0
885	0.000331845	0.00162952
895	0	0
905	0	0
915	0	0
925	0	0
935	0	0
945	0	0
955	0.000331845	0
965	0.000331845	0
975	0	0
985	0	0
995	0.000331845	0
1005	0	0
1015	0	0
1025	0	0
1035	0	0
1045	0	0
1055	0	0
1065	0	0
1075	0	0
1085	0	0
1095	0	0
1105	0	0
1115	0	0
1125	0	0
1135	0	0
1145	0.000331845	0
1155	0	0
1165	0.000331845	0
1175	0	0
1185	0	0
1195	0	0
