FG time = 1516.38	BG time = 313.922
5	0	0
15	0	0
25	0	0
35	0	0
45	0.00263787	0.00637101
55	0.00857307	0.0031855
65	0.0382491	0.00955651
75	0.0705629	0.0159275
85	0.0883685	0.00637101
95	0.100239	0.0031855
105	0.108812	0.00637101
115	0.118045	0.00637101
125	0.126618	0.0031855
135	0.141126	0.0031855
145	0.139807	0
155	0.141126	0.00955651
165	0.154315	0.00637101
175	0.152337	0.00637101
185	0.153656	0.0031855
195	0.166845	0.0031855
205	0.137829	0
215	0.177397	0
225	0.156953	0.0031855
235	0.156294	0
245	0.163548	0.0031855
255	0.152337	0.0031855
265	0.18531	0
275	0.167505	0
285	0.158272	0
295	0.162888	0
305	0.154315	0
315	0.164867	0.00637101
325	0.16091	0.0031855
335	0.141785	0
345	0.156294	0
355	0.139807	0
365	0.141785	0
375	0.127277	0
385	0.137169	0
395	0.131234	0
405	0.116726	0
415	0.114088	0
425	0.125299	0.0031855
435	0.139147	0
445	0.0982605	0.0031855
455	0.112109	0
465	0.0969416	0.0031855
475	0.100239	0
485	0.0896875	0
495	0.0857307	0
505	0.0837523	0
515	0.0870496	0.0031855
525	0.0943037	0.0031855
535	0.0659467	0.0031855
545	0.0699035	0.0031855
555	0.0646277	0
565	0.0679251	0
575	0.0600115	0
585	0.0580331	0
595	0.0474816	0.0031855
605	0.0389085	0.0031855
615	0.0422059	0
625	0.0428653	0
635	0.0422059	0.0031855
645	0.0369301	0
655	0.0349517	0.0031855
665	0.0204435	0.0031855
675	0.0290165	0
685	0.0191245	0.0031855
695	0.0204435	0
705	0.0164867	0.0031855
715	0.0125299	0
725	0.0138488	0
735	0.0151677	0
745	0.0118704	0
755	0.0059352	0
765	0.00659467	0
775	0.0039568	0
785	0.00527573	0
795	0.00527573	0.0031855
805	0.00329733	0
815	0.0019784	0.0031855
825	0.0019784	0
835	0.00263787	0
845	0.00263787	0
855	0.00131893	0
865	0.00263787	0.0031855
875	0.00263787	0
885	0.00131893	0
895	0.00131893	0
905	0.00263787	0
915	0.0019784	0
925	0.00131893	0
935	0.00131893	0
945	0.000659467	0
955	0.000659467	0
965	0.00263787	0.0031855
975	0.00131893	0
985	0.00131893	0
995	0.0019784	0
1005	0.000659467	0.0031855
1015	0.00131893	0
1025	0	0.0031855
1035	0.00131893	0.0031855
1045	0.0019784	0
1055	0.000659467	0
1065	0.00263787	0
1075	0.0019784	0
1085	0.000659467	0
1095	0	0
1105	0.00131893	0.00637101
1115	0.0019784	0
1125	0.0019784	0
1135	0.000659467	0
1145	0.0019784	0
1155	0.00131893	0
1165	0.0019784	0
1175	0.00131893	0
1185	0.0019784	0.0031855
1195	0.00329733	0.0031855
