FG time = 2408.83	BG time = 365.329
5	0	0
15	0	0
25	0	0
35	0	0
45	0	0
55	0.00332112	0
65	0.0228327	0.010949
75	0.0531379	0
85	0.0946519	0.00547452
95	0.10337	0
105	0.143638	0.010949
115	0.145299	0.00821178
125	0.168962	0.00821178
135	0.16315	0.010949
145	0.193455	0
155	0.19304	0.00821178
165	0.211721	0
175	0.211721	0.00547452
185	0.227497	0.00273726
195	0.241611	0
205	0.245763	0.00273726
215	0.234554	0.00273726
225	0.23663	0.00273726
235	0.248254	0.00273726
245	0.256556	0
255	0.257802	0.00273726
265	0.253235	0.00273726
275	0.253235	0.00273726
285	0.233724	0
295	0.253235	0
305	0.256556	0
315	0.261123	0
325	0.234969	0.00547452
335	0.233309	0
345	0.247838	0
355	0.234554	0
365	0.226666	0.00273726
375	0.224591	0.00273726
385	0.218363	0.00273726
395	0.222515	0
405	0.209646	0
415	0.210476	0
425	0.200097	0.00273726
435	0.196361	0
445	0.195116	0
455	0.174774	0
465	0.161904	0
475	0.16232	0
485	0.167301	0.00273726
495	0.170207	0
505	0.146959	0.00547452
515	0.145299	0
525	0.126202	0
535	0.13492	0
545	0.123712	0
555	0.115409	0.00273726
565	0.104615	0
575	0.0988033	0.00547452
585	0.0846885	0.00273726
595	0.089255	0.00273726
605	0.0805371	0.00273726
615	0.0726494	0.00273726
625	0.0668375	0
635	0.0614407	0
645	0.0498168	0.00273726
655	0.0523076	0.00547452
665	0.0489865	0.00273726
675	0.0381929	0.00273726
685	0.0365323	0.00273726
695	0.0365323	0.00273726
705	0.0294749	0.00547452
715	0.0203418	0.00273726
725	0.0174359	0
735	0.0124542	0.00273726
745	0.0136996	0
755	0.0120391	0.00273726
765	0.0116239	0
775	0.00871793	0.00273726
785	0.00705738	0
795	0.00705738	0.00273726
805	0.00830279	0.00273726
815	0.00290598	0.00273726
825	0.000830279	0
835	0.00539682	0.00821178
845	0.00373626	0.00273726
855	0.00373626	0
865	0.00124542	0.00547452
875	0.0020757	0
885	0.00332112	0.00273726
895	0.00290598	0.00273726
905	0.00290598	0
915	0.00124542	0
925	0.00124542	0
935	0.0020757	0.00273726
945	0.00290598	0.00273726
955	0.000830279	0.00273726
965	0.00332112	0
975	0.00249084	0.00273726
985	0.00166056	0.00273726
995	0.00290598	0
1005	0.00373626	0.00273726
1015	0.0020757	0
1025	0.00166056	0.00547452
1035	0.00498168	0
1045	0.000830279	0
1055	0.0020757	0.00821178
1065	0.00249084	0
1075	0.00249084	0
1085	0.000830279	0.0136863
1095	0.00249084	0.00273726
1105	0.00124542	0.00273726
1115	0.000830279	0.00273726
1125	0.00290598	0.00273726
1135	0.00124542	0
1145	0.00290598	0.00273726
1155	0.00332112	0.00273726
1165	0.00373626	0
1175	0.00041514	0.00273726
1185	0.00124542	0.00273726
1195	0.00373626	0
