FG time = 3312.37	BG time = 612.823
5	0	0
15	0	0
25	0	0
35	0.000301898	0
45	0.000603797	0
55	0.00694366	0.00326358
65	0.0434734	0.00979075
75	0.0972113	0.0146861
85	0.11774	0.00652717
95	0.137364	0.00326358
105	0.155478	0.00326358
115	0.158195	0.00815896
125	0.16695	0.00652717
135	0.179931	0.00326358
145	0.172082	0.00326358
155	0.191705	0
165	0.196536	0.00163179
175	0.191102	0.00163179
185	0.197442	0.00163179
195	0.216763	0.00163179
205	0.214348	0.00979075
215	0.195026	0.00163179
225	0.203781	0.00815896
235	0.204989	0.00489537
245	0.191404	0.00326358
255	0.190498	0.00326358
265	0.204989	0.00489537
275	0.201064	0.00163179
285	0.191705	0.00326358
295	0.192309	0.00163179
305	0.189894	0
315	0.19714	0.00163179
325	0.191102	0.00815896
335	0.183252	0
345	0.184762	0
355	0.176309	0.00326358
365	0.176007	0.00326358
375	0.175101	0.00163179
385	0.165742	0.00326358
395	0.158195	0.00326358
405	0.156987	0.00163179
415	0.161818	0
425	0.149138	0
435	0.144307	0.00326358
445	0.148836	0.00326358
455	0.137968	0
465	0.124684	0.00326358
475	0.134345	0
485	0.11774	0
495	0.116835	0.00163179
505	0.10657	0
515	0.105664	0
525	0.0972113	0
535	0.0872486	0.00326358
545	0.0824182	0.00326358
555	0.0869467	0.00163179
565	0.0736632	0
575	0.0718518	0
585	0.0700404	0
595	0.0633986	0.00326358
605	0.0492094	0.00163179
615	0.0579645	0
625	0.0516246	0.00489537
635	0.0341145	0
645	0.0374354	0
655	0.0404544	0.00489537
665	0.0341145	0
675	0.0271708	0.00163179
685	0.0250576	0
695	0.0241519	0
705	0.0220386	0.00652717
715	0.0153968	0
725	0.0150949	0
735	0.0108683	0.00489537
745	0.0123778	0.00163179
755	0.011774	0.00489537
765	0.0108683	0.00326358
775	0.00815125	0.00163179
785	0.00694366	0.00163179
795	0.00573607	0.00489537
805	0.00301898	0.00326358
815	0.00392468	0
825	0.00392468	0
835	0.00301898	0.00326358
845	0.00271708	0.00326358
855	0.00392468	0
865	0.00150949	0.00326358
875	0.00332088	0.00163179
885	0.000905695	0.00489537
895	0.00181139	0.00163179
905	0.00150949	0.00163179
915	0.00181139	0.00163179
925	0.00332088	0
935	0.00181139	0
945	0.00120759	0
955	0.000905695	0
965	0.00181139	0.00163179
975	0.00332088	0
985	0.00301898	0.00163179
995	0.00301898	0.00163179
1005	0.00211329	0.00163179
1015	0.000905695	0.00163179
1025	0.00120759	0.00163179
1035	0.00181139	0
1045	0.00120759	0.00163179
1055	0.000905695	0.00326358
1065	0.00120759	0.00489537
1075	0.000301898	0
1085	0.00181139	0.00489537
1095	0.000603797	0.00326358
1105	0.00271708	0.00489537
1115	0.00120759	0.00489537
1125	0.00181139	0.00163179
1135	0.00181139	0.00326358
1145	0.00150949	0.00489537
1155	0.00150949	0.00163179
1165	0.000905695	0.00163179
1175	0.00120759	0.00326358
1185	0.00181139	0.00652717
1195	0.00211329	0.00326358
