FG time = 1954.02	BG time = 344.641
5	0	0
15	0	0
25	0	0
35	0	0
45	0	0
55	0	0
65	0	0
75	0	0
85	0	0
95	0.000511764	0
105	0.00153529	0
115	0.00102353	0
125	0.00153529	0
135	0.00460588	0
145	0.00511764	0.00290157
155	0.00409411	0.00580314
165	0.00665294	0
175	0.00562941	0.00290157
185	0.00614117	0.00290157
195	0.00818823	0
205	0.00614117	0
215	0.00767646	0
225	0.00562941	0
235	0.00869999	0
245	0.00460588	0
255	0.00869999	0
265	0.00972352	0
275	0.00869999	0
285	0.00818823	0
295	0.00614117	0
305	0.00204706	0
315	0.00358235	0
325	0.00460588	0
335	0.00153529	0
345	0.0071647	0
355	0.00255882	0
365	0.00204706	0
375	0.00358235	0
385	0.00409411	0
395	0.00460588	0
405	0.00460588	0
415	0.00204706	0
425	0.00460588	0
435	0.00358235	0
445	0.00255882	0
455	0.00358235	0
465	0.00409411	0
475	0.000511764	0
485	0.00307059	0
495	0.00102353	0
505	0.00204706	0
515	0.00153529	0
525	0.00153529	0
535	0.00153529	0
545	0	0
555	0.00153529	0
565	0.00102353	0
575	0.000511764	0
585	0.000511764	0
595	0.00102353	0
605	0	0
615	0.000511764	0
625	0.00102353	0
635	0	0
645	0	0
655	0.000511764	0
665	0.000511764	0
675	0.00102353	0
685	0.000511764	0
695	0	0
705	0	0
715	0	0.00290157
725	0.000511764	0.00290157
735	0	0
745	0.000511764	0
755	0	0
765	0	0
775	0	0
785	0.000511764	0
795	0	0
805	0.000511764	0
815	0.00102353	0
825	0.000511764	0
835	0	0
845	0.000511764	0
855	0	0
865	0	0
875	0	0
885	0	0
895	0	0
905	0.000511764	0
915	0	0
925	0	0
935	0	0
945	0	0
955	0	0.00290157
965	0.000511764	0
975	0	0
985	0	0
995	0.000511764	0
1005	0	0
1015	0	0
1025	0	0
1035	0	0
1045	0.000511764	0
1055	0.000511764	0
1065	0.000511764	0
1075	0	0
1085	0	0
1095	0	0
1105	0	0
1115	0	0
1125	0	0
1135	0.000511764	0
1145	0	0
1155	0	0
1165	0	0
1175	0	0
1185	0	0
1195	0	0
