FG time = 2963.49	BG time = 734.623
5	0	0
15	0	0
25	0	0
35	0	0
45	0	0
55	0	0
65	0	0
75	0	0
85	0	0
95	0	0
105	0	0
115	0	0
125	0.00033744	0.00136124
135	0.00101232	0
145	0.00134976	0
155	0.00101232	0
165	0.00236208	0
175	0.00236208	0
185	0.00269952	0.00272249
195	0.00371184	0
205	0.00236208	0
215	0.00404928	0
225	0.00202464	0.00136124
235	0.00438672	0
245	0.00742368	0.00136124
255	0.0050616	0
265	0.00641136	0
275	0.00573648	0.00272249
285	0.0033744	0
295	0.00404928	0.00136124
305	0.00539904	0
315	0.00809856	0.00136124
325	0.0067488	0.00136124
335	0.00607392	0
345	0.00776112	0
355	0.00438672	0
365	0.00269952	0.00272249
375	0.00607392	0
385	0.0033744	0.00136124
395	0.00472416	0
405	0.00438672	0.00272249
415	0.00236208	0
425	0.00404928	0.00136124
435	0.00438672	0
445	0.00641136	0.00136124
455	0.00539904	0.00136124
465	0.0033744	0.00136124
475	0.00303696	0.00136124
485	0.00371184	0.00136124
495	0.00438672	0
505	0.00303696	0.00136124
515	0.0033744	0
525	0.00303696	0
535	0.00371184	0.00136124
545	0.00236208	0.00136124
555	0.0016872	0.00272249
565	0.00472416	0.00136124
575	0.00236208	0.00136124
585	0.00101232	0
595	0.00134976	0.00136124
605	0.00134976	0.00136124
615	0.00236208	0
625	0.00236208	0.00136124
635	0.00134976	0
645	0.00202464	0.00544497
655	0.00033744	0
665	0.00067488	0.00136124
675	0.00033744	0
685	0.00067488	0
695	0.0016872	0
705	0.00101232	0.00136124
715	0.0016872	0.00272249
725	0.00236208	0
735	0.00067488	0
745	0.00067488	0
755	0.00101232	0
765	0.00033744	0
775	0.00101232	0.00136124
785	0.00236208	0
795	0.00067488	0
805	0.00101232	0
815	0.00101232	0.00136124
825	0.00067488	0.00272249
835	0.00067488	0
845	0.00101232	0
855	0.00033744	0.00136124
865	0.00101232	0
875	0.00134976	0.00136124
885	0.00067488	0
895	0.00101232	0.00272249
905	0.00067488	0.00136124
915	0.00067488	0
925	0.00067488	0
935	0.00067488	0
945	0	0
955	0.00033744	0.00136124
965	0.00134976	0
975	0.00134976	0
985	0.00067488	0
995	0.00067488	0
1005	0.00033744	0
1015	0.00134976	0.00136124
1025	0.00202464	0
1035	0.00101232	0
1045	0.00033744	0.00136124
1055	0.00033744	0.00272249
1065	0.00067488	0.00408373
1075	0.00101232	0.00408373
1085	0	0
1095	0.00101232	0
1105	0.00202464	0.00272249
1115	0.00067488	0
1125	0.00067488	0
1135	0.00067488	0
1145	0.00067488	0.00136124
1155	0.00067488	0.00136124
1165	0.00101232	0
1175	0.00033744	0
1185	0.0016872	0.00272249
1195	0.00101232	0
