FG time = 3091.75	BG time = 614.271
5	0	0
15	0	0
25	0	0
35	0	0
45	0	0
55	0	0
65	0	0.00162794
75	0.000323442	0
85	0.00129377	0
95	0.00226409	0
105	0.00355786	0
115	0.00420474	0
125	0.00679228	0
135	0.0100267	0.00325589
145	0.00937981	0.00162794
155	0.00517507	0.00162794
165	0.00937981	0
175	0.0106736	0
185	0.0100267	0
195	0.0122908	0
205	0.00905637	0
215	0.00970326	0.00162794
225	0.0103501	0
235	0.00873293	0.00162794
245	0.00970326	0
255	0.00743916	0.00325589
265	0.00549851	0
275	0.00582195	0
285	0.00743916	0
295	0.00485163	0
305	0.0061454	0.00162794
315	0.00679228	0.00162794
325	0.00711572	0.00162794
335	0.00679228	0
345	0.00711572	0
355	0.00452819	0
365	0.00517507	0.00325589
375	0.00291098	0
385	0.00420474	0
395	0.00420474	0
405	0.00194065	0
415	0.00291098	0
425	0.00420474	0
435	0.00355786	0.00325589
445	0.00582195	0
455	0.00258754	0.00162794
465	0.00258754	0
475	0.00226409	0
485	0.00194065	0.00162794
495	0.00323442	0
505	0.00226409	0
515	0.00291098	0
525	0.00226409	0.00162794
535	0.00226409	0
545	0.00129377	0
555	0.00194065	0
565	0.00129377	0
575	0.00129377	0
585	0.000646884	0
595	0.000323442	0
605	0.00226409	0
615	0.000970326	0
625	0.000323442	0.00162794
635	0.000646884	0
645	0.00129377	0
655	0.000646884	0
665	0	0
675	0	0
685	0.000970326	0
695	0	0
705	0.000323442	0
715	0	0
725	0.000646884	0
735	0.000970326	0
745	0.000646884	0
755	0	0
765	0.000323442	0
775	0.000323442	0
785	0.000323442	0
795	0	0
805	0.000323442	0
815	0	0
825	0.000646884	0
835	0.000323442	0
845	0	0
855	0	0
865	0	0
875	0	0
885	0	0
895	0.000323442	0
905	0	0
915	0	0.00162794
925	0	0
935	0	0
945	0	0
955	0.000323442	0
965	0.000323442	0
975	0	0
985	0	0
995	0.000323442	0
1005	0	0
1015	0	0
1025	0.000323442	0
1035	0	0
1045	0	0
1055	0	0
1065	0	0
1075	0	0
1085	0	0
1095	0.000323442	0
1105	0	0
1115	0	0
1125	0	0
1135	0	0
1145	0	0
1155	0.000323442	0
1165	0	0
1175	0	0
1185	0.000323442	0
1195	0	0
