FG time = 3611.17	BG time = 486.145
5	0	0
15	0	0
25	0	0
35	0	0
45	0.000276918	0
55	0.00387685	0
65	0.0343379	0.004114
75	0.103844	0.00822801
85	0.182766	0.004114
95	0.232334	0.010285
105	0.251996	0.014399
115	0.266118	0.006171
125	0.274426	0.002057
135	0.282733	0.006171
145	0.293533	0.004114
155	0.312918	0.004114
165	0.299625	0
175	0.320671	0.010285
185	0.324825	0.002057
195	0.321225	0
205	0.338948	0.006171
215	0.324548	0
225	0.328702	0.002057
235	0.324825	0.002057
245	0.334517	0.004114
255	0.339225	0.004114
265	0.32704	0.004114
275	0.328425	0.002057
285	0.316241	0.002057
295	0.316241	0.002057
305	0.320394	0.002057
315	0.332579	0
325	0.299902	0.002057
335	0.305441	0
345	0.312918	0
355	0.300456	0
365	0.304333	0
375	0.278857	0.002057
385	0.276087	0.002057
395	0.284118	0.002057
405	0.263072	0.002057
415	0.250334	0
425	0.258365	0
435	0.251996	0.002057
445	0.239534	0
455	0.219596	0
465	0.209904	0.002057
475	0.213781	0.002057
485	0.201596	0
495	0.191627	0
505	0.185812	0.002057
515	0.183043	0.00822801
525	0.166151	0
535	0.157843	0.00822801
545	0.160336	0
555	0.133198	0.002057
565	0.140398	0.002057
575	0.115198	0.004114
585	0.111875	0
595	0.101352	0.002057
605	0.0988598	0.00822801
615	0.0941522	0
625	0.0908292	0.002057
635	0.071168	0.004114
645	0.0650758	0.002057
655	0.0551067	0.002057
665	0.0509529	0
675	0.0523375	0
685	0.0404301	0
695	0.0365532	0
705	0.0296302	0
715	0.0285226	0.004114
725	0.0199381	0
735	0.0177228	0.002057
745	0.0138459	0
755	0.0152305	0.002057
765	0.00830755	0.002057
775	0.00830755	0
785	0.00498453	0.002057
795	0.00553836	0
805	0.00498453	0
815	0.00332302	0.002057
825	0.00415377	0.004114
835	0.00387685	0.002057
845	0.00138459	0
855	0.00166151	0
865	0.00221535	0.004114
875	0.00110767	0
885	0.00110767	0
895	0.00359994	0.002057
905	0.00166151	0.002057
915	0.00138459	0.002057
925	0.00193843	0.002057
935	0.000830755	0.002057
945	0.00193843	0.004114
955	0.00138459	0
965	0.00193843	0
975	0.00110767	0.002057
985	0.000553836	0.004114
995	0.00249226	0.004114
1005	0.000830755	0
1015	0.00166151	0.002057
1025	0.000830755	0
1035	0.00166151	0
1045	0.00110767	0
1055	0.00110767	0
1065	0.00166151	0.002057
1075	0.00276918	0
1085	0.000553836	0.002057
1095	0.00138459	0
1105	0.00138459	0
1115	0.000830755	0.004114
1125	0.000553836	0
1135	0.000830755	0.002057
1145	0.00138459	0.004114
1155	0.000830755	0
1165	0.00166151	0.002057
1175	0.000830755	0
1185	0.00138459	0
1195	0.000830755	0.002057
