FG time = 3611.62	BG time = 545.781
5	0	0
15	0	0
25	0	0
35	0	0
45	0.000830653	0
55	0.0135673	0.00366448
65	0.050393	0.00183224
75	0.0908181	0.0109934
85	0.121829	0.0164901
95	0.125429	0.00366448
105	0.124044	0.00366448
115	0.143703	0
125	0.158655	0.00183224
135	0.1653	0.00732895
145	0.169453	0.00183224
155	0.161147	0.00732895
165	0.1653	0.00732895
175	0.177206	0.00366448
185	0.178314	0.00183224
195	0.176375	0.00549671
205	0.183297	0.00549671
215	0.183021	0
225	0.170838	0.00183224
235	0.176375	0
245	0.182744	0.00366448
255	0.178314	0.00183224
265	0.173883	0.00183224
275	0.185789	0.00183224
285	0.17776	0.00366448
295	0.181636	0
305	0.182467	0.00183224
315	0.17333	0.00183224
325	0.180252	0
335	0.172776	0.00183224
345	0.175268	0.00183224
355	0.158932	0.00366448
365	0.163916	0
375	0.1653	0
385	0.158932	0.00183224
395	0.150902	0.00366448
405	0.137888	0.00183224
415	0.148964	0
425	0.142872	0
435	0.143149	0.00366448
445	0.13512	0.00183224
455	0.122937	0
465	0.135673	0.00366448
475	0.118507	0
485	0.109369	0.00366448
495	0.109092	0
505	0.100509	0
515	0.0977402	0
525	0.095802	0.00183224
535	0.0847266	0
545	0.0789121	0.00549671
555	0.0786352	0.00549671
565	0.0722668	0
575	0.0703286	0
585	0.0639603	0
595	0.0595302	0.00366448
605	0.0531618	0
615	0.0476241	0
625	0.0473472	0.00183224
635	0.0418095	0.00183224
645	0.0362719	0.00366448
655	0.0307342	0
665	0.0246427	0.00366448
675	0.0243658	0.00366448
685	0.0235352	0.00183224
695	0.0199357	0
705	0.0163362	0.00183224
715	0.0127367	0
725	0.00747588	0.00183224
735	0.0113523	0
745	0.00941407	0.00183224
755	0.0052608	0
765	0.00747588	0
775	0.00498392	0.00183224
785	0.0052608	0.00183224
795	0.00304573	0.00183224
805	0.00276884	0.00183224
815	0.00332261	0.00183224
825	0.00276884	0.00183224
835	0.00332261	0.00366448
845	0.00166131	0.00732895
855	0.00110754	0.00366448
865	0.00193819	0.00183224
875	0.00138442	0.00549671
885	0.00110754	0.00183224
895	0.00249196	0.00183224
905	0.000553769	0
915	0.00193819	0.00366448
925	0.00166131	0.00183224
935	0.00138442	0.00183224
945	0.00193819	0.00183224
955	0.00138442	0.00183224
965	0.00221508	0.00183224
975	0.00138442	0.00183224
985	0.00110754	0.00183224
995	0.000830653	0.00366448
1005	0.00138442	0.00366448
1015	0.00193819	0.00183224
1025	0.00193819	0.00183224
1035	0.00249196	0
1045	0.000830653	0
1055	0.00166131	0
1065	0.00110754	0.00366448
1075	0.00138442	0
1085	0.000553769	0.00183224
1095	0.00304573	0.00366448
1105	0.00276884	0
1115	0.000830653	0.00183224
1125	0.00138442	0.00366448
1135	0.00138442	0
1145	0.00110754	0
1155	0.00138442	0.00183224
1165	0.00304573	0.00183224
1175	0.000830653	0
1185	0.00138442	0.00183224
1195	0.00276884	0
