FG time = 3030.7	BG time = 485.529
5	0	0
15	0	0
25	0	0
35	0	0
45	0	0
55	0	0
65	0	0
75	0	0
85	0	0
95	0	0
105	0	0
115	0	0
125	0.000329957	0
135	0.000329957	0
145	0	0
155	0.00164979	0
165	0.00263966	0
175	0.00329957	0
185	0.00362953	0
195	0.00362953	0.00205961
205	0.00494936	0
215	0.00593923	0.00205961
225	0.0069291	0
235	0.00494936	0
245	0.00362953	0
255	0.00362953	0
265	0.00791897	0
275	0.00989872	0
285	0.00725906	0
295	0.00593923	0
305	0.00758902	0
315	0.00890884	0
325	0.00362953	0
335	0.00527932	0
345	0.00626919	0.00205961
355	0.0069291	0
365	0.00956876	0.00205961
375	0.00527932	0
385	0.0069291	0
395	0.00659914	0
405	0.00593923	0
415	0.00758902	0
425	0.00593923	0
435	0.00626919	0
445	0.00197974	0
455	0.00362953	0
465	0.0046194	0.00205961
475	0.00527932	0
485	0.00626919	0.00205961
495	0.00527932	0.00411922
505	0.00395949	0
515	0.00263966	0.00205961
525	0.00329957	0
535	0.00494936	0
545	0.00395949	0
555	0.0069291	0
565	0.00362953	0.00205961
575	0.00296961	0
585	0.00329957	0.00205961
595	0.00263966	0
605	0.00131983	0
615	0.00131983	0
625	0.00296961	0
635	0.00197974	0
645	0.00263966	0.00205961
655	0.000989872	0
665	0.00131983	0.00411922
675	0.00131983	0.00205961
685	0.000659914	0.00205961
695	0.000989872	0
705	0.000659914	0
715	0.00164979	0.00411922
725	0.000659914	0
735	0.000989872	0.00411922
745	0.000659914	0.00205961
755	0.000989872	0.00617883
765	0.000989872	0
775	0.000659914	0.00411922
785	0	0
795	0	0
805	0.000329957	0.00205961
815	0.000329957	0
825	0.000329957	0
835	0.000989872	0
845	0.00164979	0.00205961
855	0.000989872	0
865	0.000989872	0
875	0.00164979	0.00205961
885	0.000659914	0
895	0.000659914	0.00205961
905	0.000329957	0.00205961
915	0.0023097	0
925	0.000659914	0
935	0	0
945	0	0.00205961
955	0.000659914	0.00205961
965	0	0.00205961
975	0.00131983	0
985	0.000989872	0
995	0.000659914	0
1005	0.000659914	0
1015	0.000659914	0
1025	0.000659914	0
1035	0.000329957	0
1045	0.00164979	0
1055	0.00164979	0
1065	0	0
1075	0.000659914	0
1085	0.000329957	0
1095	0.000659914	0.00205961
1105	0.000989872	0
1115	0	0
1125	0.000329957	0.00205961
1135	0.000659914	0
1145	0.000659914	0
1155	0.000989872	0.00411922
1165	0.000989872	0
1175	0.000659914	0.00205961
1185	0	0
1195	0.000329957	0.00205961
