FG time = 2718.62	BG time = 494.802
5	0	0
15	0	0
25	0	0
35	0	0
45	0.002207	0.00202101
55	0.00735668	0.00202101
65	0.0345764	0.0161681
75	0.0555429	0.00202101
85	0.0768773	0.0141471
95	0.0912228	0.0101051
105	0.0963725	0.0161681
115	0.120649	0.0101051
125	0.111086	0.00606304
135	0.128374	0.00404202
145	0.124696	0.0101051
155	0.126535	0.00404202
165	0.131685	0.00404202
175	0.131685	0.00606304
185	0.141616	0.00404202
195	0.148605	0.00404202
205	0.136466	0
215	0.145662	0.0101051
225	0.143087	0.00404202
235	0.14088	0.00202101
245	0.141248	0.00404202
255	0.128374	0.00404202
265	0.147501	0.00202101
275	0.144191	0.00404202
285	0.156329	0.00606304
295	0.132788	0.00202101
305	0.139777	0.00606304
315	0.127638	0.00606304
325	0.131685	0.00202101
335	0.130213	0.00404202
345	0.13757	0.00202101
355	0.13242	0.00404202
365	0.126903	0.00808405
375	0.119914	0.00202101
385	0.126167	0.00404202
395	0.128374	0.00404202
405	0.116603	0.00202101
415	0.116235	0.00404202
425	0.104465	0
435	0.105936	0.0101051
445	0.104465	0.00202101
455	0.0956368	0.00404202
465	0.102626	0.00404202
475	0.0823948	0
485	0.0882801	0.00606304
495	0.0882801	0.00202101
505	0.0919585	0
515	0.0735668	0.00202101
525	0.0680493	0.00404202
535	0.0647388	0
545	0.0610604	0.00202101
555	0.0588534	0
565	0.0537037	0.00202101
575	0.0467149	0.00606304
585	0.0434044	0
595	0.0445079	0
605	0.0456114	0.00202101
615	0.0382547	0.00202101
625	0.035312	0
635	0.0312659	0
645	0.0246449	0.00404202
655	0.0279554	0.00202101
665	0.0235414	0.00808405
675	0.0224379	0.00202101
685	0.0187595	0.00202101
695	0.0183917	0.00202101
705	0.0143455	0
715	0.0147134	0.00202101
725	0.00919585	0.00404202
735	0.00698884	0.00404202
745	0.00735668	0.00202101
755	0.00846018	0.00202101
765	0.00514967	0.00808405
775	0.00588534	0.00606304
785	0.00551751	0
795	0.00478184	0.00404202
805	0.00588534	0.00404202
815	0.00257484	0.00202101
825	0.00441401	0
835	0.00147134	0.00404202
845	0.0033105	0.00202101
855	0.00294267	0
865	0.0033105	0
875	0.00257484	0.00606304
885	0.00404617	0.00404202
895	0.00367834	0.00404202
905	0.0033105	0.00202101
915	0.002207	0
925	0.00183917	0.00202101
935	0.00294267	0.00404202
945	0.0033105	0
955	0.00183917	0.00606304
965	0.00514967	0
975	0.00294267	0.00202101
985	0.00147134	0.00202101
995	0.00257484	0
1005	0.000735668	0.00404202
1015	0.00147134	0.00404202
1025	0.00257484	0.00404202
1035	0.00147134	0.00202101
1045	0.0011035	0.00202101
1055	0.00147134	0.00202101
1065	0.00183917	0.00404202
1075	0.00183917	0
1085	0.00183917	0
1095	0.002207	0.00606304
1105	0.00147134	0.00404202
1115	0.00441401	0
1125	0.002207	0
1135	0.00367834	0
1145	0.002207	0.00404202
1155	0.00147134	0
1165	0.00257484	0.00202101
1175	0.000735668	0
1185	0.00257484	0.00404202
1195	0.002207	0.00606304
