FG time = 3004.35	BG time = 425.138
5	0	0
15	0	0
25	0	0
35	0	0
45	0	0
55	0	0
65	0	0
75	0.000332851	0
85	0.000665702	0
95	0.000998553	0
105	0.00232996	0.00235218
115	0.00366136	0
125	0.00732272	0
135	0.00832127	0
145	0.00865412	0
155	0.013314	0.00235218
165	0.0109841	0.00235218
175	0.0146454	0
185	0.0139797	0
195	0.0116498	0.00235218
205	0.0103184	0.00235218
215	0.00931982	0.00235218
225	0.00931982	0
235	0.0116498	0
245	0.00931982	0.00235218
255	0.0123155	0
265	0.0106512	0
275	0.00665702	0
285	0.00998553	0.00235218
295	0.00798842	0
305	0.00698987	0
315	0.00765557	0
325	0.00798842	0
335	0.00832127	0
345	0.00532561	0
355	0.00698987	0.00235218
365	0.00599132	0
375	0.00366136	0
385	0.00632417	0
395	0.00599132	0
405	0.00366136	0.00235218
415	0.00266281	0
425	0.00499276	0
435	0.00332851	0
445	0.00332851	0
455	0.00232996	0
465	0.00232996	0
475	0.00232996	0
485	0.00299566	0
495	0.0013314	0
505	0.000998553	0
515	0.000332851	0
525	0.00266281	0
535	0.00232996	0
545	0.00199711	0
555	0.0013314	0
565	0.000998553	0
575	0.000665702	0
585	0.000332851	0
595	0.000665702	0
605	0	0
615	0.000998553	0
625	0.000332851	0
635	0.000332851	0
645	0.000665702	0
655	0.000332851	0
665	0	0
675	0.000998553	0
685	0.000332851	0
695	0	0
705	0.000332851	0
715	0.000332851	0.00235218
725	0	0
735	0	0
745	0.000665702	0
755	0	0
765	0	0
775	0.000332851	0
785	0.000332851	0
795	0.000332851	0
805	0	0
815	0.000332851	0
825	0.000332851	0
835	0	0
845	0.000332851	0
855	0.000332851	0
865	0	0
875	0	0
885	0	0
895	0	0
905	0	0
915	0	0
925	0	0
935	0.000332851	0
945	0	0
955	0	0
965	0.000665702	0
975	0	0
985	0	0
995	0	0
1005	0	0
1015	0.000332851	0
1025	0	0
1035	0	0
1045	0	0
1055	0	0
1065	0	0
1075	0	0
1085	0	0
1095	0	0
1105	0	0
1115	0	0
1125	0	0
1135	0	0
1145	0	0
1155	0	0
1165	0	0
1175	0	0
1185	0	0
1195	0	0
