FG time = 3611.98	BG time = 485.919
5	0	0
15	0	0
25	0	0
35	0.00138428	0
45	0.00858255	0
55	0.0182725	0.00411591
65	0.0398674	0.00823182
75	0.0595242	0.00411591
85	0.0717059	0.00411591
95	0.0910858	0.00823182
105	0.092747	0.00205796
115	0.115726	0.00411591
125	0.130676	0.00823182
135	0.133168	0
145	0.158085	0.00205796
155	0.153932	0
165	0.176081	0
175	0.16473	0
185	0.191308	0.00205796
195	0.17968	0
205	0.183279	0.00205796
215	0.201275	0.00411591
225	0.196568	0.00617387
235	0.195738	0.00205796
245	0.206535	0.00411591
255	0.209304	0.00205796
265	0.208473	0.00205796
275	0.207642	0.00205796
285	0.210965	0.00617387
295	0.206535	0.00411591
305	0.204043	0.00205796
315	0.191031	0.00205796
325	0.198783	0.00411591
335	0.191308	0.00411591
345	0.212903	0.00411591
355	0.205151	0.00205796
365	0.191585	0
375	0.186878	0.00411591
385	0.192969	0
395	0.182725	0.00411591
405	0.17525	0.00205796
415	0.178019	0
425	0.179957	0
435	0.175527	0.00205796
445	0.170267	0.00411591
455	0.154763	0
465	0.154486	0.00205796
475	0.15587	0
485	0.151164	0.00205796
495	0.145903	0.00205796
505	0.124309	0.00411591
515	0.132614	0
525	0.120433	0.00205796
535	0.125693	0
545	0.112127	0.00411591
555	0.105482	0
565	0.102437	0
575	0.0905321	0
585	0.0836107	0.00205796
595	0.083057	0
605	0.0769661	0.00411591
615	0.0722596	0
625	0.0689373	0
635	0.0689373	0
645	0.0509416	0.00205796
655	0.0484499	0.00411591
665	0.0484499	0
675	0.0445739	0
685	0.0420822	0
695	0.0312848	0
705	0.0276857	0.00205796
715	0.0285162	0
725	0.0249171	0
735	0.021318	0.00205796
745	0.0224254	0
755	0.0168883	0
765	0.0127354	0.00205796
775	0.00941312	0.00411591
785	0.00775199	0.00617387
795	0.00719827	0
805	0.00553713	0.00205796
815	0.00526028	0.00205796
825	0.00415285	0
835	0.00304542	0
845	0.00304542	0
855	0.00249171	0
865	0.00138428	0
875	0.00138428	0.00205796
885	0.00332228	0
895	0.00249171	0
905	0	0.00411591
915	0.00083057	0
925	0.00110743	0
935	0.00249171	0
945	0.00138428	0.00205796
955	0.00221485	0
965	0.00110743	0
975	0.00138428	0.00205796
985	0.00110743	0
995	0.000276857	0
1005	0.00166114	0.00205796
1015	0.00083057	0
1025	0.00138428	0
1035	0.000553713	0.00411591
1045	0.00138428	0
1055	0	0.00205796
1065	0.00138428	0
1075	0.001938	0.00411591
1085	0.00110743	0.00205796
1095	0.00138428	0.00205796
1105	0.00221485	0
1115	0.00138428	0.00205796
1125	0.00138428	0.00411591
1135	0.00249171	0.00411591
1145	0.001938	0.00205796
1155	0.00110743	0
1165	0.000553713	0.00205796
1175	0.000553713	0.00205796
1185	0.00221485	0.00205796
1195	0.00221485	0
