FG time = 3612.22	BG time = 732.802
5	0	0
15	0	0
25	0	0
35	0	0
45	0	0
55	0	0
65	0	0
75	0	0
85	0	0
95	0	0
105	0	0
115	0	0
125	0	0
135	0	0
145	0	0
155	0.00110735	0
165	0.00138419	0
175	0.00221471	0
185	0.00249154	0
195	0.00304522	0
205	0.00332206	0
215	0.00609044	0.00272925
225	0.0035989	0
235	0.00498309	0
245	0.0058136	0
255	0.00609044	0
265	0.00885883	0
275	0.00775147	0
285	0.00775147	0
295	0.0071978	0
305	0.0071978	0
315	0.00692096	0.00136462
325	0.00692096	0.00136462
335	0.00775147	0
345	0.00609044	0
355	0.00913566	0
365	0.00996618	0
375	0.00692096	0.00272925
385	0.00913566	0.00136462
395	0.00775147	0.00136462
405	0.00609044	0
415	0.00609044	0
425	0.00830515	0
435	0.00498309	0
445	0.0058136	0.00136462
455	0.00747463	0.00136462
465	0.00636728	0
475	0.00553677	0
485	0.00442941	0
495	0.0058136	0
505	0.00553677	0
515	0.00525993	0.00136462
525	0.00387574	0
535	0.00415257	0
545	0.00304522	0.00136462
555	0.00415257	0.00136462
565	0.0058136	0.00272925
575	0.00276838	0
585	0.00470625	0
595	0.00304522	0
605	0.00332206	0.00136462
615	0.00276838	0
625	0.00249154	0
635	0.00276838	0
645	0.00166103	0
655	0.00249154	0
665	0.00332206	0
675	0.00138419	0
685	0.000553677	0
695	0.000830515	0.00136462
705	0.00166103	0.00136462
715	0.00166103	0.00136462
725	0.000830515	0
735	0.00193787	0
745	0.00193787	0
755	0	0
765	0.000830515	0.00136462
775	0.000276838	0.00136462
785	0.00138419	0.00136462
795	0.000830515	0.00136462
805	0.000830515	0
815	0.000830515	0
825	0.00221471	0
835	0.00110735	0
845	0.000830515	0.00409387
855	0	0.00272925
865	0.00110735	0
875	0.00221471	0.00272925
885	0.00138419	0.00136462
895	0.000553677	0
905	0.00166103	0.00136462
915	0.00138419	0
925	0.000276838	0
935	0.00138419	0.00272925
945	0.00110735	0
955	0.000830515	0.00136462
965	0.000276838	0.00136462
975	0.000830515	0.00136462
985	0.000830515	0
995	0.00110735	0.00136462
1005	0.000830515	0.00272925
1015	0.00110735	0
1025	0.000276838	0
1035	0.00138419	0
1045	0.000276838	0
1055	0.000830515	0.00272925
1065	0.00138419	0
1075	0.000830515	0
1085	0.000830515	0
1095	0.00110735	0
1105	0.00110735	0
1115	0.00110735	0.00136462
1125	0.00110735	0
1135	0	0.00136462
1145	0.00138419	0
1155	0.000276838	0.00136462
1165	0.00166103	0.00136462
1175	0.000830515	0
1185	0.00166103	0
1195	0.00110735	0
