FG time = 3312.89	BG time = 733.476
5	0	0
15	0	0
25	0	0
35	0	0
45	0.000301851	0
55	0.0132815	0.00272674
65	0.0676147	0.00136337
75	0.12557	0.00409011
85	0.180507	0.0122703
95	0.185337	0.010907
105	0.204957	0.00545349
115	0.213409	0.00409011
125	0.217333	0.00681686
135	0.22005	0.00272674
145	0.221559	0.00136337
155	0.221559	0.00272674
165	0.241783	0.00136337
175	0.230615	0.00545349
185	0.235142	0.00272674
195	0.219446	0.00136337
205	0.229407	0.00272674
215	0.227596	0.00272674
225	0.238161	0.00409011
235	0.230615	0.00136337
245	0.217635	0.00272674
255	0.23967	0
265	0.230615	0.00136337
275	0.235142	0.00136337
285	0.233633	0.00136337
295	0.23152	0.00409011
305	0.225785	0
315	0.221559	0.00136337
325	0.220653	0.00272674
335	0.209787	0
345	0.212202	0
355	0.209787	0.00136337
365	0.197109	0.00136337
375	0.191374	0
385	0.203146	0.00136337
395	0.191978	0
405	0.189865	0.00136337
415	0.173565	0
425	0.18262	0.00136337
435	0.180205	0
445	0.173565	0
455	0.152435	0.00272674
465	0.150322	0.00272674
475	0.149115	0
485	0.149416	0.00136337
495	0.138248	0.00136337
505	0.130702	0
515	0.124363	0.00136337
525	0.122552	0
535	0.110779	0
545	0.106554	0
555	0.105044	0.00136337
565	0.100215	0.00136337
575	0.0766703	0.00272674
585	0.0739536	0.00136337
595	0.0839147	0.00136337
605	0.0673129	0
615	0.0570499	0.00136337
625	0.0558425	0.00136337
635	0.0495036	0.00136337
645	0.0458814	0.00136337
655	0.0449759	0.00409011
665	0.0338074	0
675	0.0322981	0.00545349
685	0.0298833	0
695	0.0238463	0.00136337
705	0.0187148	0.00272674
715	0.0153944	0.00136337
725	0.0138852	0.00136337
735	0.0144889	0.00136337
745	0.00845184	0.00272674
755	0.00664073	0.00272674
765	0.00603703	0
775	0.00513148	0.00136337
785	0.00513148	0.00136337
795	0.00271666	0.00136337
805	0.00271666	0
815	0.00271666	0.00136337
825	0.00181111	0.00136337
835	0.00150926	0
845	0.00241481	0.00272674
855	0.00150926	0.00409011
865	0.00181111	0.00136337
875	0.000603703	0
885	0.00181111	0
895	0.00241481	0
905	0.00241481	0
915	0.00211296	0.00409011
925	0.00150926	0.00409011
935	0.00181111	0
945	0.000905554	0.00409011
955	0.00120741	0
965	0.000603703	0.00136337
975	0.00120741	0
985	0.000905554	0.00136337
995	0.00150926	0
1005	0.000603703	0.00545349
1015	0.00211296	0
1025	0.000905554	0
1035	0.00120741	0.00136337
1045	0.000301851	0
1055	0.000905554	0.00136337
1065	0.000301851	0
1075	0.000905554	0
1085	0.00241481	0.00136337
1095	0.00211296	0.00136337
1105	0.00120741	0.00272674
1115	0.00181111	0
1125	0.000603703	0.00136337
1135	0.000603703	0.00136337
1145	0.00120741	0
1155	0.000905554	0
1165	0.000603703	0
1175	0.000603703	0
1185	0.000905554	0
1195	0.000301851	0.00136337
