FG time = 3611.53	BG time = 486.084
5	0	0
15	0	0
25	0	0
35	0	0
45	0	0
55	0	0
65	0	0
75	0	0
85	0	0
95	0	0
105	0	0
115	0	0
125	0	0
135	0.000553782	0
145	0.000276891	0
155	0.00138446	0
165	0.00138446	0
175	0.00387648	0
185	0.00193824	0
195	0.00387648	0.00205726
205	0.0030458	0
215	0.00470715	0
225	0.0063685	0
235	0.00470715	0
245	0.00359959	0
255	0.00359959	0
265	0.00609161	0.00205726
275	0.00692228	0
285	0.00719917	0
295	0.00747606	0
305	0.00526093	0
315	0.0063685	0
325	0.00719917	0
335	0.00664539	0.00205726
345	0.00747606	0
355	0.00747606	0
365	0.00553782	0
375	0.00719917	0
385	0.0030458	0
395	0.0063685	0.00205726
405	0.00609161	0
415	0.00747606	0
425	0.00802984	0
435	0.00553782	0
445	0.00526093	0
455	0.0063685	0
465	0.00221513	0
475	0.00498404	0
485	0.00526093	0
495	0.00664539	0.00411451
505	0.00470715	0.00411451
515	0.00276891	0
525	0.00359959	0
535	0.00359959	0
545	0.00526093	0
555	0.00249202	0
565	0.00193824	0
575	0.00443026	0.00205726
585	0.00332269	0
595	0.00166135	0.00205726
605	0.00193824	0
615	0.00249202	0.00411451
625	0.00221513	0
635	0.00193824	0
645	0.000553782	0.00205726
655	0.00110756	0
665	0.00193824	0
675	0.000830673	0
685	0.00110756	0
695	0.000830673	0
705	0.00110756	0.00205726
715	0.000830673	0.00205726
725	0.000553782	0
735	0.000276891	0.00205726
745	0.00138446	0
755	0.000276891	0
765	0.00138446	0
775	0.000553782	0
785	0.00138446	0
795	0.00110756	0.00205726
805	0	0
815	0	0
825	0.00138446	0.00205726
835	0.000830673	0
845	0.000276891	0
855	0.00166135	0
865	0.000553782	0
875	0.00138446	0.00411451
885	0.00110756	0
895	0.000830673	0
905	0.00110756	0
915	0.000553782	0
925	0.00110756	0.00205726
935	0.000276891	0
945	0	0
955	0.00138446	0.00205726
965	0.000553782	0
975	0.00110756	0
985	0.000553782	0
995	0.00110756	0
1005	0.000830673	0.00205726
1015	0.000553782	0
1025	0.000830673	0
1035	0.000830673	0
1045	0.000553782	0
1055	0.000830673	0
1065	0.00110756	0.00205726
1075	0.00138446	0
1085	0.000276891	0.00205726
1095	0.000830673	0.00205726
1105	0.000830673	0.00205726
1115	0.000830673	0.00205726
1125	0.000276891	0.00205726
1135	0.000276891	0.00411451
1145	0.000830673	0.00205726
1155	0.00221513	0
1165	0.00166135	0
1175	0.00221513	0
1185	0.00138446	0.00205726
1195	0.000553782	0
