FG time = 3014.19	BG time = 374.317
5	0	0
15	0	0
25	0	0
35	0	0
45	0	0
55	0	0
65	0	0
75	0	0
85	0	0
95	0	0
105	0	0
115	0	0.00267153
125	0.000331764	0
135	0.000995293	0
145	0.000995293	0
155	0.00265412	0
165	0.00232235	0
175	0.0046447	0
185	0.00331764	0
195	0.00232235	0
205	0.00364941	0
215	0.00431294	0
225	0.00663529	0
235	0.00530823	0
245	0.00530823	0
255	0.00431294	0
265	0.00696705	0.00267153
275	0.00431294	0.00267153
285	0.00829411	0
295	0.00796235	0
305	0.00962117	0
315	0.00530823	0.00267153
325	0.00597176	0
335	0.00564	0.00267153
345	0.00895764	0
355	0.00630352	0.00267153
365	0.00398117	0.00267153
375	0.00597176	0
385	0.00729882	0
395	0.00862588	0
405	0.00630352	0
415	0.00962117	0
425	0.00829411	0.00534307
435	0.00696705	0
445	0.00630352	0.00267153
455	0.0046447	0
465	0.00829411	0
475	0.00398117	0
485	0.00331764	0
495	0.00530823	0
505	0.00199059	0
515	0.00696705	0
525	0.00663529	0
535	0.00431294	0.00267153
545	0.00497647	0
555	0.0046447	0
565	0.0046447	0.00267153
575	0.00398117	0
585	0.00364941	0.00267153
595	0.00232235	0.00267153
605	0.00364941	0
615	0.00265412	0
625	0.00298588	0
635	0.00331764	0.00267153
645	0.000995293	0.00267153
655	0.00199059	0
665	0.00364941	0.00267153
675	0.00132706	0
685	0.00132706	0.00267153
695	0.00232235	0.00267153
705	0.00165882	0
715	0.00132706	0
725	0.000995293	0
735	0.00165882	0
745	0.000995293	0.00267153
755	0.00132706	0
765	0.000331764	0.00267153
775	0.00165882	0.00267153
785	0.00132706	0
795	0.000663529	0.00267153
805	0.00132706	0
815	0.000995293	0
825	0.000331764	0.00267153
835	0.000995293	0
845	0.00132706	0
855	0	0
865	0.000331764	0
875	0.000663529	0
885	0.000331764	0
895	0.00199059	0
905	0.000331764	0
915	0.000663529	0.00267153
925	0.00199059	0
935	0	0
945	0.000331764	0
955	0.000663529	0
965	0	0
975	0.000995293	0
985	0.000331764	0
995	0.000995293	0
1005	0.000331764	0
1015	0.000995293	0.00267153
1025	0.00132706	0
1035	0.000995293	0
1045	0.000663529	0
1055	0.000995293	0
1065	0.00132706	0
1075	0.000663529	0
1085	0.000995293	0
1095	0.00165882	0.00534307
1105	0.000663529	0.00267153
1115	0.000663529	0
1125	0.000663529	0
1135	0.000995293	0
1145	0.00132706	0
1155	0.000331764	0
1165	0.00132706	0
1175	0.000331764	0
1185	0.000995293	0
1195	0.000331764	0
