FG time = 3611.4	BG time = 486.203
5	0	0
15	0	0
25	0	0
35	0	0
45	0	0
55	0	0
65	0	0
75	0	0
85	0	0
95	0	0
105	0	0
115	0	0
125	0.000276901	0
135	0.000276901	0
145	0	0
155	0.000553802	0
165	0.00138451	0
175	0.00249211	0
185	0.00249211	0
195	0.00304591	0
205	0.00498422	0
215	0.00304591	0
225	0.00692253	0
235	0.00526112	0
245	0.00581492	0
255	0.00332281	0
265	0.00692253	0
275	0.00359971	0
285	0.00498422	0
295	0.00609182	0
305	0.00636873	0
315	0.00581492	0
325	0.00609182	0
335	0.00609182	0.00205675
345	0.00803013	0
355	0.00664563	0
365	0.00498422	0.00205675
375	0.00664563	0
385	0.00498422	0
395	0.00581492	0
405	0.00498422	0.00205675
415	0.00498422	0
425	0.00443042	0
435	0.00664563	0
445	0.00664563	0
455	0.00526112	0
465	0.00470732	0.00205675
475	0.00415352	0
485	0.00415352	0
495	0.00415352	0.00205675
505	0.00498422	0
515	0.00359971	0
525	0.0011076	0.00411351
535	0.00304591	0.00205675
545	0.00304591	0
555	0.00359971	0
565	0.00387662	0
575	0.000830703	0
585	0.00221521	0
595	0.00166141	0.00205675
605	0.00221521	0
615	0.0011076	0
625	0.00221521	0
635	0.00221521	0
645	0.00193831	0
655	0.00193831	0.00205675
665	0.00221521	0
675	0.0011076	0
685	0.00221521	0.00205675
695	0.000830703	0
705	0.00166141	0
715	0.00166141	0.00205675
725	0	0
735	0.0011076	0.00205675
745	0.0011076	0
755	0.000830703	0.00205675
765	0.000553802	0.00205675
775	0.000553802	0
785	0.000276901	0
795	0.000276901	0
805	0.0011076	0.00205675
815	0.000830703	0
825	0	0.00205675
835	0.000276901	0
845	0.0011076	0
855	0.0011076	0
865	0.000830703	0
875	0.000553802	0.00205675
885	0.000553802	0
895	0.000276901	0
905	0.000830703	0.00411351
915	0.000276901	0.00205675
925	0.0011076	0.00205675
935	0.00249211	0
945	0.000830703	0.00205675
955	0.000276901	0
965	0.0011076	0
975	0.000276901	0.00205675
985	0.00221521	0
995	0.0011076	0
1005	0.000830703	0
1015	0.00138451	0
1025	0.000276901	0
1035	0.00166141	0.00205675
1045	0.000830703	0
1055	0.000276901	0.00411351
1065	0.000276901	0.00411351
1075	0.000830703	0
1085	0.000830703	0
1095	0.000553802	0
1105	0.000830703	0
1115	0.00138451	0
1125	0.0011076	0.00205675
1135	0.0011076	0
1145	0	0.00411351
1155	0.0011076	0
1165	0.0011076	0
1175	0.00193831	0.00205675
1185	0.0011076	0
1195	0.000830703	0
