FG time = 3019.12	BG time = 614.634
5	0	0
15	0	0
25	0	0
35	0	0
45	0.00132489	0
55	0.00662444	0.00162698
65	0.0205358	0.00813492
75	0.0370968	0.00813492
85	0.0384217	0.00488095
95	0.055314	0.0113889
105	0.0675693	0.00325397
115	0.0688941	0.00650794
125	0.0655819	0
135	0.0745249	0.00325397
145	0.0771747	0.00488095
155	0.0900923	0.00162698
165	0.0831367	0
175	0.082143	0.00162698
185	0.0897611	0.00162698
195	0.0841303	0
205	0.0957231	0.00162698
215	0.0950607	0.00162698
225	0.0937358	0
235	0.0987041	0.00162698
245	0.0907548	0.00162698
255	0.0996978	0.00488095
265	0.0980417	0.00488095
275	0.0957231	0
285	0.0897611	0
295	0.0924109	0
305	0.0973792	0
315	0.101023	0.00325397
325	0.0907548	0.00488095
335	0.091086	0.00162698
345	0.0947294	0.00162698
355	0.0877738	0.00162698
365	0.0801557	0
375	0.0934046	0.00162698
385	0.0778371	0.00162698
395	0.0854552	0.00162698
405	0.0924109	0.00162698
415	0.0732	0.00162698
425	0.0811494	0.00325397
435	0.0804869	0
445	0.0675693	0.00162698
455	0.0748561	0
465	0.0645883	0
475	0.0655819	0.00162698
485	0.0705503	0.00162698
495	0.0576326	0
505	0.0576326	0
515	0.0523331	0
525	0.0493521	0
535	0.0480272	0
545	0.0460398	0
555	0.0390842	0
565	0.0427276	0
575	0.0354407	0
585	0.0351095	0
595	0.0370968	0
605	0.0284851	0
615	0.0304724	0.00162698
625	0.0241792	0.00650794
635	0.0248416	0.00162698
645	0.0221919	0
655	0.0215294	0.00162698
665	0.0215294	0
675	0.0129177	0
685	0.0168923	0
695	0.0112615	0.00162698
705	0.00662444	0
715	0.00728688	0
725	0.00596199	0
735	0.00629322	0.00162698
745	0.00430588	0
755	0.00331222	0
765	0.00231855	0.00650794
775	0.00364344	0.00488095
785	0.00264977	0.00325397
795	0.00198733	0.00162698
805	0.00231855	0
815	0.00231855	0
825	0.00198733	0.00162698
835	0.00198733	0.00162698
845	0.00132489	0
855	0.00198733	0.00325397
865	0.00132489	0.00325397
875	0.00165611	0
885	0.000662444	0.00162698
895	0.00231855	0.00162698
905	0.00132489	0
915	0.00165611	0
925	0.00132489	0.00162698
935	0.000331222	0.00162698
945	0.000662444	0
955	0.000993666	0.00162698
965	0.000662444	0.00162698
975	0.000993666	0.00162698
985	0.000993666	0.00162698
995	0.000993666	0
1005	0.000662444	0.00325397
1015	0.000331222	0
1025	0.00165611	0.00162698
1035	0.000993666	0
1045	0.000331222	0.00325397
1055	0.000662444	0
1065	0.000993666	0
1075	0.000993666	0
1085	0.000993666	0
1095	0.000331222	0
1105	0.000662444	0
1115	0.000993666	0
1125	0.000331222	0.00162698
1135	0.000331222	0
1145	0.000331222	0
1155	0.00198733	0.00325397
1165	0.000662444	0
1175	0.000662444	0
1185	0.000993666	0.00162698
1195	0	0
