FG time = 3319.54	BG time = 734.703
5	0	0
15	0	0
25	0	0
35	0	0
45	0.000301246	0
55	0.000903739	0.00136109
65	0.00512119	0.00408328
75	0.0138573	0.00816656
85	0.0204848	0.00408328
95	0.0292209	0.0122498
105	0.023196	0.00680547
115	0.0247022	0.00272219
125	0.0310284	0.0108888
135	0.0337396	0.00816656
145	0.0352458	0.00136109
155	0.0385595	0.00408328
165	0.0385595	0.00680547
175	0.0382583	0.00544438
185	0.0409695	0
195	0.0409695	0.00136109
205	0.0346433	0.00136109
215	0.0397645	0.00272219
225	0.0409695	0.00272219
235	0.0433795	0.00136109
245	0.039162	0.00408328
255	0.0466932	0.00408328
265	0.040367	0.00408328
275	0.0472957	0.00136109
285	0.0394633	0.00272219
295	0.0478982	0
305	0.0394633	0
315	0.0409695	0
325	0.0418733	0
335	0.0442832	0
345	0.0397645	0
355	0.0445845	0.00408328
365	0.0370533	0.00272219
375	0.0352458	0.00408328
385	0.0397645	0.00408328
395	0.0388608	0
405	0.0334384	0.00136109
415	0.0370533	0.00136109
425	0.0349446	0
435	0.0334384	0.00272219
445	0.0388608	0
455	0.0286184	0.00544438
465	0.0283172	0.00408328
475	0.0274134	0
485	0.0277147	0.00136109
495	0.0292209	0.00408328
505	0.0262084	0.00136109
515	0.0280159	0
525	0.0274134	0
535	0.021991	0.00136109
545	0.0204848	0.00952766
555	0.018376	0.00136109
565	0.0168698	0.00272219
575	0.0177735	0.00136109
585	0.0147611	0
595	0.0102424	0.00272219
605	0.0147611	0
615	0.0144598	0.00272219
625	0.0123511	0.00272219
635	0.0084349	0
645	0.00873615	0.00272219
655	0.00662742	0
665	0.00933864	0.00272219
675	0.00903739	0.00272219
685	0.00602493	0.00272219
695	0.00722991	0.00136109
705	0.0039162	0.00408328
715	0.00481994	0.00136109
725	0.00150623	0
735	0.00240997	0.00544438
745	0.00271122	0.00408328
755	0.00271122	0.00544438
765	0.00120499	0.00272219
775	0.00120499	0.00408328
785	0.00240997	0
795	0.00150623	0.00136109
805	0.000903739	0
815	0.000602493	0.00544438
825	0.000903739	0.00408328
835	0.00150623	0.00136109
845	0.000903739	0.00136109
855	0.000602493	0.00272219
865	0.00150623	0.00272219
875	0.000301246	0.00272219
885	0.000301246	0.00272219
895	0.000903739	0.00136109
905	0.000602493	0
915	0.000903739	0.00136109
925	0.00120499	0.00136109
935	0.000602493	0.00136109
945	0.000903739	0.00136109
955	0.000602493	0.00272219
965	0.00120499	0
975	0.000602493	0.00136109
985	0.000602493	0.00272219
995	0.000602493	0.00544438
1005	0.000903739	0.00272219
1015	0.000602493	0.00272219
1025	0.000301246	0.00408328
1035	0.000301246	0.00272219
1045	0.000903739	0.00544438
1055	0	0.00136109
1065	0.000301246	0.00136109
1075	0.000301246	0.00136109
1085	0.000602493	0
1095	0.000903739	0.00408328
1105	0.00120499	0.00136109
1115	0.000301246	0
1125	0	0.00136109
1135	0.000602493	0.00272219
1145	0.000301246	0
1155	0.000301246	0.00136109
1165	0	0.00136109
1175	0.000301246	0
1185	0.000301246	0.00136109
1195	0.000903739	0
