FG time = 3611.33	BG time = 545.594
5	0	0
15	0	0
25	0	0
35	0	0
45	0	0
55	0	0
65	0	0
75	0	0
85	0	0
95	0	0
105	0	0
115	0.000276906	0
125	0	0
135	0	0
145	0.000276906	0
155	0.000830718	0
165	0.00166144	0
175	0.00276906	0
185	0.00166144	0
195	0.00304597	0
205	0.00553812	0
215	0.00553812	0.00183286
225	0.00415359	0
235	0.00498431	0
245	0.00221525	0
255	0.00636884	0
265	0.00526121	0
275	0.00553812	0
285	0.00526121	0
295	0.00526121	0
305	0.00858408	0
315	0.00830718	0
325	0.00664574	0
335	0.00692265	0
345	0.00692265	0
355	0.00387668	0.00183286
365	0.00609193	0
375	0.0044305	0
385	0.0047074	0
395	0.00747646	0.00183286
405	0.00636884	0
415	0.00664574	0
425	0.00803027	0.00366573
435	0.00664574	0.00183286
445	0.00553812	0
455	0.00553812	0
465	0.00581503	0
475	0.00692265	0.00366573
485	0.00775337	0
495	0.00719955	0.00366573
505	0.0047074	0
515	0.00664574	0
525	0.0044305	0
535	0.00553812	0
545	0.00193834	0.00183286
555	0.00332287	0.00183286
565	0.0044305	0
575	0.00498431	0
585	0.0047074	0.00183286
595	0.00304597	0
605	0.00221525	0.00183286
615	0.00249215	0
625	0.00221525	0
635	0.00221525	0.00183286
645	0.00193834	0.00183286
655	0.00138453	0
665	0.00249215	0.00183286
675	0.00110762	0
685	0.00166144	0
695	0.00221525	0
705	0.000553812	0
715	0.00110762	0
725	0.000830718	0
735	0.000553812	0
745	0.00110762	0
755	0.000830718	0
765	0.00110762	0
775	0.000553812	0
785	0.000276906	0
795	0.000830718	0.00183286
805	0.00110762	0
815	0.00166144	0
825	0.000553812	0.00183286
835	0.00138453	0
845	0.00110762	0
855	0.000553812	0
865	0	0
875	0.000276906	0
885	0	0.00183286
895	0.00138453	0
905	0.00138453	0
915	0.000830718	0
925	0.000276906	0
935	0.000830718	0.00183286
945	0.000276906	0
955	0.000276906	0
965	0.000830718	0
975	0.000553812	0
985	0.000553812	0
995	0.000830718	0
1005	0.00110762	0
1015	0.00110762	0
1025	0.000276906	0
1035	0.000276906	0.00183286
1045	0.00166144	0
1055	0.000276906	0.00183286
1065	0.000553812	0
1075	0.000553812	0.00183286
1085	0.00110762	0
1095	0.00110762	0.00183286
1105	0.000553812	0
1115	0.00110762	0
1125	0.000276906	0
1135	0	0
1145	0.000830718	0.00366573
1155	0.000553812	0
1165	0.000553812	0
1175	0.000276906	0
1185	0.00110762	0
1195	0.00110762	0
