FG time = 1988.4	BG time = 305.574
5	0	0
15	0	0
25	0	0
35	0.000502916	0
45	0.0030175	0
55	0.0125729	0
65	0.0286662	0.0130901
75	0.0357071	0.0098176
85	0.0457654	0.0098176
95	0.0558237	0.00327253
105	0.0588412	0.00654507
115	0.0628645	0.00654507
125	0.0688995	0.00654507
135	0.0764433	0.00327253
145	0.0955541	0.00327253
155	0.0880103	0
165	0.0870045	0.00654507
175	0.0965599	0
185	0.0985716	0
195	0.108127	0
205	0.122712	0
215	0.0930395	0.00327253
225	0.116174	0
235	0.101589	0
245	0.115168	0
255	0.117179	0
265	0.113156	0
275	0.104607	0
285	0.115168	0
295	0.0950512	0
305	0.113156	0
315	0.0945483	0
325	0.096057	0.00327253
335	0.0955541	0
345	0.0980687	0
355	0.108127	0
365	0.104607	0
375	0.0950512	0
385	0.0930395	0
395	0.102595	0
405	0.0859987	0.00327253
415	0.0890162	0.00327253
425	0.0970628	0
435	0.0940453	0.00327253
445	0.0794608	0
455	0.0910278	0
465	0.0859987	0
475	0.0759404	0
485	0.0729229	0
495	0.0603499	0
505	0.0678937	0
515	0.0673908	0
525	0.0714141	0
535	0.054315	0
545	0.0558237	0
555	0.054315	0
565	0.0462683	0
575	0.0437537	0.00327253
585	0.0462683	0.00327253
595	0.0412391	0
605	0.0357071	0
615	0.0281633	0.00327253
625	0.0251458	0
635	0.0261516	0
645	0.0231341	0
655	0.0221283	0
665	0.0150875	0
675	0.0206196	0
685	0.0145846	0
695	0.0105612	0
705	0.0130758	0
715	0.0105612	0
725	0.0125729	0
735	0.00704083	0
745	0.00754374	0.00327253
755	0.00402333	0
765	0.00603499	0
775	0.00352041	0.00654507
785	0.00352041	0.00327253
795	0.00201166	0
805	0.00251458	0
815	0.00100583	0
825	0.00201166	0
835	0.00150875	0
845	0.00100583	0.00327253
855	0.00201166	0
865	0.00251458	0
875	0.00100583	0
885	0.00100583	0.00327253
895	0.000502916	0
905	0.000502916	0
915	0.000502916	0
925	0.000502916	0
935	0.000502916	0
945	0.00100583	0
955	0.000502916	0
965	0	0.00327253
975	0.000502916	0
985	0.00150875	0
995	0	0
1005	0.00100583	0
1015	0	0
1025	0.00100583	0
1035	0	0
1045	0.000502916	0
1055	0.000502916	0.00327253
1065	0	0
1075	0.000502916	0
1085	0.000502916	0
1095	0.00100583	0
1105	0	0
1115	0	0
1125	0.000502916	0
1135	0	0
1145	0.000502916	0
1155	0	0
1165	0.00150875	0
1175	0.000502916	0.00327253
1185	0.00100583	0
1195	0.000502916	0
