FG time = 2890.05	BG time = 306.772
5	0	0
15	0	0
25	0	0
35	0.00207609	0
45	0.0121105	0.00325975
55	0.0269892	0.00325975
65	0.0352935	0.00325975
75	0.046712	0.013039
85	0.0650508	0
95	0.0757772	0.00977926
105	0.0768153	0.0065195
115	0.101728	0.00977926
125	0.0968841	0.0065195
135	0.107611	0.0065195
145	0.0999983	0.013039
155	0.117299	0.00325975
165	0.103458	0
175	0.110379	0.00325975
185	0.113839	0
195	0.110725	0
205	0.130794	0
215	0.123181	0
225	0.130794	0
235	0.124219	0
245	0.133562	0.00325975
255	0.137368	0.0065195
265	0.147056	0
275	0.13633	0.00325975
285	0.130102	0
295	0.129756	0
305	0.132178	0
315	0.121797	0
325	0.134254	0
335	0.123873	0
345	0.124911	0
355	0.124911	0.0065195
365	0.115569	0
375	0.122143	0
385	0.123873	0
395	0.10069	0.00325975
405	0.129756	0
415	0.110379	0.0065195
425	0.106919	0.0065195
435	0.106227	0
445	0.0910019	0
455	0.113147	0
465	0.0979222	0
475	0.0920399	0
485	0.0920399	0
495	0.0823515	0.0065195
505	0.0726631	0
515	0.0733551	0
525	0.069549	0
535	0.0719711	0.0065195
545	0.0667809	0
555	0.0619366	0
565	0.0626287	0
575	0.0536323	0
585	0.0456739	0.00325975
595	0.0446359	0
605	0.0415218	0
615	0.0401377	0
625	0.0411758	0
635	0.0325254	0
645	0.0318334	0.00325975
655	0.023875	0
665	0.0217989	0
675	0.024221	0
685	0.0207609	0.00325975
695	0.0159167	0
705	0.0134946	0
715	0.0145326	0
725	0.00899638	0.00325975
735	0.00622827	0.0065195
745	0.00657428	0
755	0.00795834	0.00325975
765	0.00519022	0
775	0.00519022	0
785	0.00519022	0.00325975
795	0.00449819	0
805	0.00449819	0
815	0.0024221	0
825	0.0024221	0
835	0.00138406	0
845	0.00173007	0.00325975
855	0.00173007	0
865	0.00138406	0
875	0.00103804	0
885	0.00069203	0.0065195
895	0.00103804	0
905	0.00103804	0
915	0	0.00325975
925	0.000346015	0
935	0.00069203	0.00325975
945	0.000346015	0
955	0.00103804	0
965	0.000346015	0
975	0.000346015	0
985	0.00069203	0
995	0.00069203	0
1005	0.00103804	0
1015	0.00103804	0.00325975
1025	0.00069203	0
1035	0.000346015	0.00977926
1045	0.00103804	0
1055	0.00069203	0
1065	0.00069203	0
1075	0.00103804	0.00325975
1085	0.00069203	0
1095	0.00069203	0.00325975
1105	0.00069203	0
1115	0.00138406	0
1125	0.00138406	0.00325975
1135	0.00069203	0
1145	0	0
1155	0.000346015	0.00325975
1165	0.00207609	0
1175	0.00138406	0
1185	0.00173007	0.00325975
1195	0.00069203	0
