FG time = 2408.9	BG time = 566.124
5	0	0
15	0	0
25	0	0
35	0	0
45	0	0
55	0	0
65	0	0
75	0	0
85	0	0
95	0	0
105	0.000415127	0
115	0	0
125	0.000415127	0
135	0.000415127	0
145	0	0
155	0.000830254	0
165	0.00249076	0.0017664
175	0.00207563	0
185	0.00249076	0
195	0.00290589	0.0017664
205	0.00290589	0
215	0.0045664	0
225	0.00747228	0
235	0.0045664	0
245	0.00373614	0
255	0.00373614	0
265	0.00705716	0
275	0.00664203	0
285	0.00415127	0
295	0.00830254	0
305	0.00415127	0
315	0.00788741	0
325	0.00498152	0
335	0.00747228	0
345	0.00705716	0
355	0.00705716	0
365	0.00705716	0.0017664
375	0.00788741	0
385	0.00373614	0
395	0.00581178	0
405	0.00581178	0
415	0.0062269	0
425	0.00373614	0
435	0.00664203	0.0017664
445	0.00498152	0.00353279
455	0.00539665	0.00353279
465	0.00581178	0.0017664
475	0.00705716	0
485	0.00705716	0
495	0.00373614	0
505	0.00581178	0
515	0.00290589	0.00353279
525	0.00332101	0
535	0.00581178	0.00529919
545	0.0045664	0
555	0.00290589	0
565	0.00539665	0
575	0.00332101	0
585	0.00207563	0
595	0.00166051	0
605	0.00332101	0.0017664
615	0.00166051	0.0017664
625	0.00207563	0
635	0.00207563	0
645	0.000830254	0
655	0.00124538	0
665	0.00166051	0.0017664
675	0.00166051	0
685	0.000830254	0.0017664
695	0.00207563	0.0017664
705	0.000415127	0
715	0.000415127	0
725	0.000415127	0.0017664
735	0.00166051	0
745	0.000415127	0
755	0.000830254	0.0017664
765	0.00124538	0
775	0	0
785	0.00124538	0
795	0.00124538	0.0017664
805	0.00124538	0
815	0.000415127	0
825	0.000830254	0
835	0.000415127	0
845	0	0
855	0.000415127	0
865	0.000830254	0.00353279
875	0.00166051	0
885	0.000830254	0
895	0.000830254	0.0017664
905	0.000415127	0.0017664
915	0	0
925	0.000415127	0
935	0.000830254	0
945	0	0
955	0.000830254	0.0017664
965	0.000830254	0.00529919
975	0.00124538	0.0017664
985	0.00124538	0
995	0.000415127	0
1005	0.00124538	0
1015	0.00124538	0
1025	0.000830254	0
1035	0.000415127	0.0017664
1045	0	0
1055	0.000415127	0
1065	0.00124538	0
1075	0.000830254	0
1085	0.00124538	0
1095	0	0
1105	0.000830254	0
1115	0	0
1125	0	0
1135	0.000415127	0
1145	0.000415127	0
1155	0.000415127	0
1165	0.00166051	0.0017664
1175	0	0
1185	0.000415127	0.0017664
1195	0.00124538	0
