FG time = 3012.99	BG time = 613.642
5	0	0
15	0	0
25	0	0
35	0	0
45	0	0
55	0	0
65	0	0
75	0	0
85	0	0
95	0	0
105	0	0
115	0	0
125	0.000331896	0
135	0	0
145	0.00132758	0
155	0.00165948	0
165	0.00199138	0.00325923
175	0.00199138	0
185	0.00365086	0
195	0.00763361	0.00162961
205	0.00763361	0
215	0.00730171	0.00162961
225	0.00630603	0
235	0.00896119	0.00488884
245	0.0086293	0.00162961
255	0.00962499	0
265	0.00929309	0
275	0.00896119	0.00162961
285	0.00962499	0
295	0.0102888	0.00162961
305	0.0112845	0
315	0.0116164	0
325	0.00929309	0
335	0.00962499	0
345	0.0112845	0.00162961
355	0.0102888	0.00162961
365	0.00896119	0
375	0.00896119	0
385	0.0109526	0
395	0.0122802	0.00325923
405	0.00730171	0.00325923
415	0.0109526	0.00162961
425	0.00597413	0
435	0.00995688	0
445	0.0086293	0
455	0.00763361	0
465	0.00763361	0
475	0.0086293	0
485	0.00597413	0.00162961
495	0.0082974	0
505	0.0102888	0
515	0.00564223	0.00325923
525	0.00564223	0
535	0.00464654	0
545	0.00630603	0.00162961
555	0.00763361	0
565	0.00431465	0.00162961
575	0.00365086	0
585	0.00365086	0
595	0.00398275	0
605	0.00365086	0.00325923
615	0.00398275	0
625	0.00398275	0
635	0.00232327	0
645	0.00265517	0
655	0.00365086	0
665	0.00232327	0.00162961
675	0.00199138	0
685	0.00232327	0
695	0.000995688	0.00162961
705	0.000995688	0
715	0.00232327	0.00162961
725	0.000995688	0.00162961
735	0.000331896	0.00162961
745	0.00132758	0
755	0.00132758	0
765	0.000995688	0.00162961
775	0.00132758	0.00325923
785	0.00132758	0
795	0.00165948	0.00488884
805	0.00165948	0
815	0.00132758	0.00162961
825	0.000995688	0
835	0.000663792	0
845	0.00132758	0
855	0.000663792	0
865	0.00132758	0.00162961
875	0.00165948	0
885	0.000663792	0.00162961
895	0.00132758	0.00162961
905	0	0.00325923
915	0.000663792	0
925	0.000663792	0.00162961
935	0.00132758	0
945	0	0
955	0.000663792	0.00162961
965	0.00165948	0.00162961
975	0.000663792	0
985	0.000663792	0
995	0.00132758	0
1005	0.000331896	0.00162961
1015	0.00132758	0.00162961
1025	0.00132758	0
1035	0.000663792	0
1045	0.000995688	0
1055	0.000995688	0
1065	0.000995688	0
1075	0	0.00325923
1085	0.00165948	0.00162961
1095	0.000663792	0
1105	0.000995688	0.00162961
1115	0.000331896	0.00162961
1125	0.000663792	0.00325923
1135	0.00132758	0
1145	0	0
1155	0.000331896	0.00325923
1165	0.000663792	0
1175	0.000331896	0
1185	0.000331896	0
1195	0.000663792	0.00162961
