FG time = 3604.91	BG time = 484.776
5	0	0
15	0	0
25	0	0
35	0.0011096	0
45	0.00582539	0.00206281
55	0.0363394	0.00206281
65	0.112069	0.00412562
75	0.185026	0.00206281
85	0.221088	0.00412562
95	0.24217	0.00618842
105	0.26242	0.00618842
115	0.297927	0.00206281
125	0.295153	0.00412562
135	0.31041	0.00412562
145	0.314016	0.00206281
155	0.303198	0
165	0.351188	0.00412562
175	0.354239	0.00412562
185	0.365335	0.00206281
195	0.334821	0.00412562
205	0.352298	0.00206281
215	0.343698	0
225	0.353407	0.00206281
235	0.363671	0.00206281
245	0.367832	0
255	0.353962	0
265	0.356459	0
275	0.366445	0
285	0.347304	0
295	0.362007	0
305	0.340924	0.00206281
315	0.339815	0.00206281
325	0.348137	0
335	0.336486	0.00618842
345	0.344253	0
355	0.330383	0.00206281
365	0.314294	0
375	0.330383	0.00206281
385	0.311797	0.00206281
395	0.324558	0.00412562
405	0.303475	0.00206281
415	0.299592	0.00412562
425	0.281561	0
435	0.284889	0
445	0.284335	0
455	0.247718	0.00206281
465	0.269355	0.00412562
475	0.239951	0
485	0.236345	0
495	0.222752	0
505	0.231074	0.00206281
515	0.21332	0.00206281
525	0.198063	0.00206281
535	0.204444	0
545	0.184748	0.00206281
555	0.168659	0.00206281
565	0.164221	0
575	0.150073	0
585	0.140364	0.00206281
595	0.135094	0
605	0.129546	0.00206281
615	0.123443	0.00206281
625	0.102915	0
635	0.103747	0.00206281
645	0.0912645	0
655	0.0821103	0
665	0.0671307	0.00206281
675	0.0671307	0
685	0.0532607	0
695	0.0493771	0
705	0.0443839	0
715	0.0349524	0.00412562
725	0.0396682	0.00412562
735	0.0294044	0.00206281
745	0.0227468	0.00206281
755	0.0213598	0
765	0.0177536	0.00206281
775	0.0127604	0.00206281
785	0.00859939	0
795	0.00943159	0
805	0.00471579	0
815	0.0033288	0
825	0.00471579	0
835	0.00416099	0.00206281
845	0.0016644	0
855	0.0019418	0.00206281
865	0.001387	0
875	0.0022192	0.00412562
885	0.0019418	0
895	0.000832199	0
905	0.000832199	0
915	0.000554799	0.00206281
925	0.0011096	0
935	0.0016644	0.00206281
945	0.000554799	0
955	0.0002774	0
965	0.000832199	0.00206281
975	0.000832199	0
985	0.000832199	0.00206281
995	0.000832199	0.00206281
1005	0.000832199	0
1015	0.0002774	0.00206281
1025	0.0011096	0
1035	0.0011096	0
1045	0.0011096	0
1055	0.001387	0
1065	0.000554799	0
1075	0.0011096	0
1085	0.000832199	0
1095	0.000832199	0.00618842
1105	0.000832199	0.00206281
1115	0.0011096	0.00206281
1125	0.0019418	0
1135	0.000554799	0.00206281
1145	0.0011096	0
1155	0.000554799	0
1165	0.0019418	0.00206281
1175	0.0002774	0
1185	0.0011096	0
1195	0.000554799	0
