FG time = 3620.65	BG time = 734.484
5	0	0
15	0	0
25	0	0
35	0	0
45	0	0
55	0.000276193	0
65	0.00441909	0
75	0.0140859	0
85	0.0292765	0.0013615
95	0.0519243	0.0013615
105	0.0602101	0.005446
115	0.0687721	0.0068075
125	0.074296	0.005446
135	0.0787151	0.0013615
145	0.0878295	0.0013615
155	0.0853437	0.0040845
165	0.100811	0.0013615
175	0.105782	0.0013615
185	0.11683	0.002723
195	0.109925	0.002723
205	0.124287	0.002723
215	0.109373	0.0013615
225	0.113239	0.0040845
235	0.112134	0
245	0.114068	0.0040845
255	0.118211	0.0013615
265	0.114344	0.0013615
275	0.125392	0.0040845
285	0.117658	0.0040845
295	0.116554	0.0013615
305	0.117658	0
315	0.109096	0.0013615
325	0.109649	0
335	0.110477	0
345	0.120144	0.002723
355	0.116277	0.0040845
365	0.0916962	0.0013615
375	0.101363	0.0013615
385	0.101639	0
395	0.099982	0.002723
405	0.0930771	0.002723
415	0.0955629	0
425	0.0867247	0
435	0.0870009	0.002723
445	0.0908676	0.0013615
455	0.09142	0.005446
465	0.0773341	0.0040845
475	0.0798199	0
485	0.0751246	0.0013615
495	0.0737436	0
505	0.0696007	0.002723
515	0.0624197	0
525	0.058553	0.0040845
535	0.0519243	0
545	0.0715341	0.002723
555	0.0491624	0.0013615
565	0.0508196	0.0013615
575	0.0610387	0.002723
585	0.0466767	0.0040845
595	0.0361813	0.0013615
605	0.0394956	0.002723
615	0.0350765	0.0013615
625	0.0350765	0
635	0.032867	0.005446
645	0.0273431	0.0013615
655	0.0262384	0.002723
665	0.0254098	0.0013615
675	0.0232002	0.0040845
685	0.0190573	0.0013615
695	0.0185049	0.0013615
705	0.0151906	0.002723
715	0.014362	0.002723
725	0.0121525	0
735	0.0132573	0
745	0.0082858	0.0013615
755	0.0080096	0.0013615
765	0.00856199	0.0013615
775	0.00331432	0.0013615
785	0.00552387	0.002723
795	0.00165716	0.0013615
805	0.00303813	0
815	0.00248574	0.002723
825	0.00165716	0.0013615
835	0.00276193	0.0040845
845	0.00276193	0.0013615
855	0.00165716	0
865	0.00110477	0
875	0.00248574	0
885	0.00193335	0
895	0.00303813	0.005446
905	0.00331432	0.0013615
915	0.00248574	0.002723
925	0.00138097	0
935	0.00165716	0.0013615
945	0.00138097	0
955	0.00110477	0
965	0.00110477	0.0013615
975	0.00165716	0
985	0.00193335	0
995	0.00165716	0.002723
1005	0.00165716	0.0040845
1015	0.00248574	0.002723
1025	0.00220955	0
1035	0.00165716	0.002723
1045	0.00193335	0
1055	0.00138097	0.0013615
1065	0.00193335	0.002723
1075	0.00138097	0.002723
1085	0.00110477	0
1095	0.00303813	0.002723
1105	0.00110477	0.0040845
1115	0.00220955	0.0013615
1125	0.00276193	0.002723
1135	0.00138097	0.0013615
1145	0.00110477	0.0040845
1155	0.000276193	0.0013615
1165	0.00138097	0
1175	0.00138097	0
1185	0.00110477	0.002723
1195	0.00138097	0.0013615
