FG time = 3604.73	BG time = 484.872
5	0	0
15	0	0
25	0	0
35	0	0
45	0	0
55	0	0
65	0	0
75	0	0
85	0	0
95	0	0
105	0	0
115	0.000277413	0
125	0.00083224	0
135	0.00110965	0
145	0.00166448	0
155	0.00221931	0
165	0.0041612	0
175	0.00305155	0
185	0.00554827	0
195	0.00721275	0
205	0.0083224	0
215	0.00776758	0
225	0.00943206	0
235	0.00915464	0
245	0.0124836	0
255	0.0102643	0
265	0.0124836	0
275	0.00943206	0
285	0.0116514	0.0020624
295	0.0141481	0
305	0.0102643	0
315	0.0108191	0.0020624
325	0.0147029	0
335	0.0138707	0
345	0.011374	0
355	0.0135933	0
365	0.0135933	0
375	0.0141481	0.0020624
385	0.0116514	0
395	0.0144255	0
405	0.0135933	0
415	0.012761	0
425	0.011374	0
435	0.00915464	0
445	0.0102643	0
455	0.00970947	0
465	0.0116514	0
475	0.00970947	0
485	0.00665792	0
495	0.0124836	0.0020624
505	0.00970947	0
515	0.0119288	0
525	0.00804499	0
535	0.00721275	0
545	0.00998688	0
555	0.00804499	0
565	0.00665792	0
575	0.00554827	0.0020624
585	0.00471603	0
595	0.00194189	0
605	0.00499344	0
615	0.00360637	0
625	0.00527086	0
635	0.00499344	0
645	0.00249672	0.0020624
655	0.00554827	0
665	0.00194189	0.0020624
675	0.00332896	0
685	0.00305155	0
695	0.00194189	0
705	0.00388379	0
715	0.00166448	0
725	0.00221931	0.0020624
735	0.00138707	0
745	0.00166448	0
755	0.00138707	0
765	0.000277413	0
775	0.00166448	0
785	0.00110965	0
795	0.000277413	0
805	0.000277413	0
815	0.00138707	0.0020624
825	0.000277413	0.0020624
835	0.00083224	0
845	0	0.0020624
855	0.000277413	0
865	0.000277413	0
875	0.00083224	0.0020624
885	0.00083224	0
895	0.000554827	0
905	0.00138707	0
915	0.00110965	0.0041248
925	0.000554827	0
935	0.00083224	0.0020624
945	0.00083224	0.0020624
955	0.000277413	0
965	0.000554827	0.0020624
975	0.000554827	0
985	0.00083224	0.0020624
995	0.000277413	0
1005	0.00083224	0
1015	0.00110965	0
1025	0.00110965	0
1035	0	0
1045	0.000277413	0
1055	0.00110965	0
1065	0.00083224	0
1075	0.00110965	0
1085	0.000554827	0.0020624
1095	0.000277413	0
1105	0	0
1115	0.00083224	0.0041248
1125	0.000277413	0
1135	0.000554827	0.0041248
1145	0.000277413	0.0020624
1155	0.000277413	0
1165	0.000554827	0
1175	0.00083224	0
1185	0.00083224	0
1195	0.00083224	0.0020624
