FG time = 1507.25	BG time = 365.358
5	0	0
15	0	0
25	0	0
35	0	0
45	0	0
55	0	0
65	0	0
75	0	0
85	0	0
95	0	0
105	0	0
115	0	0
125	0	0
135	0	0
145	0.000663459	0
155	0	0
165	0.000663459	0.00273704
175	0.00199038	0.00273704
185	0.00265384	0
195	0.00530767	0
205	0.00132692	0
215	0.00729805	0
225	0.00464421	0
235	0.00199038	0
245	0.00331729	0.00547408
255	0.00464421	0
265	0.00530767	0
275	0.00398075	0.00273704
285	0.00398075	0
295	0.00663459	0
305	0.00398075	0
315	0.00530767	0
325	0.00464421	0
335	0.00729805	0.00273704
345	0.00464421	0
355	0.00663459	0.00273704
365	0.00928843	0.00273704
375	0.00464421	0
385	0.00663459	0.00273704
395	0.00530767	0
405	0.00663459	0
415	0.00729805	0
425	0.00597113	0
435	0.00530767	0
445	0.00398075	0
455	0.00729805	0.00273704
465	0.00663459	0
475	0.00464421	0
485	0.00530767	0
495	0.00398075	0.00273704
505	0.00199038	0
515	0.00265384	0
525	0.00132692	0
535	0.00199038	0
545	0.00331729	0
555	0.00331729	0
565	0.00132692	0
575	0.00265384	0.00273704
585	0.00199038	0
595	0.00132692	0
605	0.00199038	0.00547408
615	0.00331729	0
625	0.00132692	0
635	0	0
645	0.000663459	0
655	0.00199038	0
665	0.00132692	0
675	0.00265384	0
685	0	0
695	0.000663459	0
705	0.00132692	0
715	0.000663459	0.00273704
725	0.000663459	0
735	0.000663459	0
745	0	0
755	0.00132692	0
765	0	0
775	0	0.00273704
785	0	0
795	0.000663459	0
805	0	0.00273704
815	0.000663459	0
825	0	0
835	0.00132692	0
845	0	0
855	0.00132692	0
865	0.000663459	0
875	0	0
885	0.00132692	0
895	0	0
905	0.000663459	0
915	0	0
925	0	0
935	0	0
945	0.00132692	0
955	0.000663459	0.00273704
965	0	0
975	0.000663459	0
985	0.000663459	0
995	0.000663459	0
1005	0.000663459	0
1015	0.000663459	0
1025	0.00265384	0
1035	0.000663459	0
1045	0.00132692	0.00273704
1055	0	0
1065	0.000663459	0.00273704
1075	0.000663459	0
1085	0.00265384	0.00273704
1095	0.000663459	0
1105	0	0
1115	0	0
1125	0.00132692	0
1135	0	0
1145	0	0.00547408
1155	0	0
1165	0.000663459	0
1175	0	0
1185	0.00132692	0.00273704
1195	0	0
