FG time = 3344.08	BG time = 485.562
5	0	0
15	0	0
25	0	0
35	0.000299036	0
45	0.00657878	0.00205947
55	0.0310997	0.00205947
65	0.105261	0
75	0.171347	0.0102973
85	0.208428	0.0123568
95	0.226968	0.00205947
105	0.258068	0.00205947
115	0.276309	0
125	0.271823	0.00205947
135	0.281393	0.0061784
145	0.28229	0
155	0.310399	0.00205947
165	0.300531	0.00205947
175	0.305913	0
185	0.310399	0.00411894
195	0.306212	0.00823787
205	0.320566	0.00411894
215	0.309203	0.00205947
225	0.311595	0
235	0.315184	0.00205947
245	0.335219	0.00205947
255	0.327743	0.00205947
265	0.328341	0
275	0.323856	0
285	0.343891	0.00205947
295	0.327444	0
305	0.327743	0.00205947
315	0.329238	0
325	0.323557	0
335	0.323557	0.00411894
345	0.301727	0
355	0.305016	0
365	0.310698	0.00411894
375	0.302325	0
385	0.29156	0
395	0.280794	0
405	0.278701	0.00205947
415	0.253283	0
425	0.272421	0.00205947
435	0.248499	0
445	0.255077	0
455	0.249097	0
465	0.238032	0
475	0.215306	0
485	0.215904	0.00205947
495	0.212913	0
505	0.182113	0.00205947
515	0.200653	0.00205947
525	0.178225	0
535	0.173441	0
545	0.159685	0
555	0.156994	0
565	0.146228	0.00205947
575	0.132772	0.00205947
585	0.132174	0
595	0.125296	0
605	0.106457	0
615	0.109746	0
625	0.102569	0
635	0.0816367	0.00205947
645	0.0813377	0
655	0.075357	0
665	0.0621994	0
675	0.0610033	0
685	0.0481447	0
695	0.0478457	0.00205947
705	0.0397717	0
715	0.033492	0
725	0.0349872	0
735	0.0299036	0
745	0.0215306	0
755	0.0191383	0
765	0.0152508	0.00411894
775	0.0140547	0.00205947
785	0.00956914	0.00205947
795	0.00627975	0
805	0.00627975	0.00411894
815	0.00448553	0
825	0.0041865	0.00205947
835	0.0041865	0
845	0.00358843	0
855	0.00179421	0
865	0.00179421	0.00205947
875	0.00149518	0.00205947
885	0.000598071	0.00205947
895	0.00209325	0.00205947
905	0.000598071	0.00205947
915	0.000598071	0
925	0.00149518	0
935	0	0.00205947
945	0.00179421	0
955	0.000299036	0.00411894
965	0.000598071	0
975	0.000897107	0.00205947
985	0.000897107	0
995	0.00119614	0.00205947
1005	0.000897107	0
1015	0.000598071	0
1025	0.000598071	0
1035	0.00119614	0
1045	0.00119614	0
1055	0.00149518	0.00205947
1065	0.000598071	0
1075	0.000897107	0
1085	0.00179421	0
1095	0.000299036	0.00205947
1105	0.000598071	0.0061784
1115	0.00119614	0.00205947
1125	0.000897107	0
1135	0.00119614	0.00411894
1145	0.00119614	0
1155	0.000897107	0
1165	0.00179421	0
1175	0.000897107	0
1185	0.000598071	0
1195	0	0
