FG time = 3313.07	BG time = 733.136
5	0	0
15	0.000301835	0
25	0	0
35	0	0
45	0.000301835	0.00272801
55	0.00452752	0
65	0.0178082	0.001364
75	0.034711	0.00409201
85	0.0642908	0.00545602
95	0.080288	0.00954803
105	0.104435	0.00545602
115	0.116508	0.00409201
125	0.13492	0.00272801
135	0.135826	0.00272801
145	0.156652	0.001364
155	0.15635	0.00545602
165	0.170537	0.001364
175	0.180799	0.00272801
185	0.175064	0.00272801
195	0.181403	0.00409201
205	0.175366	0.00682002
215	0.190156	0.00409201
225	0.193476	0.001364
235	0.195589	0.00272801
245	0.191061	0.001364
255	0.195891	0.00272801
265	0.200116	0
275	0.201626	0
285	0.194985	0
295	0.201022	0.001364
305	0.197702	0.001364
315	0.197098	0.001364
325	0.201927	0.001364
335	0.191665	0
345	0.176875	0
355	0.196494	0.00409201
365	0.188647	0.001364
375	0.169329	0
385	0.181101	0.00409201
395	0.172348	0
405	0.176573	0
415	0.159671	0.00272801
425	0.170838	0
435	0.155445	0.001364
445	0.163896	0.001364
455	0.146994	0.00272801
465	0.159671	0.00272801
475	0.145182	0.001364
485	0.141862	0.00409201
495	0.124356	0
505	0.121941	0.001364
515	0.118923	0.00272801
525	0.105038	0.00545602
535	0.118319	0.00409201
545	0.0974926	0
555	0.0974926	0.00409201
565	0.0884376	0
575	0.0824009	0
585	0.0739495	0.001364
595	0.0763642	0.00409201
605	0.0685165	0.00272801
615	0.0721385	0.00272801
625	0.0606688	0.001364
635	0.0507082	0.00272801
645	0.0473881	0.001364
655	0.0413514	0.001364
665	0.0380312	0.00272801
675	0.0286743	0.00272801
685	0.0344092	0
695	0.027467	0
705	0.0211284	0
715	0.0202229	0.001364
725	0.0169027	0.001364
735	0.0129789	0.00272801
745	0.00724403	0.00272801
755	0.00905504	0.00272801
765	0.00875321	0.00272801
775	0.00905504	0.00272801
785	0.00482936	0.00409201
795	0.00422569	0.00409201
805	0.00332018	0.00409201
815	0.00543302	0.00409201
825	0.00241468	0
835	0.00241468	0.001364
845	0.00181101	0
855	0.00211284	0
865	0.00301835	0.00409201
875	0.00392385	0.00409201
885	0.00211284	0.00272801
895	0.00150917	0.001364
905	0.00181101	0.001364
915	0.00150917	0.001364
925	0.00301835	0.001364
935	0.00120734	0
945	0.00120734	0.00272801
955	0.000603669	0.00272801
965	0.00181101	0.00409201
975	0.00181101	0
985	0.00150917	0.00409201
995	0.00150917	0
1005	0.00150917	0.001364
1015	0.00181101	0.00545602
1025	0.00181101	0.00272801
1035	0.00241468	0.00272801
1045	0.00211284	0.00272801
1055	0.00271651	0
1065	0.00181101	0
1075	0.00120734	0
1085	0.000905504	0
1095	0.00120734	0.001364
1105	0.00120734	0.001364
1115	0.00150917	0.001364
1125	0.00150917	0.001364
1135	0.000905504	0.001364
1145	0.000905504	0.001364
1155	0.00150917	0
1165	0.00241468	0.001364
1175	0.00150917	0.001364
1185	0.000603669	0.001364
1195	0.000905504	0
