FG time = 3314.69	BG time = 733.799
5	0	0
15	0	0
25	0	0
35	0.000301687	0
45	0.000301687	0
55	0.00422362	0.00272554
65	0.0229282	0.00272554
75	0.049175	0.00545108
85	0.0793438	0.00272554
95	0.0980484	0.0095394
105	0.120072	0.00681385
115	0.120072	0.00136277
125	0.135458	0.00545108
135	0.142396	0
145	0.162006	0.00545108
155	0.157179	0.00272554
165	0.182521	0.00136277
175	0.17528	0.00408831
185	0.186141	0.00136277
195	0.182219	0.00272554
205	0.190968	0.00272554
215	0.198812	0.00272554
225	0.199717	0
235	0.184934	0.00136277
245	0.217215	0.00272554
255	0.204242	0.00136277
265	0.194588	0.00136277
275	0.194588	0
285	0.19851	0.00136277
295	0.202131	0
305	0.18765	0
315	0.19308	0.00272554
325	0.198209	0.00136277
335	0.184934	0
345	0.194287	0.00136277
355	0.191571	0
365	0.16985	0
375	0.169247	0
385	0.170152	0
395	0.174375	0.00136277
405	0.155671	0
415	0.159593	0.00136277
425	0.153861	0
435	0.153559	0
445	0.146922	0
455	0.138475	0
465	0.140285	0.00136277
475	0.128217	0.00136277
485	0.125804	0
495	0.131234	0
505	0.115848	0.00136277
515	0.0956349	0.00136277
525	0.113736	0.00136277
535	0.101065	0.00136277
545	0.0986518	0
555	0.0902045	0.00136277
565	0.0823607	0.00408831
575	0.082964	0.00272554
585	0.0742151	0.00136277
595	0.0708965	0
605	0.0603375	0.00136277
615	0.0561138	0.00136277
625	0.0440464	0.00136277
635	0.0425379	0.00136277
645	0.0371075	0
655	0.0313755	0.00272554
665	0.0365042	0.00136277
675	0.0316772	0
685	0.0265485	0
695	0.0214198	0.00136277
705	0.0187046	0.00136277
715	0.0159894	0.00408831
725	0.0165928	0
735	0.00844725	0
745	0.00754218	0
755	0.00784387	0.00136277
765	0.00603375	0
775	0.00543037	0
785	0.00422362	0.00545108
795	0.00392194	0.00136277
805	0.00362025	0.00136277
815	0.0024135	0
825	0.000905062	0
835	0.00150844	0.00408831
845	0.00211181	0
855	0.00150844	0
865	0.00150844	0.00136277
875	0.00120675	0.00272554
885	0.00120675	0.00136277
895	0.00150844	0
905	0.000905062	0.00136277
915	0.000905062	0
925	0.00181012	0
935	0.00120675	0.00408831
945	0.00181012	0.00136277
955	0.00150844	0
965	0.000603375	0.00136277
975	0.000905062	0.00136277
985	0.00150844	0
995	0.00150844	0
1005	0.000905062	0
1015	0.000603375	0.00136277
1025	0.000301687	0
1035	0.000905062	0.00136277
1045	0.000301687	0
1055	0.000905062	0
1065	0.00150844	0
1075	0.000603375	0
1085	0	0
1095	0	0.00136277
1105	0.000603375	0.00272554
1115	0.000301687	0.00136277
1125	0.00181012	0
1135	0.00120675	0
1145	0.000301687	0
1155	0.00150844	0.00408831
1165	0.00181012	0
1175	0.000603375	0.00136277
1185	0.00120675	0
1195	0.00181012	0.00272554
