FG time = 3606.18	BG time = 485.498
5	0	0
15	0	0
25	0	0
35	0.000554603	0
45	0.00221841	0.00205974
55	0.0327216	0.00411948
65	0.0984421	0.00617923
75	0.194111	0.0164779
85	0.216573	0.00823897
95	0.252899	0.00411948
105	0.263437	0.00617923
115	0.288671	0.00411948
125	0.294494	0.00205974
135	0.307528	0.00205974
145	0.307805	0.00823897
155	0.319174	0.00411948
165	0.32583	0.00205974
175	0.33609	0.00205974
185	0.340527	0.00205974
195	0.340804	0.00205974
205	0.347736	0.00205974
215	0.3494	0.00617923
225	0.347182	0
235	0.355778	0.00205974
245	0.362711	0
255	0.371862	0
265	0.352173	0.00205974
275	0.370475	0.00205974
285	0.343854	0
295	0.348846	0
305	0.335258	0
315	0.335535	0.00205974
325	0.332762	0
335	0.308082	0
345	0.326107	0
355	0.323334	0.00205974
365	0.334426	0.00205974
375	0.310855	0.00205974
385	0.288948	0
395	0.296158	0
405	0.287285	0.00411948
415	0.280075	0
425	0.267319	0
435	0.260386	0.00205974
445	0.250403	0
455	0.25595	0.00205974
465	0.240421	0
475	0.229883	0
485	0.208254	0
495	0.180801	0
505	0.19633	0.00205974
515	0.202708	0
525	0.187179	0.00205974
535	0.169154	0
545	0.172204	0.00205974
555	0.146693	0
565	0.139205	0
575	0.133382	0.00411948
585	0.120072	0
595	0.107038	0
605	0.112307	0
615	0.0898458	0
625	0.0862408	0
635	0.0737623	0.00411948
645	0.0726531	0
655	0.0612837	0.00205974
665	0.0557376	0.00205974
675	0.05241	0.00411948
685	0.0449229	0
695	0.0393768	0
705	0.0288394	0
715	0.0305032	0.00411948
725	0.0260664	0.00205974
735	0.0155289	0
745	0.0110921	0.00205974
755	0.0122013	0
765	0.0108148	0.00205974
775	0.00693254	0
785	0.00720985	0
795	0.00471413	0
805	0.00471413	0.00205974
815	0.00277302	0
825	0.00332762	0
835	0.000554603	0
845	0.00138651	0.00205974
855	0.00249572	0.00205974
865	0.00221841	0
875	0.00110921	0
885	0.000831905	0
895	0.00138651	0
905	0.00110921	0
915	0.000831905	0
925	0.00110921	0
935	0.000831905	0
945	0.000831905	0
955	0.000277302	0
965	0.00110921	0.00205974
975	0.00110921	0.00205974
985	0.000554603	0
995	0.000831905	0
1005	0.000554603	0
1015	0.00110921	0.00205974
1025	0.00110921	0
1035	0.000554603	0
1045	0.00166381	0
1055	0.00166381	0.00411948
1065	0.00110921	0.00205974
1075	0.00110921	0
1085	0	0.00205974
1095	0.00194111	0.00205974
1105	0.00138651	0
1115	0.000831905	0.00205974
1125	0.00110921	0
1135	0.00110921	0
1145	0.000831905	0.00205974
1155	0.00166381	0
1165	0.000554603	0.00411948
1175	0.00138651	0
1185	0.000554603	0.00205974
1195	0.000831905	0
