FG time = 3320.02	BG time = 735.406
5	0	0
15	0	0
25	0	0
35	0	0
45	0	0
55	0	0
65	0	0
75	0	0
85	0	0
95	0	0
105	0.000301203	0
115	0.000301203	0
125	0.000903609	0.00271958
135	0.00271083	0.00135979
145	0.00602406	0
155	0.0102409	0
165	0.00662646	0.00271958
175	0.00572285	0
185	0.00843368	0
195	0.00722887	0.00135979
205	0.00813248	0
215	0.00933729	0
225	0.00813248	0.00135979
235	0.00542165	0.00135979
245	0.00481925	0.00135979
255	0.00451804	0.00135979
265	0.00391564	0.00135979
275	0.00391564	0
285	0.00421684	0.00135979
295	0.00391564	0
305	0.00421684	0
315	0.00271083	0
325	0.00301203	0.00135979
335	0.00331323	0
345	0.00331323	0
355	0.00331323	0.00135979
365	0.00451804	0
375	0.00271083	0
385	0.00240962	0
395	0.00301203	0.00135979
405	0.00240962	0
415	0.00210842	0
425	0.00150601	0
435	0.00150601	0
445	0.00240962	0
455	0.00120481	0.00135979
465	0.000903609	0.00135979
475	0.000602406	0.00135979
485	0.00180722	0.00271958
495	0	0.00135979
505	0.00210842	0
515	0.00120481	0
525	0	0
535	0.00150601	0.00135979
545	0.000602406	0.00135979
555	0.000602406	0.00135979
565	0.00180722	0
575	0	0
585	0	0
595	0.000301203	0
605	0.000903609	0
615	0	0
625	0.000602406	0
635	0	0
645	0	0
655	0	0
665	0.00120481	0
675	0	0
685	0.000301203	0
695	0	0
705	0	0
715	0.000602406	0
725	0	0
735	0.000301203	0
745	0	0
755	0	0.00135979
765	0.000301203	0.00135979
775	0	0
785	0.000301203	0
795	0	0
805	0	0
815	0	0
825	0	0.00135979
835	0	0
845	0	0
855	0	0
865	0	0
875	0	0
885	0	0
895	0.000301203	0
905	0	0
915	0	0
925	0	0
935	0.000301203	0
945	0	0
955	0	0
965	0	0
975	0	0
985	0	0
995	0	0
1005	0	0
1015	0	0
1025	0	0
1035	0.000301203	0
1045	0	0
1055	0	0
1065	0	0
1075	0	0
1085	0.000301203	0
1095	0	0
1105	0	0
1115	0	0
1125	0	0
1135	0	0
1145	0.000301203	0
1155	0	0
1165	0.000301203	0
1175	0	0
1185	0	0
1195	0	0
