FG time = 3011.61	BG time = 486.742
5	0	0
15	0	0
25	0	0
35	0	0
45	0	0
55	0	0
65	0	0
75	0.000332048	0
85	0	0
95	0.00166024	0
105	0.000332048	0
115	0.00132819	0
125	0.00332048	0.00410895
135	0.00232434	0.00205448
145	0.00166024	0.00205448
155	0.00132819	0
165	0.00265639	0.00205448
175	0.00298843	0
185	0.00132819	0
195	0.00132819	0
205	0.00166024	0
215	0.00265639	0.00205448
225	0.00199229	0.00205448
235	0.000996144	0
245	0.00265639	0
255	0.00365253	0.00205448
265	0.00431663	0
275	0.00232434	0
285	0.00265639	0
295	0.00298843	0
305	0.00166024	0
315	0.000664096	0
325	0.00132819	0
335	0.00166024	0
345	0.00166024	0
355	0.00199229	0
365	0.00166024	0
375	0.000664096	0
385	0.00132819	0
395	0.00332048	0
405	0.000332048	0
415	0.000996144	0
425	0.000996144	0
435	0.000996144	0
445	0.000664096	0
455	0.00265639	0
465	0.00265639	0
475	0.000664096	0
485	0.00199229	0
495	0.000664096	0
505	0	0
515	0.00132819	0
525	0.00166024	0
535	0.000664096	0
545	0.000332048	0
555	0.000664096	0
565	0.000664096	0
575	0	0
585	0.000664096	0
595	0	0
605	0	0
615	0.000332048	0
625	0	0
635	0	0
645	0	0
655	0.000332048	0
665	0.000332048	0
675	0	0
685	0	0
695	0	0
705	0	0
715	0.000332048	0
725	0	0
735	0	0
745	0.000332048	0
755	0	0
765	0.000332048	0
775	0	0
785	0	0
795	0.000332048	0
805	0.000332048	0
815	0	0.00205448
825	0	0
835	0	0
845	0	0
855	0	0
865	0	0
875	0	0
885	0	0
895	0	0
905	0.000332048	0
915	0	0
925	0	0
935	0	0
945	0	0
955	0.000332048	0
965	0	0
975	0.000332048	0.00205448
985	0	0
995	0	0
1005	0	0
1015	0	0
1025	0	0
1035	0.000332048	0
1045	0	0
1055	0.000332048	0
1065	0	0
1075	0	0
1085	0	0
1095	0	0
1105	0	0
1115	0	0
1125	0	0
1135	0	0
1145	0	0
1155	0	0
1165	0	0
1175	0	0
1185	0	0
1195	0	0
