FG time = 3319.41	BG time = 734.809
5	0	0
15	0	0
25	0	0
35	0	0
45	0	0
55	0.00753145	0.0013609
65	0.0307283	0.00680449
75	0.0701931	0.00680449
85	0.0801346	0.00680449
95	0.103331	0.013609
105	0.108754	0.00680449
115	0.123516	0.013609
125	0.117189	0.00408269
135	0.123516	0.00408269
145	0.123215	0.00408269
155	0.134964	0.00680449
165	0.137976	0.0013609
175	0.149123	0.00544359
185	0.135867	0.00408269
195	0.137976	0.00408269
205	0.132554	0.0027218
215	0.142495	0
225	0.145206	0.00408269
235	0.155148	0.00408269
245	0.130445	0
255	0.144001	0.0013609
265	0.142194	0
275	0.14611	0
285	0.135566	0.0013609
295	0.137374	0.0013609
305	0.135566	0.0013609
315	0.132554	0
325	0.135566	0.0013609
335	0.131951	0.0013609
345	0.135566	0
355	0.135265	0.0013609
365	0.120804	0
375	0.127733	0.0013609
385	0.123215	0
395	0.115984	0.0013609
405	0.117189	0.00408269
415	0.102126	0
425	0.101825	0
435	0.108453	0
445	0.0951975	0.0013609
455	0.102729	0.00408269
465	0.0939925	0
475	0.0876661	0
485	0.0834485	0.0013609
495	0.0897749	0.0013609
505	0.0795321	0.0027218
515	0.0804359	0
525	0.0680843	0.0013609
535	0.0774233	0.0027218
545	0.0596491	0
555	0.0674818	0
565	0.0623604	0.00408269
575	0.0569378	0.0013609
585	0.0445862	0.0013609
595	0.0524189	0
605	0.0457912	0.0027218
615	0.0367535	0
625	0.0370547	0.0013609
635	0.0310296	0
645	0.0310296	0.0013609
655	0.0265107	0.00408269
665	0.0265107	0.0013609
675	0.0256069	0.0027218
685	0.018678	0.0027218
695	0.0156654	0.0013609
705	0.0123516	0.0027218
715	0.010544	0.0013609
725	0.009339	0
735	0.00873648	0.0013609
745	0.00723019	0.0013609
755	0.00723019	0
765	0.00451887	0.0013609
775	0.00451887	0.0013609
785	0.00451887	0.0027218
795	0.0036151	0.0013609
805	0.0036151	0.0013609
815	0.00210881	0.0013609
825	0.00271132	0.0027218
835	0.00120503	0.00408269
845	0.00210881	0.00408269
855	0.000903774	0.0013609
865	0.00120503	0.0013609
875	0.00120503	0
885	0.00301258	0.0013609
895	0.00241006	0.0013609
905	0.000602516	0
915	0.00210881	0
925	0.00210881	0
935	0.00120503	0.0027218
945	0.00210881	0
955	0.00120503	0
965	0.000602516	0.0013609
975	0.00180755	0.00408269
985	0.00150629	0.0027218
995	0.00150629	0
1005	0.00120503	0
1015	0.000301258	0.0027218
1025	0.00150629	0
1035	0.00150629	0.0013609
1045	0.000903774	0
1055	0.00120503	0.0027218
1065	0.000602516	0.0013609
1075	0.000602516	0
1085	0.00150629	0.00408269
1095	0.00180755	0.0027218
1105	0.000301258	0
1115	0.00241006	0.0027218
1125	0.00150629	0
1135	0.00120503	0.0027218
1145	0.000903774	0.0013609
1155	0.000903774	0.0027218
1165	0.000602516	0.0013609
1175	0	0
1185	0.000602516	0
1195	0.00120503	0
