FG time = 2705.94	BG time = 424.457
5	0	0
15	0	0
25	0	0
35	0	0
45	0.00406514	0
55	0.0181083	0
65	0.035108	0.00942381
75	0.0613466	0.00942381
85	0.105694	0.00942381
95	0.107541	0.0047119
105	0.134889	0
115	0.162236	0.00706786
125	0.173692	0.00942381
135	0.191061	0.0047119
145	0.195496	0.0047119
155	0.197713	0.0047119
165	0.227278	0.0047119
175	0.236517	0.00706786
185	0.245017	0.0047119
195	0.254995	0.0047119
205	0.266451	0
215	0.269408	0
225	0.276799	0
235	0.287146	0
245	0.310798	0
255	0.286777	0.0047119
265	0.277168	0.00942381
275	0.30082	0.00235595
285	0.29269	0
295	0.298603	0.00235595
305	0.277907	0.00235595
315	0.281234	0
325	0.278277	0.00235595
335	0.271255	0
345	0.260169	0.0047119
355	0.28419	0.0047119
365	0.271255	0
375	0.270147	0
385	0.262386	0.00235595
395	0.253517	0.00235595
405	0.255734	0.0047119
415	0.228387	0.00235595
425	0.25056	0
435	0.224322	0.0047119
445	0.216191	0.0047119
455	0.203996	0
465	0.210648	0
475	0.198083	0.0047119
485	0.198453	0
495	0.172953	0.00235595
505	0.169627	0
515	0.171844	0.0047119
525	0.16704	0
535	0.138954	0.00706786
545	0.128606	0.00235595
555	0.12565	0
565	0.119367	0
575	0.120845	0
585	0.104954	0
595	0.0957155	0
605	0.0849983	0
615	0.0809332	0.00235595
625	0.0694769	0
635	0.0620857	0
645	0.0639335	0.0047119
655	0.0546946	0
665	0.0524772	0.00235595
675	0.0461947	0.0047119
685	0.035108	0
695	0.0295646	0
705	0.0280864	0
715	0.0210648	0.00235595
725	0.0181083	0
735	0.0144128	0.00235595
745	0.0147823	0
755	0.0118259	0
765	0.00591293	0.0047119
775	0.00443469	0
785	0.00332602	0
795	0.0025869	0.00235595
805	0.00369558	0
815	0.0025869	0
825	0.00184779	0
835	0.00295646	0
845	0.00295646	0.00235595
855	0.000369558	0
865	0.00147823	0.00706786
875	0.00147823	0
885	0.00221735	0.00235595
895	0.00184779	0
905	0.00147823	0.00942381
915	0.00110867	0
925	0.00110867	0
935	0.00147823	0.00235595
945	0.00110867	0.0047119
955	0.0025869	0
965	0.00110867	0
975	0.00147823	0
985	0.00147823	0.00235595
995	0.00147823	0.00235595
1005	0.00221735	0
1015	0.00147823	0.00235595
1025	0.0025869	0
1035	0.000369558	0
1045	0	0
1055	0.00110867	0.00235595
1065	0.00184779	0.00235595
1075	0.000369558	0.00235595
1085	0.00110867	0
1095	0.00147823	0.00235595
1105	0.000369558	0
1115	0.00147823	0
1125	0.00110867	0
1135	0.00110867	0
1145	0.00110867	0
1155	0.000369558	0
1165	0.00147823	0
1175	0.00110867	0.00235595
1185	0.00184779	0
1195	0.00110867	0.00235595
