FG time = 3605.12	BG time = 545.218
5	0	0
15	0	0
25	0	0
35	0	0
45	0	0
55	0.00582506	0.00366826
65	0.0313444	0.00366826
75	0.057141	0.00183413
85	0.0851568	0.00366826
95	0.104296	0.00917064
105	0.124545	0.00733651
115	0.149232	0.00550238
125	0.156444	0.00183413
135	0.173365	0.00366826
145	0.198607	0
155	0.211366	0.00183413
165	0.22052	0.00366826
175	0.226345	0.00733651
185	0.245485	0.00183413
195	0.241324	0.00183413
205	0.266566	0.00183413
215	0.270449	0
225	0.271836	0
235	0.282931	0.00183413
245	0.287647	0.00183413
255	0.283486	0.00183413
265	0.28626	0.00183413
275	0.283209	0
285	0.285983	0
295	0.28626	0.00366826
305	0.274055	0.00183413
315	0.285983	0.00183413
325	0.29264	0
335	0.263792	0
345	0.276551	0
355	0.275997	0
365	0.271004	0
375	0.259076	0
385	0.253806	0
395	0.248536	0
405	0.235776	0
415	0.239659	0
425	0.236886	0.00183413
435	0.227455	0
445	0.234389	0.00183413
455	0.20887	0
465	0.215804	0.00550238
475	0.196665	0.00366826
485	0.189176	0.00366826
495	0.194169	0
505	0.180022	0
515	0.175584	0
525	0.159773	0.00183413
535	0.148123	0
545	0.142298	0.00183413
555	0.140634	0
565	0.1251	0
575	0.121771	0
585	0.0965295	0.00183413
595	0.104574	0
605	0.099026	0
615	0.080996	0
625	0.0732293	0.00183413
635	0.0740614	0
645	0.0629661	0.00183413
655	0.0585279	0.00366826
665	0.0524255	0
675	0.0460457	0
685	0.0382789	0
695	0.0338408	0.00183413
705	0.0233002	0.00183413
715	0.0233002	0
725	0.0183073	0
735	0.0169204	0
745	0.0122049	0
755	0.00721197	0
765	0.00582506	0.00183413
775	0.00665721	0
785	0.00471552	0.00183413
795	0.0033286	0.00183413
805	0.00194169	0.00183413
815	0.00360599	0
825	0.00138692	0
835	0.00110953	0
845	0.00138692	0
855	0.00138692	0
865	0.000554767	0
875	0.00138692	0
885	0.00138692	0
895	0.000554767	0
905	0.000832151	0.00366826
915	0.0016643	0.00183413
925	0.000277384	0
935	0.000277384	0
945	0.00138692	0
955	0.0016643	0.00366826
965	0.00110953	0
975	0.000832151	0.00183413
985	0.000832151	0.00183413
995	0.000554767	0
1005	0.000554767	0
1015	0.000832151	0
1025	0.000832151	0
1035	0.000554767	0
1045	0.0016643	0.00183413
1055	0.000554767	0
1065	0.000554767	0
1075	0.000277384	0
1085	0.000832151	0
1095	0.00110953	0
1105	0.000832151	0
1115	0.00110953	0
1125	0.0016643	0
1135	0.000832151	0
1145	0.000277384	0.00183413
1155	0.000554767	0.00183413
1165	0.000554767	0
1175	0.000554767	0
1185	0.000554767	0.00183413
1195	0.000832151	0
