FG time = 2412.74	BG time = 493.646
5	0	0
15	0	0
25	0	0
35	0	0
45	0.000828932	0
55	0.0111906	0.00405149
65	0.0596831	0.00405149
75	0.0953272	0.00607723
85	0.12061	0.0121545
95	0.152938	0.00607723
105	0.179464	0.0121545
115	0.193556	0.0101287
125	0.201845	0.00607723
135	0.226713	0.00405149
145	0.202674	0.00202574
155	0.245778	0.00405149
165	0.248265	0.00607723
175	0.246607	0.00202574
185	0.237075	0.00405149
195	0.25987	0.00607723
205	0.266087	0.00607723
215	0.262772	0.00405149
225	0.268574	0.00405149
235	0.266087	0.00405149
245	0.260285	0.00405149
255	0.261114	0
265	0.256555	0
275	0.263186	0.00607723
285	0.265673	0
295	0.262772	0.00202574
305	0.247851	0.00405149
315	0.25614	0
325	0.264429	0
335	0.257798	0.00405149
345	0.250338	0.00202574
355	0.239976	0
365	0.222154	0.00607723
375	0.235831	0.00405149
385	0.226299	0.00607723
395	0.238318	0.00202574
405	0.2292	0
415	0.203503	0.00405149
425	0.204746	0.0101287
435	0.20972	0.00405149
445	0.184023	0
455	0.19397	0
465	0.173247	0
475	0.163714	0.00202574
485	0.16703	0
495	0.151695	0
505	0.159155	0.00202574
515	0.144649	0.00202574
525	0.14382	0
535	0.114807	0.00405149
545	0.123511	0
555	0.128899	0
565	0.11232	0
575	0.103617	0.00202574
585	0.102788	0
595	0.0816498	0.00405149
605	0.0712882	0.00607723
615	0.0754328	0.00405149
625	0.0725316	0
635	0.0683869	0.00607723
645	0.0484925	0.00607723
655	0.0501504	0.00405149
665	0.0356441	0
675	0.0414466	0
685	0.0410322	0.00405149
695	0.0290126	0.00405149
705	0.0273548	0.00405149
715	0.0306705	0.00405149
725	0.0190654	0.00202574
735	0.0190654	0.00607723
745	0.0174076	0
755	0.0132629	0.00405149
765	0.00704592	0.00202574
775	0.00580253	0
785	0.00704592	0.00202574
795	0.00580253	0.00607723
805	0.00455913	0
815	0.00331573	0.00405149
825	0.00414466	0
835	0.00290126	0
845	0.00455913	0.00202574
855	0.00290126	0
865	0.00165786	0.00202574
875	0.0037302	0.00405149
885	0.00165786	0.00405149
895	0.00165786	0.00405149
905	0.00207233	0.00202574
915	0.00290126	0
925	0.0024868	0.00405149
935	0.0012434	0
945	0.00207233	0.00202574
955	0.00165786	0.00202574
965	0.00290126	0.00202574
975	0.00414466	0
985	0.0012434	0.00607723
995	0.0012434	0.00405149
1005	0.00207233	0
1015	0.00165786	0.00202574
1025	0.00331573	0
1035	0.0024868	0.00405149
1045	0.0012434	0
1055	0.0037302	0.00405149
1065	0.0037302	0.00607723
1075	0.00165786	0.00405149
1085	0.00538806	0.00607723
1095	0.0024868	0.00202574
1105	0.00290126	0.00202574
1115	0.00165786	0
1125	0.0012434	0
1135	0.00165786	0
1145	0.00207233	0
1155	0.0012434	0.00202574
1165	0.00165786	0.00202574
1175	0.0012434	0
1185	0.0012434	0
1195	0.0012434	0
