FG time = 3312.64	BG time = 607.862
5	0	0
15	0	0
25	0	0
35	0.000301874	0
45	0.00362249	0.00164511
55	0.0156975	0.00493533
65	0.0386399	0.00822555
75	0.0501111	0.00658044
85	0.0618842	0.00822555
95	0.0688273	0.00658044
105	0.0902604	0.00164511
115	0.103543	0.00329022
125	0.0944866	0.00329022
135	0.10958	0.00329022
145	0.119844	0.00658044
155	0.127995	0.00658044
165	0.121957	0.00329022
175	0.137353	0.00164511
185	0.124674	0.00493533
195	0.137655	0.00164511
205	0.145503	0.00164511
215	0.141277	0.00493533
225	0.138862	0.00164511
235	0.151843	0.00164511
245	0.128297	0.00329022
255	0.14822	0.00164511
265	0.147918	0
275	0.143692	0
285	0.141881	0.00164511
295	0.13856	0
305	0.147918	0
315	0.150635	0
325	0.147315	0.00164511
335	0.143994	0
345	0.13856	0.00164511
355	0.132523	0
365	0.136145	0.00164511
375	0.129504	0.00164511
385	0.129202	0.00329022
395	0.122561	0
405	0.121353	0.00164511
415	0.121353	0.00164511
425	0.112297	0
435	0.113807	0
445	0.115316	0
455	0.117731	0
465	0.11109	0
475	0.0965998	0
485	0.107769	0
495	0.0881473	0.00329022
505	0.0956941	0
515	0.0890529	0
525	0.0821098	0
535	0.0703367	0.00164511
545	0.0766761	0
555	0.0733554	0
565	0.0709405	0.00164511
575	0.0546392	0
585	0.0618842	0
595	0.0522242	0
605	0.0549411	0
615	0.0464886	0.00164511
625	0.0374324	0
635	0.0356212	0
645	0.038338	0.00164511
655	0.0329043	0
665	0.0289799	0.00329022
675	0.0301874	0
685	0.0223387	0
695	0.0175087	0
705	0.0141881	0.00164511
715	0.016905	0.00164511
725	0.016905	0.00658044
735	0.0108675	0
745	0.0105656	0.00329022
755	0.00724498	0.00164511
765	0.00996185	0
775	0.00694311	0.00164511
785	0.00452811	0
795	0.00422624	0
805	0.00422624	0
815	0.00392437	0
825	0.00241499	0.00164511
835	0.00150937	0
845	0.00181125	0
855	0.0012075	0
865	0.00150937	0
875	0.00150937	0
885	0	0
895	0.000905623	0.00493533
905	0.00181125	0
915	0.00271687	0
925	0.00150937	0
935	0.000603749	0.00164511
945	0.000905623	0.00164511
955	0.00150937	0
965	0.000905623	0.00493533
975	0.000301874	0.00164511
985	0.000603749	0
995	0.000301874	0
1005	0.000905623	0
1015	0.000603749	0.00164511
1025	0.000301874	0
1035	0.000603749	0
1045	0.000603749	0.00493533
1055	0.000603749	0
1065	0.0012075	0
1075	0.000301874	0
1085	0.00150937	0.00164511
1095	0.00181125	0
1105	0.000905623	0.00164511
1115	0.000603749	0
1125	0.000905623	0.00164511
1135	0	0
1145	0.0012075	0
1155	0.000301874	0.00164511
1165	0.00150937	0.00329022
1175	0.0012075	0
1185	0.000301874	0.00164511
1195	0.00150937	0
