FG time = 3611.68	BG time = 485.536
5	0	0
15	0	0
25	0	0
35	0	0
45	0	0
55	0	0
65	0	0
75	0	0
85	0	0
95	0	0
105	0	0
115	0	0
125	0.000830638	0
135	0.000276879	0
145	0.000276879	0
155	0.0013844	0
165	0.0013844	0
175	0.00276879	0.00205958
185	0.00443007	0
195	0.00359943	0
205	0.00443007	0
215	0.00498383	0
225	0.00858326	0
235	0.00636822	0
245	0.00692198	0.00205958
255	0.00609134	0
265	0.00470695	0
275	0.00775262	0
285	0.00470695	0
295	0.00581447	0
305	0.00858326	0
315	0.00886014	0.00411916
325	0.00830638	0
335	0.0080295	0
345	0.00747574	0.00205958
355	0.00636822	0
365	0.00830638	0
375	0.00581447	0
385	0.00609134	0
395	0.00609134	0
405	0.00609134	0
415	0.00581447	0
425	0.00609134	0
435	0.00775262	0
445	0.00719886	0
455	0.00609134	0
465	0.00498383	0.00205958
475	0.00581447	0.00205958
485	0.00470695	0
495	0.00747574	0
505	0.00443007	0
515	0.00470695	0
525	0.00304567	0
535	0.00304567	0
545	0.00553759	0.00205958
555	0.00304567	0
565	0.00526071	0
575	0.00443007	0.00411916
585	0.00249191	0
595	0.00249191	0
605	0.00221503	0
615	0.00276879	0
625	0.00276879	0
635	0.00332255	0
645	0.00276879	0
655	0.00221503	0
665	0.0013844	0
675	0.00304567	0.00205958
685	0.000830638	0
695	0.00193816	0
705	0.0013844	0
715	0.000553759	0
725	0.000830638	0
735	0.000276879	0
745	0.00110752	0.00205958
755	0.000553759	0
765	0.000276879	0
775	0.000276879	0
785	0	0
795	0.000276879	0
805	0.000830638	0
815	0.000553759	0
825	0.00110752	0.00411916
835	0.00110752	0
845	0.000553759	0
855	0.000830638	0.00205958
865	0.000276879	0
875	0.000553759	0
885	0.000276879	0.00205958
895	0.000553759	0.00205958
905	0.000276879	0
915	0.000830638	0
925	0.00166128	0
935	0.000276879	0
945	0.000276879	0.00205958
955	0	0.00205958
965	0.000276879	0
975	0.0013844	0.00205958
985	0.000830638	0
995	0.000276879	0.00205958
1005	0.000553759	0.00205958
1015	0.000553759	0
1025	0	0
1035	0.000553759	0
1045	0.000276879	0.00205958
1055	0	0.00205958
1065	0.000553759	0
1075	0.000553759	0
1085	0.0013844	0
1095	0	0
1105	0	0
1115	0.0013844	0
1125	0.000553759	0
1135	0.000553759	0
1145	0.000553759	0
1155	0.00166128	0
1165	0.000276879	0
1175	0.000553759	0
1185	0.000553759	0
1195	0.000553759	0
