FG time = 3532.02	BG time = 486.014
5	0	0
15	0	0
25	0	0
35	0	0
45	0.000283124	0
55	0.000566248	0
65	0.00169874	0
75	0.00169874	0
85	0.00226499	0.00205755
95	0.00311436	0.00205755
105	0.00537936	0
115	0.00481311	0
125	0.00651185	0
135	0.00622873	0.00205755
145	0.0059456	0.00205755
155	0.00792747	0
165	0.00764435	0
175	0.00679497	0.00205755
185	0.00821059	0.00205755
195	0.00962621	0
205	0.00736122	0
215	0.00679497	0
225	0.00792747	0.00205755
235	0.00877684	0.00205755
245	0.00566248	0
255	0.0101925	0
265	0.00849372	0.00205755
275	0.00792747	0
285	0.00962621	0
295	0.0070781	0
305	0.00622873	0
315	0.00622873	0
325	0.00736122	0
335	0.00566248	0.00205755
345	0.00452998	0
355	0.0059456	0
365	0.00452998	0
375	0.00396374	0
385	0.00509623	0
395	0.00509623	0.00205755
405	0.00396374	0
415	0.00368061	0
425	0.00452998	0
435	0.00452998	0.00205755
445	0.00283124	0
455	0.00424686	0.00205755
465	0.00339749	0
475	0.00339749	0
485	0.00169874	0
495	0.00226499	0
505	0.00226499	0.00205755
515	0.00169874	0
525	0.00254812	0
535	0.00198187	0
545	0.00198187	0
555	0.00198187	0
565	0.0011325	0
575	0.00198187	0
585	0.00169874	0
595	0.000849372	0
605	0.000566248	0
615	0.00141562	0
625	0.000849372	0
635	0.000283124	0
645	0.000283124	0
655	0.000566248	0
665	0.000849372	0
675	0.000566248	0
685	0.000849372	0
695	0	0
705	0.000283124	0.00205755
715	0	0
725	0.000283124	0
735	0.000283124	0
745	0.000566248	0
755	0.000566248	0
765	0.000283124	0
775	0	0
785	0.000283124	0
795	0.000283124	0
805	0.000283124	0
815	0.000283124	0
825	0.000283124	0
835	0	0
845	0.000283124	0
855	0.000283124	0
865	0	0
875	0	0
885	0	0
895	0.000283124	0
905	0	0
915	0	0
925	0	0
935	0	0
945	0.000566248	0
955	0.000283124	0
965	0.000566248	0
975	0	0
985	0	0
995	0	0
1005	0.000283124	0
1015	0	0
1025	0	0
1035	0	0
1045	0	0
1055	0	0
1065	0	0
1075	0	0
1085	0	0
1095	0	0
1105	0	0
1115	0	0
1125	0	0
1135	0	0
1145	0	0
1155	0	0
1165	0	0
1175	0	0
1185	0.000283124	0
1195	0.000283124	0
