FG time = 3319.18	BG time = 734.658
5	0	0
15	0	0
25	0	0
35	0	0
45	0.0015064	0.00272235
55	0.0135576	0.00816706
65	0.0376599	0.00272235
75	0.059352	0.00952824
85	0.079839	0.0136118
95	0.0885761	0.0163341
105	0.10123	0.00680589
115	0.108159	0.0108894
125	0.130454	0.00680589
135	0.125332	0.00680589
145	0.128345	0.00544471
155	0.12714	0.00136118
165	0.130153	0.00816706
175	0.140095	0.00408353
185	0.141903	0.00952824
195	0.134672	0
205	0.128948	0.00408353
215	0.138589	0.00544471
225	0.140095	0.00952824
235	0.142505	0.00544471
245	0.144313	0.00680589
255	0.139794	0.00408353
265	0.134672	0.00272235
275	0.140697	0.00680589
285	0.141601	0.00272235
295	0.139794	0.00680589
305	0.125031	0.00544471
315	0.135576	0.00408353
325	0.13196	0.00272235
335	0.132262	0.00408353
345	0.132262	0.00136118
355	0.133467	0.00272235
365	0.132563	0.00136118
375	0.114787	0.00272235
385	0.111473	0.00136118
395	0.126839	0.00544471
405	0.113281	0.00136118
415	0.101832	0.00272235
425	0.107557	0.00136118
435	0.10364	0
445	0.101832	0.00544471
455	0.0997235	0
465	0.0897813	0.00272235
475	0.084057	0.00272235
485	0.0918902	0.00136118
495	0.0792365	0.00408353
505	0.0804416	0
515	0.0747173	0.00408353
525	0.0620636	0.00272235
535	0.0647751	0.00272235
545	0.0653776	0.00136118
555	0.0557367	0
565	0.0566405	0.00136118
575	0.0557367	0.00136118
585	0.0415766	0.00136118
595	0.0454932	0.00952824
605	0.0494098	0.00272235
615	0.0364548	0.00136118
625	0.0289228	0.00408353
635	0.0340446	0.00408353
645	0.0244036	0.00408353
655	0.0310318	0.00544471
665	0.0274164	0.00136118
675	0.0228972	0.00272235
685	0.0216921	0.00544471
695	0.0141601	0.00136118
705	0.018378	0.00136118
715	0.0105448	0.00272235
725	0.0102435	0.00408353
735	0.0087371	0.00136118
745	0.00933966	0.00136118
755	0.00602559	0
765	0.00482047	0.00816706
775	0.00542303	0.00136118
785	0.00451919	0.00272235
795	0.00331407	0.00408353
805	0.00361535	0.00680589
815	0.00361535	0.00408353
825	0.00241024	0.00272235
835	0.00271151	0.00408353
845	0.00120512	0.00136118
855	0.00421791	0.00136118
865	0.0015064	0.00136118
875	0.00210896	0.00272235
885	0.00301279	0.00136118
895	0.0015064	0.00136118
905	0.00301279	0.00272235
915	0.00301279	0.00680589
925	0.00241024	0
935	0.0015064	0
945	0.00271151	0.00136118
955	0.00210896	0.00136118
965	0.00271151	0.00680589
975	0.00241024	0.00272235
985	0.00210896	0.00272235
995	0.00210896	0.00544471
1005	0.00271151	0.00272235
1015	0.00210896	0.00136118
1025	0.00120512	0
1035	0.000602559	0.00136118
1045	0.00301279	0.00272235
1055	0.00241024	0.00272235
1065	0.00210896	0.00136118
1075	0.00391663	0.00272235
1085	0.00120512	0.00272235
1095	0.00180768	0.00272235
1105	0.00210896	0.00272235
1115	0.00301279	0.00272235
1125	0.00241024	0.00272235
1135	0.00180768	0.00408353
1145	0.00331407	0.00272235
1155	0.00301279	0.00136118
1165	0.0015064	0
1175	0.00241024	0
1185	0.00120512	0.00272235
1195	0.00180768	0.00136118
