FG time = 2883.74	BG time = 364.506
5	0	0
15	0	0
25	0	0
35	0	0
45	0	0
55	0	0
65	0	0
75	0	0
85	0	0
95	0	0
105	0	0
115	0	0
125	0	0
135	0.000346772	0
145	0	0.00274344
155	0.000693544	0
165	0.000693544	0
175	0.00104032	0
185	0.00173386	0
195	0.0024274	0.00274344
205	0.0024274	0
215	0.00346772	0
225	0.00312095	0
235	0.00520158	0
245	0.00416126	0
255	0.00381449	0
265	0.0062419	0
275	0.00520158	0
285	0.0062419	0
295	0.00762899	0
305	0.00450804	0
315	0.00832253	0
325	0.00832253	0
335	0.0062419	0.00274344
345	0.0086693	0
355	0.00936285	0
365	0.00728221	0
375	0.00693544	0
385	0.00762899	0
395	0.00589513	0
405	0.00762899	0
415	0.00936285	0
425	0.00762899	0
435	0.00762899	0.00274344
445	0.00658867	0
455	0.00589513	0
465	0.00658867	0
475	0.00658867	0
485	0.0086693	0
495	0.00658867	0
505	0.00797576	0
515	0.00485481	0
525	0.00658867	0
535	0.00485481	0
545	0.00381449	0.00274344
555	0.00589513	0
565	0.00658867	0
575	0.00416126	0
585	0.00312095	0
595	0.00277418	0
605	0.00277418	0
615	0.00381449	0
625	0.00381449	0
635	0.00381449	0
645	0.00416126	0
655	0.00312095	0
665	0.00312095	0
675	0.00381449	0
685	0.00173386	0
695	0.00208063	0
705	0.00138709	0
715	0.00173386	0
725	0.000693544	0
735	0.00173386	0
745	0.000346772	0
755	0.00208063	0.00274344
765	0.00104032	0
775	0	0
785	0.000693544	0
795	0.00104032	0
805	0.000346772	0
815	0.00104032	0
825	0.000346772	0.00274344
835	0.000693544	0
845	0.000693544	0.00274344
855	0.000693544	0.00274344
865	0.000346772	0
875	0	0
885	0.000346772	0
895	0.000346772	0.00274344
905	0.000346772	0.00274344
915	0	0
925	0.000346772	0.00274344
935	0.000346772	0
945	0	0
955	0.00104032	0.00274344
965	0.000346772	0.00274344
975	0.000693544	0.00823032
985	0	0.00274344
995	0.000346772	0
1005	0.000346772	0
1015	0.00104032	0
1025	0.000346772	0
1035	0.000693544	0
1045	0.00138709	0
1055	0.000693544	0
1065	0.00104032	0
1075	0.00138709	0
1085	0.000346772	0.00274344
1095	0.000693544	0
1105	0.000346772	0
1115	0.00104032	0.00274344
1125	0	0
1135	0.000346772	0
1145	0.000346772	0.00274344
1155	0.000346772	0
1165	0.00208063	0
1175	0.00104032	0
1185	0.000693544	0
1195	0.000346772	0
