FG time = 3018.86	BG time = 614.533
5	0	0
15	0	0
25	0	0
35	0	0
45	0	0
55	0	0
65	0.000331251	0.00162725
75	0.00165625	0
85	0.000331251	0
95	0.000662502	0
105	0.000993752	0
115	0	0
125	0.00165625	0
135	0.001325	0
145	0.00463751	0
155	0.00331251	0
165	0.00231876	0
175	0.00231876	0
185	0.00265001	0
195	0.00265001	0.00162725
205	0.00463751	0
215	0.00397501	0
225	0.00165625	0.0032545
235	0.00331251	0.00162725
245	0.00265001	0
255	0.00331251	0
265	0.00298126	0
275	0.00364376	0
285	0.00563126	0
295	0.001325	0
305	0.000662502	0
315	0.000993752	0
325	0.0019875	0.00162725
335	0.00265001	0.00162725
345	0.00298126	0
355	0.00231876	0
365	0.00165625	0
375	0.00231876	0.00162725
385	0.000662502	0.00162725
395	0.001325	0
405	0.000662502	0.00162725
415	0.000331251	0
425	0.00265001	0
435	0.00165625	0
445	0.00165625	0
455	0.0019875	0
465	0.001325	0
475	0.0019875	0
485	0.000993752	0
495	0.000662502	0
505	0.000662502	0
515	0.0019875	0
525	0.000662502	0
535	0.000662502	0
545	0	0
555	0	0.00162725
565	0.000662502	0
575	0.000993752	0
585	0.000331251	0
595	0	0.00162725
605	0	0
615	0	0
625	0.000331251	0
635	0.000331251	0
645	0.000331251	0
655	0	0
665	0	0.00162725
675	0	0
685	0.000331251	0
695	0	0
705	0	0
715	0	0
725	0	0
735	0	0
745	0.000331251	0
755	0.000331251	0
765	0	0
775	0	0
785	0	0
795	0.000331251	0
805	0.000331251	0
815	0	0
825	0	0
835	0	0
845	0	0
855	0	0
865	0	0
875	0	0
885	0	0
895	0.000331251	0
905	0.000331251	0
915	0	0
925	0.000331251	0
935	0	0
945	0	0
955	0	0
965	0	0
975	0	0
985	0	0
995	0.000331251	0
1005	0	0
1015	0	0
1025	0	0.00162725
1035	0	0
1045	0	0
1055	0	0
1065	0	0
1075	0.000662502	0
1085	0	0
1095	0	0
1105	0	0
1115	0	0
1125	0	0
1135	0	0
1145	0	0
1155	0	0
1165	0	0
1175	0	0
1185	0	0
1195	0	0
