FG time = 2417.71	BG time = 494.051
5	0	0
15	0	0
25	0	0
35	0	0
45	0	0
55	0	0
65	0	0
75	0	0
85	0	0
95	0	0
105	0.000413614	0
115	0.000827229	0
125	0.00330891	0
135	0.00372253	0
145	0.00785867	0.00404816
155	0.00537699	0.00202408
165	0.0103404	0
175	0.00744506	0
185	0.00744506	0
195	0.00992674	0
205	0.00951313	0
215	0.00703144	0
225	0.00785867	0
235	0.00537699	0.00202408
245	0.00620421	0
255	0.00454976	0
265	0.00537699	0
275	0.00248169	0
285	0.00496337	0
295	0.00703144	0
305	0.00496337	0
315	0.00496337	0
325	0.00413614	0
335	0.0028953	0
345	0.0028953	0
355	0.00124084	0
365	0.000827229	0.00202408
375	0.0028953	0.00202408
385	0.00206807	0
395	0.00206807	0
405	0.00372253	0
415	0.00165446	0
425	0.00330891	0
435	0.00165446	0
445	0.00165446	0
455	0.00206807	0
465	0.00165446	0
475	0.00165446	0
485	0.00206807	0
495	0.00124084	0
505	0.000827229	0
515	0.000827229	0
525	0.000827229	0
535	0.000413614	0
545	0.000827229	0
555	0.000827229	0
565	0.00165446	0
575	0	0
585	0.00124084	0
595	0	0
605	0.000827229	0
615	0.00124084	0
625	0	0
635	0	0
645	0	0
655	0.000413614	0.00202408
665	0	0
675	0	0
685	0	0
695	0	0
705	0	0
715	0	0
725	0.000413614	0
735	0	0
745	0	0
755	0	0
765	0	0.00202408
775	0	0
785	0	0
795	0	0
805	0	0
815	0	0
825	0	0
835	0	0
845	0.000413614	0
855	0	0
865	0	0
875	0.000413614	0
885	0	0
895	0	0
905	0.000413614	0
915	0	0
925	0	0
935	0.000413614	0
945	0	0
955	0	0
965	0	0.00202408
975	0	0
985	0	0
995	0	0
1005	0	0
1015	0	0
1025	0	0
1035	0	0
1045	0	0
1055	0.000413614	0
1065	0	0
1075	0	0
1085	0	0
1095	0	0
1105	0.000413614	0
1115	0	0
1125	0	0
1135	0	0
1145	0	0
1155	0	0
1165	0	0
1175	0	0
1185	0	0
1195	0	0
