FG time = 3013.21	BG time = 613.593
5	0	0
15	0	0
25	0	0
35	0	0
45	0	0
55	0	0
65	0	0
75	0	0
85	0	0
95	0	0
105	0	0
115	0	0
125	0.000331872	0
135	0.000663744	0
145	0.0023231	0
155	0.00298685	0
165	0.00431434	0
175	0.00530995	0
185	0.0059737	0
195	0.00431434	0.00162974
205	0.0059737	0
215	0.00730119	0.00162974
225	0.00929242	0
235	0.00796493	0
245	0.00696931	0.00325949
255	0.00630557	0.00162974
265	0.0116155	0.00162974
275	0.0116155	0.00162974
285	0.00896055	0
295	0.00962429	0.00162974
305	0.012943	0.00162974
315	0.010288	0
325	0.00730119	0.00162974
335	0.00995616	0.00488923
345	0.0119474	0.00162974
355	0.010288	0.00162974
365	0.00962429	0.00162974
375	0.00929242	0.00325949
385	0.00862867	0
395	0.010288	0.00162974
405	0.0109518	0
415	0.00630557	0
425	0.00530995	0.00162974
435	0.0059737	0.00162974
445	0.00796493	0
455	0.00763306	0
465	0.0082968	0.00325949
475	0.00796493	0
485	0.00497808	0.00162974
495	0.0059737	0
505	0.00929242	0
515	0.00464621	0.00488923
525	0.00464621	0.00162974
535	0.00464621	0
545	0.00298685	0
555	0.00530995	0
565	0.00298685	0.00162974
575	0.00630557	0
585	0.00165936	0
595	0.00730119	0
605	0.00298685	0.00162974
615	0.00464621	0
625	0.00199123	0
635	0.00199123	0
645	0.00331872	0
655	0.00265498	0
665	0.00265498	0
675	0.000995616	0.00162974
685	0.00132749	0.00162974
695	0.00165936	0.00162974
705	0.00298685	0.00162974
715	0.00165936	0
725	0.00132749	0
735	0.00132749	0
745	0.0023231	0.00162974
755	0.00132749	0.00162974
765	0.00165936	0.00162974
775	0.00132749	0
785	0.00199123	0
795	0.00165936	0
805	0.000331872	0.00162974
815	0.000331872	0.00325949
825	0.00265498	0.00162974
835	0.000331872	0
845	0.00132749	0
855	0.000331872	0
865	0.000663744	0
875	0.00165936	0
885	0.000663744	0
895	0.00165936	0
905	0.000995616	0
915	0.00165936	0
925	0.000663744	0
935	0.00132749	0.00162974
945	0.000331872	0.00162974
955	0.000663744	0
965	0.000995616	0
975	0.000995616	0
985	0.00165936	0
995	0.000995616	0.00162974
1005	0.000663744	0.00162974
1015	0.000663744	0.00162974
1025	0.00132749	0.00325949
1035	0.000995616	0
1045	0.00132749	0
1055	0.000995616	0.00325949
1065	0.000331872	0.00162974
1075	0.000663744	0
1085	0.00165936	0
1095	0.000663744	0.00325949
1105	0.000995616	0.00162974
1115	0.000331872	0
1125	0.000331872	0.00325949
1135	0.000995616	0
1145	0.000663744	0
1155	0.00132749	0.00162974
1165	0.000995616	0
1175	0.00165936	0.00162974
1185	0.000331872	0
1195	0.000995616	0
