FG time = 3313.07	BG time = 733.136
5	0	0
15	0	0
25	0	0
35	0	0
45	0	0
55	0.00482936	0.00272801
65	0.0431624	0.00545602
75	0.111075	0.00682002
85	0.14156	0.012276
95	0.159972	0.010912
105	0.176573	0.00272801
115	0.18925	0.00409201
125	0.18593	0.00818403
135	0.20072	0.00409201
145	0.201022	0.00272801
155	0.206153	0.00409201
165	0.205248	0.001364
175	0.204644	0.00272801
185	0.207059	0.00682002
195	0.194382	0.00818403
205	0.205248	0.00409201
215	0.212492	0.00545602
225	0.213397	0.001364
235	0.203738	0.001364
245	0.203135	0.001364
255	0.210379	0
265	0.20736	0
275	0.201324	0.001364
285	0.202229	0.001364
295	0.20404	0.00409201
305	0.201022	0.001364
315	0.204946	0
325	0.1974	0.001364
335	0.173857	0.001364
345	0.18925	0.001364
355	0.196796	0.001364
365	0.171442	0.00409201
375	0.183214	0.001364
385	0.172046	0
395	0.174762	0.001364
405	0.163293	0.001364
415	0.169933	0
425	0.159067	0
435	0.165405	0.001364
445	0.145786	0
455	0.158161	0.001364
465	0.14971	0
475	0.139448	0.001364
485	0.127072	0.001364
495	0.118621	0.001364
505	0.120432	0.00272801
515	0.11017	0
525	0.114999	0.001364
535	0.0902486	0.00272801
545	0.0983981	0
555	0.0923614	0.001364
565	0.0796844	0.001364
575	0.0805899	0
585	0.0706293	0.00272801
595	0.0661018	0
605	0.0715348	0.001364
615	0.0688183	0
625	0.0507082	0.001364
635	0.0491991	0
645	0.0395403	0
655	0.0395403	0
665	0.0298816	0
675	0.0332018	0.001364
685	0.0247504	0
695	0.0229394	0.001364
705	0.0175064	0.00272801
715	0.0181101	0.001364
725	0.0126771	0.00272801
735	0.00905504	0.001364
745	0.00754587	0
755	0.00905504	0.001364
765	0.00664036	0.00272801
775	0.00332018	0.00409201
785	0.00543302	0.00409201
795	0.00271651	0.00409201
805	0.00603669	0.00272801
815	0.00181101	0
825	0.00211284	0.001364
835	0.00120734	0
845	0.000603669	0
855	0.00181101	0.001364
865	0.00301835	0
875	0.000603669	0.001364
885	0.000905504	0
895	0.000905504	0.001364
905	0.00120734	0.001364
915	0.00150917	0.001364
925	0.000603669	0
935	0.00181101	0.00272801
945	0	0.001364
955	0.00120734	0.001364
965	0.00150917	0
975	0.00150917	0.00409201
985	0.00150917	0
995	0.00271651	0
1005	0.00120734	0.001364
1015	0.000905504	0.001364
1025	0.00150917	0.00272801
1035	0.000603669	0.001364
1045	0.00211284	0
1055	0.000301835	0
1065	0.000603669	0
1075	0.000603669	0
1085	0.00120734	0
1095	0.00120734	0
1105	0.000301835	0.001364
1115	0.00150917	0
1125	0.000301835	0.001364
1135	0.000603669	0
1145	0.00332018	0
1155	0.000301835	0.00409201
1165	0.000603669	0
1175	0.00120734	0.001364
1185	0.000603669	0.00272801
1195	0.000905504	0.00272801
