FG time = 3311.73	BG time = 613.033
5	0	0
15	0	0
25	0	0
35	0	0
45	0	0
55	0	0
65	0	0
75	0	0
85	0	0
95	0.000301957	0
105	0.000603914	0
115	0.00150979	0
125	0.00603914	0.00163123
135	0.00785088	0.00163123
145	0.0120783	0
155	0.0123802	0
165	0.0108705	0
175	0.0166076	0
185	0.0117763	0
195	0.0160037	0.00163123
205	0.0111724	0
215	0.0132861	0
225	0.0114744	0
235	0.0102665	0.00163123
245	0.0111724	0.00163123
255	0.0123802	0
265	0.00724697	0.00163123
275	0.0111724	0
285	0.00513327	0
295	0.0063411	0.00163123
305	0.00543523	0.00163123
315	0.0063411	0
325	0.00724697	0.00163123
335	0.0063411	0
345	0.00603914	0
355	0.00452936	0
365	0.00603914	0
375	0.00452936	0
385	0.00603914	0
395	0.00392544	0
405	0.00332153	0
415	0.00181174	0
425	0.0042274	0.00163123
435	0.00362348	0
445	0.0021137	0
455	0.00241566	0
465	0.00120783	0
475	0.00181174	0
485	0.00241566	0
495	0.00241566	0
505	0.00181174	0
515	0.000603914	0
525	0.00150979	0
535	0.00181174	0
545	0.00120783	0
555	0.000603914	0
565	0.00120783	0
575	0.0021137	0
585	0.00150979	0
595	0.000301957	0
605	0.00150979	0
615	0.00120783	0
625	0	0
635	0.000603914	0
645	0.000905871	0
655	0.000301957	0
665	0.000301957	0
675	0.000603914	0
685	0.000603914	0
695	0	0
705	0	0
715	0.000301957	0
725	0.000301957	0
735	0.000603914	0
745	0.000301957	0
755	0.000301957	0
765	0	0
775	0.000301957	0
785	0.000301957	0
795	0.000301957	0
805	0	0
815	0.000301957	0.00163123
825	0	0
835	0	0
845	0	0
855	0.000603914	0
865	0.000301957	0.00326247
875	0	0.00163123
885	0	0.00163123
895	0	0
905	0.000301957	0
915	0.000301957	0
925	0.000301957	0
935	0	0
945	0	0
955	0	0
965	0	0
975	0	0
985	0	0
995	0	0
1005	0	0
1015	0	0
1025	0	0
1035	0	0
1045	0	0
1055	0	0
1065	0	0
1075	0.000301957	0
1085	0	0
1095	0	0
1105	0	0
1115	0.000301957	0
1125	0.000301957	0
1135	0	0
1145	0	0
1155	0	0
1165	0	0
1175	0	0
1185	0	0
1195	0	0
