FG time = 3222.31	BG time = 733.242
5	0	0
15	0	0
25	0	0
35	0	0
45	0.000310337	0.00136381
55	0.0183099	0.00272761
65	0.0539986	0.0122743
75	0.104583	0.0122743
85	0.140583	0.00954665
95	0.15641	0.00818284
105	0.187754	0.00954665
115	0.190857	0.00954665
125	0.203891	0.00545523
135	0.227477	0.00954665
145	0.229339	0.00409142
155	0.250131	0.00954665
165	0.235856	0.00272761
175	0.222822	0.00272761
185	0.232752	0.00272761
195	0.236477	0.00409142
205	0.243925	0.00409142
215	0.237408	0
225	0.252924	0.00136381
235	0.24889	0.00272761
245	0.247338	0.00272761
255	0.235856	0.00409142
265	0.233684	0
275	0.241752	0.00136381
285	0.250442	0.00409142
295	0.243925	0.00136381
305	0.235546	0.00136381
315	0.248269	0
325	0.223753	0
335	0.242994	0
345	0.225615	0.00409142
355	0.226856	0.00272761
365	0.224994	0.00272761
375	0.218477	0.00136381
385	0.201098	0.00272761
395	0.207305	0.00136381
405	0.195202	0.00409142
415	0.196443	0
425	0.188064	0.00272761
435	0.188064	0.00136381
445	0.178133	0.00136381
455	0.160754	0.00272761
465	0.167271	0.00136381
475	0.164789	0.00136381
485	0.151134	0
495	0.149272	0.00136381
505	0.139341	0
515	0.131893	0
525	0.123514	0.00272761
535	0.116687	0
545	0.11979	0.00136381
555	0.108307	0.00272761
565	0.109859	0
575	0.0865839	0.00272761
585	0.090308	0.00409142
595	0.0915493	0.00136381
605	0.0710671	0.00136381
615	0.0763428	0.00545523
625	0.0611363	0.00272761
635	0.058033	0
645	0.0465505	0.00272761
655	0.0533779	0
665	0.0440678	0.00272761
675	0.0375507	0.00136381
685	0.0319647	0.00545523
695	0.0232752	0.00409142
705	0.0257579	0.00136381
715	0.0207926	0
725	0.0167582	0.00136381
735	0.0167582	0.00409142
745	0.0117928	0.00136381
755	0.0108618	0
765	0.0108618	0.00136381
775	0.00558606	0.00409142
785	0.00651707	0.00136381
795	0.00496539	0
805	0.00465505	0
815	0.00372404	0.00409142
825	0.0034137	0.00136381
835	0.00186202	0
845	0.000620673	0.00545523
855	0.00248269	0
865	0.00279303	0
875	0.00186202	0
885	0.00279303	0.00136381
895	0.00155168	0.00136381
905	0.00093101	0.00136381
915	0.00186202	0.00409142
925	0.00186202	0.00409142
935	0.00217236	0
945	0.00124135	0.00136381
955	0.00217236	0.00409142
965	0.00155168	0.00409142
975	0.00093101	0.00272761
985	0.00093101	0
995	0.00093101	0
1005	0.000620673	0.00272761
1015	0.00155168	0.00136381
1025	0.00279303	0.00136381
1035	0.00124135	0.00136381
1045	0.00186202	0.00272761
1055	0.00310337	0.00136381
1065	0.00186202	0
1075	0.00124135	0.00136381
1085	0.00093101	0
1095	0.00124135	0.00136381
1105	0.00155168	0.00136381
1115	0.00155168	0
1125	0.00124135	0.00136381
1135	0.00124135	0.00136381
1145	0.00124135	0.00136381
1155	0.00093101	0.00272761
1165	0.00124135	0.00136381
1175	0.000310337	0
1185	0.000620673	0
1195	0.00093101	0.00136381
