FG time = 3171.16	BG time = 485.955
5	0	0
15	0	0
25	0	0
35	0	0
45	0.000315342	0
55	0.000315342	0
65	0.00126137	0.0020578
75	0.000630684	0
85	0.000630684	0
95	0.00157671	0
105	0.00315342	0
115	0.00851424	0
125	0.00756821	0
135	0.0059915	0
145	0.00630684	0
155	0.00504548	0
165	0.00662219	0
175	0.00725287	0
185	0.0059915	0
195	0.00662219	0
205	0.00756821	0
215	0.00662219	0
225	0.0059915	0
235	0.00693753	0
245	0.00725287	0
255	0.00851424	0
265	0.0081989	0
275	0.0059915	0
285	0.00441479	0
295	0.00441479	0.0020578
305	0.00409945	0.0020578
315	0.00441479	0.0020578
325	0.00473013	0
335	0.00346876	0
345	0.00441479	0.0020578
355	0.00536082	0.00411561
365	0.00567616	0
375	0.00315342	0
385	0.0022074	0
395	0.00536082	0
405	0.00315342	0
415	0.00409945	0
425	0.00252274	0
435	0.00283808	0
445	0.00252274	0
455	0.00189205	0.0020578
465	0.0022074	0
475	0.00157671	0.0020578
485	0.000946027	0
495	0.0022074	0.00617341
505	0.000630684	0
515	0.00126137	0
525	0.000946027	0
535	0.00126137	0
545	0.00252274	0
555	0.00126137	0
565	0.00126137	0
575	0.00157671	0
585	0.000630684	0
595	0.00126137	0
605	0.000946027	0
615	0.00126137	0.0020578
625	0	0
635	0.000315342	0
645	0.000315342	0
655	0	0
665	0.000946027	0
675	0.000946027	0
685	0.000315342	0
695	0	0
705	0.000630684	0.0020578
715	0	0
725	0	0
735	0	0.00411561
745	0.000315342	0
755	0.000315342	0
765	0.000630684	0.0020578
775	0.000315342	0
785	0.000315342	0
795	0	0.0020578
805	0	0
815	0.000946027	0
825	0	0
835	0	0
845	0.000315342	0
855	0	0
865	0	0
875	0	0
885	0.000315342	0.0020578
895	0.000315342	0.0020578
905	0	0
915	0	0
925	0	0
935	0.000315342	0
945	0	0
955	0	0
965	0	0
975	0	0
985	0	0
995	0	0
1005	0	0
1015	0	0
1025	0	0
1035	0	0
1045	0.000630684	0
1055	0.000315342	0
1065	0	0
1075	0.000315342	0
1085	0	0
1095	0	0
1105	0	0
1115	0	0
1125	0	0
1135	0	0
1145	0	0
1155	0	0
1165	0.000315342	0
1175	0.000315342	0
1185	0	0
1195	0	0
