FG time = 3609.95	BG time = 734.294
5	0	0
15	0	0
25	0	0
35	0	0
45	0	0
55	0	0
65	0.000277013	0
75	0	0
85	0	0
95	0.000831038	0
105	0.00166208	0.00136185
115	0.00304714	0
125	0.00387818	0.00136185
135	0.00498623	0
145	0.00775635	0
155	0.0132966	0.00136185
165	0.0116345	0.00136185
175	0.00775635	0.00136185
185	0.0121886	0.00272371
195	0.0130196	0
205	0.0108035	0
215	0.00997245	0
225	0.0088644	0.00136185
235	0.00831038	0
245	0.00747934	0
255	0.00831038	0
265	0.00637129	0
275	0.00692531	0.00136185
285	0.00581726	0
295	0.00332415	0
305	0.00526324	0.00136185
315	0.00415519	0
325	0.00581726	0
335	0.00554025	0
345	0.00415519	0.00136185
355	0.00277013	0
365	0.00470921	0
375	0.00470921	0.00136185
385	0.00387818	0
395	0.00387818	0
405	0.00110805	0
415	0.0022161	0
425	0.00249311	0.00136185
435	0.00277013	0
445	0.00138506	0
455	0.00110805	0.00136185
465	0.00138506	0
475	0.00138506	0
485	0.000554025	0
495	0.000831038	0
505	0.00193909	0
515	0.000554025	0
525	0.00166208	0
535	0.00193909	0
545	0.000831038	0
555	0.000554025	0
565	0.000831038	0
575	0.000831038	0
585	0.000554025	0
595	0.00110805	0.00136185
605	0.000831038	0.00136185
615	0.000831038	0
625	0.000831038	0
635	0.000554025	0
645	0.000277013	0
655	0.000554025	0
665	0.000554025	0
675	0	0
685	0.000277013	0
695	0.000554025	0
705	0	0
715	0.000831038	0
725	0.000277013	0
735	0	0.00136185
745	0	0.00136185
755	0	0
765	0	0
775	0	0
785	0.000277013	0
795	0	0
805	0	0
815	0	0
825	0.000277013	0
835	0	0
845	0.000831038	0
855	0	0
865	0.000831038	0
875	0.000554025	0
885	0.000277013	0
895	0	0
905	0.000554025	0
915	0	0.00136185
925	0	0
935	0	0
945	0	0
955	0	0
965	0.000277013	0
975	0	0
985	0.000554025	0
995	0.000277013	0
1005	0	0
1015	0	0.00136185
1025	0.000277013	0
1035	0	0
1045	0.000554025	0
1055	0	0
1065	0	0
1075	0	0.00136185
1085	0	0
1095	0	0
1105	0.000277013	0
1115	0	0
1125	0	0
1135	0	0
1145	0	0
1155	0.000831038	0
1165	0.000277013	0
1175	0	0.00136185
1185	0	0
1195	0	0
