FG time = 3018.79	BG time = 493.556
5	0	0
15	0	0
25	0	0
35	0	0
45	0	0
55	0	0
65	0	0
75	0	0
85	0	0
95	0	0
105	0	0
115	0	0
125	0	0
135	0	0
145	0	0
155	0.000331258	0
165	0.000331258	0
175	0.000993775	0
185	0.000331258	0.00202611
195	0.000662517	0
205	0.000662517	0.00202611
215	0.00298133	0
225	0.00132503	0
235	0.00165629	0
245	0.0039751	0
255	0.000993775	0
265	0.00231881	0.00202611
275	0.0039751	0.00202611
285	0.00463762	0
295	0.00198755	0
305	0.00298133	0.00202611
315	0.00165629	0.00202611
325	0.00331258	0
335	0.00165629	0.00202611
345	0.00265007	0
355	0.00298133	0
365	0.00165629	0
375	0.00331258	0
385	0.00265007	0
395	0.00198755	0
405	0.00132503	0
415	0.00298133	0
425	0.00198755	0
435	0.00265007	0
445	0.00132503	0
455	0.00231881	0
465	0.00231881	0
475	0.00331258	0.00202611
485	0.00198755	0
495	0.00364384	0.00202611
505	0.00132503	0
515	0.00231881	0
525	0.00165629	0
535	0.000662517	0.00202611
545	0.00331258	0
555	0.00165629	0.00202611
565	0.00165629	0
575	0.00132503	0
585	0.00198755	0
595	0.00231881	0
605	0.000993775	0.00202611
615	0.000662517	0
625	0.00165629	0.00202611
635	0.00132503	0
645	0.000662517	0
655	0.00198755	0
665	0.000331258	0
675	0.000662517	0
685	0.000331258	0
695	0.000662517	0
705	0.00132503	0
715	0.000662517	0
725	0.000993775	0
735	0.000662517	0
745	0.000662517	0
755	0.000662517	0
765	0	0
775	0.000662517	0
785	0	0
795	0.000331258	0.00202611
805	0.000331258	0.00405223
815	0.000662517	0
825	0.000331258	0
835	0.000331258	0.00202611
845	0.000662517	0
855	0.000331258	0
865	0.000331258	0
875	0	0
885	0	0
895	0.000331258	0
905	0.000662517	0
915	0.000993775	0.00202611
925	0.000662517	0
935	0.000662517	0.00202611
945	0.000993775	0
955	0.000662517	0
965	0.000662517	0
975	0.000662517	0.00405223
985	0	0
995	0.000331258	0.00202611
1005	0.000662517	0
1015	0	0
1025	0.000662517	0
1035	0.000331258	0
1045	0	0
1055	0.000331258	0
1065	0.000331258	0.00405223
1075	0	0.00405223
1085	0	0
1095	0.000331258	0
1105	0.000993775	0.00810446
1115	0	0
1125	0.000331258	0
1135	0.000662517	0
1145	0.000662517	0.00202611
1155	0	0.00202611
1165	0.000331258	0
1175	0.000662517	0
1185	0	0
1195	0.000331258	0.00405223
