FG time = 3611.42	BG time = 485.812
5	0	0
15	0	0
25	0	0
35	0.0011076	0.00205841
45	0.0102453	0.00411682
55	0.0321203	0.00205841
65	0.065902	0.0102921
75	0.0830697	0.0185257
85	0.106052	0.0123505
95	0.112698	0.0185257
105	0.121005	0.00617523
115	0.13125	0.00411682
125	0.13928	0.00617523
135	0.141772	0.00411682
145	0.142603	0.0123505
155	0.148972	0.00411682
165	0.155617	0.00617523
175	0.164478	0.00205841
185	0.174446	0.00205841
195	0.177769	0.00617523
205	0.181646	0.00617523
215	0.169462	0.00205841
225	0.173616	0.00411682
235	0.175554	0.00205841
245	0.177769	0.00617523
255	0.176385	0
265	0.174446	0.00411682
275	0.178046	0
285	0.168355	0.00411682
295	0.186076	0
305	0.158386	0.00205841
315	0.180815	0
325	0.168078	0.00411682
335	0.160878	0.00205841
345	0.166693	0
355	0.165863	0.00205841
365	0.154233	0
375	0.143711	0.00205841
385	0.154233	0.00411682
395	0.145926	0
405	0.14288	0
415	0.13485	0.00205841
425	0.13485	0
435	0.129589	0.00205841
445	0.129866	0
455	0.118236	0.00205841
465	0.120174	0
475	0.121559	0
485	0.111313	0.00411682
495	0.101899	0
505	0.0991299	0
515	0.101622	0
525	0.0958071	0
535	0.0880539	0.00205841
545	0.079747	0
555	0.0753166	0.00205841
565	0.0764242	0
575	0.0695017	0.00205841
585	0.0650713	0
595	0.0623023	0.00205841
605	0.0567643	0.00205841
615	0.0523339	0.00205841
625	0.0462422	0
635	0.0479036	0.00205841
645	0.038489	0
655	0.0395966	0.00205841
665	0.0276899	0
675	0.0279668	0
685	0.0260285	0.00205841
695	0.0227057	0
705	0.0177215	0.00205841
715	0.0171677	0
725	0.0127374	0.00205841
735	0.0152295	0.00205841
745	0.0116298	0.00411682
755	0.00692248	0
765	0.00470729	0.00411682
775	0.00719938	0.00205841
785	0.00526108	0
795	0.00193829	0.00205841
805	0.00387659	0.00205841
815	0.00249209	0
825	0.00221519	0.00823365
835	0.0013845	0.00205841
845	0.00166139	0
855	0.000830697	0
865	0.00193829	0
875	0.00221519	0.00205841
885	0.0011076	0.00411682
895	0.000553798	0
905	0.00166139	0.00205841
915	0.000830697	0.00617523
925	0.0011076	0.00205841
935	0.00249209	0
945	0.000553798	0
955	0.0011076	0
965	0.0013845	0.00205841
975	0.0013845	0.00205841
985	0.0013845	0.00205841
995	0.000553798	0.00205841
1005	0.00166139	0
1015	0.0011076	0.00205841
1025	0.0011076	0
1035	0.000276899	0
1045	0.00221519	0.00205841
1055	0.000830697	0
1065	0.000553798	0
1075	0.0011076	0.00205841
1085	0.0013845	0
1095	0.00249209	0
1105	0.0011076	0
1115	0.0013845	0
1125	0.000830697	0
1135	0.00193829	0
1145	0	0
1155	0.0011076	0
1165	0.0011076	0
1175	0.000276899	0
1185	0.00166139	0
1195	0.0013845	0.00205841
