FG time = 2979.67	BG time = 735.477
5	0	0
15	0	0
25	0	0
35	0	0
45	0	0
55	0.00302047	0
65	0.0201365	0.0135966
75	0.0674572	0.012237
85	0.0748405	0.00815798
95	0.0969907	0.0108773
105	0.100682	0.00679831
115	0.104038	0.0108773
125	0.102696	0.00679831
135	0.122161	0.00543865
145	0.117798	0.00815798
155	0.117463	0.00407899
165	0.112764	0.00679831
175	0.124175	0.012237
185	0.125182	0.00543865
195	0.114107	0.00135966
205	0.115449	0.00543865
215	0.122832	0.00135966
225	0.114778	0.00407899
235	0.122161	0.00679831
245	0.12451	0.00543865
255	0.126524	0.00543865
265	0.121826	0.00271933
275	0.115113	0.00271933
285	0.127531	0.00271933
295	0.115449	0.00135966
305	0.115113	0.00135966
315	0.125853	0.00407899
325	0.118805	0.00543865
335	0.112764	0.00271933
345	0.105381	0.00271933
355	0.102696	0.00407899
365	0.102696	0.00679831
375	0.105045	0.00407899
385	0.0976619	0.00135966
395	0.0979975	0.00271933
405	0.0896073	0.00543865
415	0.0993399	0
425	0.0775254	0.00135966
435	0.0969907	0.00815798
445	0.0899429	0.00135966
455	0.0909497	0.00407899
465	0.0745049	0.00135966
475	0.0758474	0.00135966
485	0.0721557	0.00135966
495	0.0664503	0.00407899
505	0.0671216	0.00271933
515	0.0536972	0.00135966
525	0.0594026	0.00135966
535	0.0533616	0.00407899
545	0.0503412	0.00407899
555	0.0500056	0.00271933
565	0.0463139	0.00271933
575	0.0473207	0.00271933
585	0.0345676	0.00543865
595	0.0429578	0.00271933
605	0.0335608	0
615	0.0335608	0.00407899
625	0.0291979	0.00135966
635	0.0298691	0.00679831
645	0.0228213	0.00135966
655	0.018794	0.00135966
665	0.0151024	0
675	0.0164448	0.00135966
685	0.0161092	0.00407899
695	0.0144311	0.00407899
705	0.0137599	0.00271933
715	0.00939702	0
725	0.00906141	0
735	0.00469851	0.00407899
745	0.00704776	0.00135966
755	0.00570533	0.00271933
765	0.00536972	0.00407899
775	0.00302047	0.00135966
785	0.00503412	0.00135966
795	0.00268486	0
805	0.00302047	0.00135966
815	0.00201365	0
825	0.00335608	0.00135966
835	0.00268486	0
845	0.00268486	0.00271933
855	0.00167804	0.00543865
865	0.00234925	0.00407899
875	0.0043629	0.00135966
885	0.00335608	0.00135966
895	0.00167804	0.00135966
905	0.0043629	0.00135966
915	0.00268486	0.00407899
925	0.00201365	0.00135966
935	0.00167804	0.00135966
945	0.00469851	0.00407899
955	0.00402729	0.00679831
965	0.00201365	0
975	0.00302047	0.00135966
985	0.00201365	0.00135966
995	0.00402729	0.00407899
1005	0.00369169	0.00407899
1015	0.00201365	0.00271933
1025	0.00234925	0.00543865
1035	0.00134243	0
1045	0.00335608	0
1055	0.00167804	0.00543865
1065	0.00134243	0.00407899
1075	0.00234925	0
1085	0.00335608	0.00407899
1095	0.00268486	0.00135966
1105	0.00167804	0.00135966
1115	0.00100682	0.00407899
1125	0.00100682	0.00135966
1135	0.00100682	0
1145	0.00201365	0
1155	0.00134243	0
1165	0.000671216	0.00271933
1175	0.00134243	0
1185	0.00201365	0.00135966
1195	0.00167804	0.00135966
