FG time = 1753.78	BG time = 434.134
5	0	0
15	0	0
25	0	0
35	0	0
45	0	0
55	0.00342117	0
65	0.02908	0.00691031
75	0.0838187	0.0161241
85	0.0935121	0.0138206
95	0.11575	0.0230344
105	0.106627	0.0138206
115	0.131145	0.00921375
125	0.133996	0.00691031
135	0.134566	0.00230344
145	0.14711	0.0115172
155	0.135136	0.00230344
165	0.153953	0.0115172
175	0.141979	0.00230344
185	0.137987	0.00460688
195	0.148251	0
205	0.147681	0.00230344
215	0.164216	0
225	0.173339	0.00691031
235	0.164216	0
245	0.156234	0.00460688
255	0.157374	0.00691031
265	0.17448	0.00230344
275	0.147681	0
285	0.134566	0
295	0.160795	0
305	0.148821	0
315	0.152242	0.00691031
325	0.156804	0
335	0.14711	0
345	0.164216	0.00691031
355	0.136277	0.00460688
365	0.139128	0
375	0.140268	0.00230344
385	0.139128	0.00230344
395	0.131145	0.00230344
405	0.120881	0
415	0.11632	0.00460688
425	0.110618	0.00230344
435	0.112329	0
445	0.11575	0.00230344
455	0.108337	0
465	0.0940823	0.00460688
475	0.0935121	0.00230344
485	0.0826783	0
495	0.0906611	0.00230344
505	0.0883803	0.00230344
515	0.0655725	0
525	0.0792572	0
535	0.0764062	0
545	0.0741254	0.00230344
555	0.0627215	0
565	0.0627215	0
575	0.0581599	0
585	0.0535984	0.00460688
595	0.0490368	0
605	0.0382031	0
615	0.0450454	0
625	0.0382031	0.00691031
635	0.0342117	0
645	0.0245184	0
655	0.020527	0
665	0.0188165	0
675	0.0239482	0
685	0.0182463	0.00230344
695	0.0108337	0
705	0.0142549	0
715	0.0102635	0.00230344
725	0.0142549	0.00230344
735	0.00855293	0
745	0.00969332	0
755	0.00399137	0
765	0.00456156	0
775	0.00342117	0
785	0.00342117	0
795	0.00171059	0.00230344
805	0.00456156	0.00230344
815	0.000570195	0.00691031
825	0.00228078	0.00230344
835	0.000570195	0.00460688
845	0.00342117	0
855	0.00114039	0
865	0.00114039	0.00230344
875	0.00171059	0
885	0.00285098	0
895	0.00171059	0
905	0.000570195	0
915	0.00114039	0
925	0.00114039	0.00230344
935	0.000570195	0.00230344
945	0.00171059	0.00230344
955	0.000570195	0.00230344
965	0.00114039	0.00230344
975	0.000570195	0
985	0	0
995	0.00171059	0
1005	0.00114039	0.00230344
1015	0	0.00230344
1025	0.00114039	0.00230344
1035	0.00228078	0
1045	0	0.00230344
1055	0.00114039	0
1065	0.000570195	0
1075	0.00171059	0
1085	0.00114039	0
1095	0	0.00230344
1105	0.000570195	0.00230344
1115	0.000570195	0
1125	0	0
1135	0.00171059	0.00230344
1145	0.00171059	0
1155	0.00171059	0
1165	0.00114039	0
1175	0.000570195	0.00230344
1185	0.00114039	0.00230344
1195	0.00285098	0
