FG time = 3605.65	BG time = 484.92
5	0	0
15	0	0
25	0	0
35	0	0
45	0	0
55	0	0
65	0	0
75	0	0
85	0	0
95	0	0
105	0	0
115	0.000277342	0
125	0.00110937	0
135	0.00166405	0
145	0.00138671	0.00206219
155	0.00249608	0
165	0.00221874	0
175	0.00499216	0
185	0.00499216	0
195	0.00554685	0
205	0.00443748	0
215	0.00665621	0
225	0.00832027	0
235	0.00970698	0
245	0.00776558	0.00206219
255	0.00859761	0
265	0.00748824	0
275	0.00942964	0.00412439
285	0.0108163	0.00206219
295	0.0124804	0
305	0.00942964	0
315	0.0110937	0.00412439
325	0.00887495	0.00206219
335	0.00887495	0
345	0.00887495	0.00206219
355	0.00832027	0
365	0.00887495	0
375	0.00970698	0
385	0.00859761	0
395	0.0122031	0
405	0.0072109	0
415	0.00832027	0
425	0.010539	0.00206219
435	0.00748824	0
445	0.00942964	0
455	0.00748824	0
465	0.00942964	0
475	0.00776558	0
485	0.00748824	0
495	0.00665621	0
505	0.00942964	0
515	0.00665621	0
525	0.00471482	0
535	0.00554685	0
545	0.00637887	0
555	0.00582419	0
565	0.00748824	0.00412439
575	0.00388279	0
585	0.00582419	0.00206219
595	0.00221874	0
605	0.00416013	0
615	0.00277342	0
625	0.00332811	0
635	0.00249608	0.00412439
645	0.00360545	0
655	0.0019414	0.00206219
665	0.00360545	0
675	0.00221874	0
685	0.00166405	0.00206219
695	0.00110937	0.00412439
705	0.0019414	0
715	0.00166405	0.00412439
725	0.00110937	0
735	0.000832027	0
745	0.000832027	0
755	0.00138671	0
765	0.000554685	0
775	0.00110937	0
785	0.000554685	0
795	0.00110937	0
805	0.00110937	0
815	0.0019414	0
825	0.000832027	0
835	0.000277342	0.00412439
845	0.000832027	0
855	0.000554685	0
865	0.000832027	0.00206219
875	0.000554685	0.00206219
885	0.00110937	0.00206219
895	0.000554685	0
905	0.000277342	0
915	0.000832027	0.00412439
925	0.00110937	0
935	0.000554685	0
945	0.000832027	0.00206219
955	0.000832027	0
965	0.000554685	0.00206219
975	0	0.00206219
985	0.000832027	0
995	0.000832027	0
1005	0.00110937	0
1015	0.000832027	0
1025	0.00138671	0
1035	0.00138671	0.00206219
1045	0.00110937	0
1055	0.000832027	0
1065	0.00138671	0.00412439
1075	0.000554685	0.00206219
1085	0.000554685	0
1095	0.000277342	0
1105	0.00138671	0
1115	0.00138671	0.00618658
1125	0.00110937	0.00206219
1135	0.000554685	0
1145	0.000554685	0.00206219
1155	0.000554685	0
1165	0.000832027	0.00206219
1175	0.000832027	0
1185	0.000554685	0
1195	0.000554685	0
