FG time = 3613.63	BG time = 486.19
5	0	0
15	0	0
25	0	0
35	0	0
45	0.00027673	0
55	0.00027673	0
65	0	0
75	0.00110692	0
85	0.00193711	0
95	0.00387422	0.00205681
105	0.00304403	0
115	0.00442768	0
125	0.00581133	0.00411362
135	0.00415095	0
145	0.00664152	0
155	0.00719498	0
165	0.00691825	0.00205681
175	0.00636479	0
185	0.00719498	0.00205681
195	0.00498114	0
205	0.00581133	0.00205681
215	0.0110692	0
225	0.00636479	0
235	0.00664152	0.00411362
245	0.00802517	0
255	0.00470441	0
265	0.00802517	0
275	0.00719498	0
285	0.00608806	0
295	0.00636479	0
305	0.00525787	0
315	0.00415095	0
325	0.00691825	0
335	0.00498114	0.00205681
345	0.00442768	0.00205681
355	0.00221384	0
365	0.00415095	0
375	0.00387422	0
385	0.00359749	0
395	0.00193711	0
405	0.00332076	0
415	0.00387422	0.00205681
425	0.00415095	0
435	0.00359749	0
445	0.00249057	0
455	0.00304403	0
465	0.00221384	0.00205681
475	0.00249057	0
485	0.00083019	0
495	0.00221384	0
505	0.00359749	0
515	0.00221384	0
525	0.00193711	0
535	0.00138365	0
545	0.00193711	0
555	0.00110692	0
565	0.00083019	0
575	0.00221384	0
585	0.00110692	0
595	0.00083019	0
605	0.00055346	0
615	0.00027673	0
625	0	0
635	0.00083019	0
645	0.00110692	0
655	0.00027673	0
665	0.00027673	0
675	0.00027673	0
685	0	0
695	0.00027673	0
705	0.00027673	0.00205681
715	0.00055346	0
725	0.00027673	0
735	0.00027673	0
745	0.00027673	0
755	0	0
765	0	0
775	0.00027673	0
785	0.00055346	0
795	0	0
805	0	0
815	0	0
825	0.00027673	0
835	0	0
845	0.00027673	0.00205681
855	0.00027673	0.00205681
865	0.00027673	0
875	0	0
885	0	0
895	0	0
905	0	0
915	0.00027673	0
925	0	0
935	0	0
945	0.00055346	0
955	0.00027673	0
965	0	0
975	0	0
985	0	0
995	0	0
1005	0	0
1015	0	0
1025	0	0
1035	0.00027673	0
1045	0.00027673	0
1055	0.00027673	0
1065	0.00027673	0
1075	0	0
1085	0	0.00205681
1095	0	0
1105	0	0
1115	0	0
1125	0.00027673	0
1135	0.00055346	0
1145	0	0
1155	0	0
1165	0	0
1175	0.00027673	0
1185	0.00027673	0
1195	0	0
