FG time = 2508.89	BG time = 426.134
5	0	0
15	0	0
25	0	0
35	0	0
45	0	0
55	0	0
65	0	0
75	0	0
85	0	0
95	0	0
105	0	0
115	0	0
125	0.000398583	0
135	0.000398583	0
145	0.000398583	0
155	0.00199291	0
165	0.00318866	0
175	0.00159433	0
185	0.00478299	0
195	0.00478299	0
205	0.00358724	0
215	0.00478299	0
225	0.00757307	0.00234668
235	0.00757307	0
245	0.00837024	0
255	0.00199291	0
265	0.00637732	0
275	0.00438441	0
285	0.00956598	0.00234668
295	0.00757307	0
305	0.00597874	0
315	0.00558016	0
325	0.00717449	0
335	0.00717449	0
345	0.0067759	0
355	0.00757307	0
365	0.0123561	0
375	0.0067759	0
385	0.00956598	0
395	0.00558016	0
405	0.0067759	0
415	0.00757307	0
425	0.00637732	0
435	0.00558016	0.00234668
445	0.00637732	0.00469335
455	0.00837024	0
465	0.00637732	0.00234668
475	0.00637732	0
485	0.00478299	0
495	0.00637732	0
505	0.00597874	0
515	0.00558016	0
525	0.00398583	0
535	0.00438441	0.00234668
545	0.00279008	0
555	0.00398583	0.00469335
565	0.00398583	0
575	0.00518157	0
585	0.00199291	0.00234668
595	0.0023915	0
605	0.00358724	0
615	0.00438441	0
625	0.00438441	0.00234668
635	0.00199291	0
645	0.00199291	0
655	0.0023915	0
665	0.0023915	0
675	0.0023915	0
685	0.0023915	0.00234668
695	0.00119575	0.00234668
705	0.00199291	0.00469335
715	0.00119575	0
725	0.00119575	0
735	0.000797165	0.00704003
745	0.000797165	0
755	0.000398583	0
765	0	0
775	0.000797165	0
785	0.000797165	0.00234668
795	0.000797165	0
805	0.00119575	0
815	0.000797165	0
825	0	0.00234668
835	0.00119575	0.00234668
845	0	0
855	0.00119575	0
865	0.000398583	0
875	0.000398583	0
885	0.000797165	0
895	0.00119575	0.00234668
905	0.000797165	0
915	0.000398583	0
925	0.00199291	0
935	0.000797165	0
945	0.000797165	0
955	0.00119575	0
965	0.00159433	0
975	0.000398583	0
985	0.000797165	0
995	0.000797165	0.00234668
1005	0.00119575	0.00234668
1015	0.000398583	0
1025	0.00159433	0.00469335
1035	0	0.00234668
1045	0.00119575	0.00234668
1055	0.00119575	0
1065	0.000398583	0.00234668
1075	0.000398583	0.00234668
1085	0.000797165	0
1095	0.00119575	0.00469335
1105	0	0
1115	0	0
1125	0.000398583	0
1135	0.000797165	0
1145	0.000797165	0.00234668
1155	0.000398583	0.00234668
1165	0.000398583	0
1175	0.00119575	0
1185	0.00159433	0.00234668
1195	0.000797165	0
