FG time = 1804.29	BG time = 364.674
5	0	0
15	0	0
25	0	0
35	0.000554234	0
45	0.0105304	0.00274217
55	0.0476641	0.00822652
65	0.0925571	0.0109687
75	0.109184	0.0109687
85	0.144101	0.0137109
95	0.16627	0.00548435
105	0.179018	0.0137109
115	0.181235	0.00822652
125	0.165716	0.00274217
135	0.196753	0.00548435
145	0.190657	0.00274217
155	0.221694	0.00548435
165	0.228344	0.00274217
175	0.230007	0.00274217
185	0.243863	0.00274217
195	0.232224	0
205	0.247188	0.00822652
215	0.257719	0.00274217
225	0.241092	0
235	0.234441	0.00274217
245	0.272129	0
255	0.251068	0.00548435
265	0.245526	0
275	0.264924	0
285	0.250514	0.00274217
295	0.241646	0
305	0.24996	0
315	0.22779	0
325	0.241646	0.00274217
335	0.223356	0
345	0.248851	0
355	0.258273	0
365	0.224465	0
375	0.210055	0.00274217
385	0.213934	0
395	0.225019	0
405	0.238321	0
415	0.196753	0.00274217
425	0.201187	0
435	0.180126	0
445	0.177909	0.00548435
455	0.171813	0
465	0.156848	0
475	0.174029	0.00274217
485	0.167379	0
495	0.161282	0
505	0.15574	0.00274217
515	0.141884	0
525	0.134679	0
535	0.13357	0
545	0.124148	0
555	0.124148	0
565	0.0986537	0
575	0.0964367	0
585	0.0936656	0
595	0.0792555	0
605	0.0737131	0.00274217
615	0.070942	0.00548435
625	0.0576403	0
635	0.0537607	0
645	0.0476641	0.00274217
655	0.0387964	0
665	0.0410133	0
675	0.0293744	0.00274217
685	0.0282659	0.00274217
695	0.0299286	0.00274217
705	0.0271575	0.00548435
715	0.0193982	0.00274217
725	0.0182897	0.00274217
735	0.0144101	0.00274217
745	0.0110847	0.00274217
755	0.00997621	0
765	0.00554234	0
775	0.00609657	0
785	0.00554234	0
795	0.00720504	0.0109687
805	0.00277117	0.00274217
815	0.0016627	0.00548435
825	0.00443387	0.00548435
835	0.0016627	0.00548435
845	0.0033254	0
855	0.0016627	0
865	0.0016627	0
875	0.000554234	0
885	0.0016627	0
895	0.0033254	0.00274217
905	0.0033254	0
915	0.00110847	0.00274217
925	0.00221694	0
935	0.00221694	0.00274217
945	0.0016627	0
955	0.000554234	0.00274217
965	0.00221694	0.00822652
975	0.0016627	0
985	0.0016627	0
995	0.0016627	0
1005	0.0016627	0.00274217
1015	0.00110847	0
1025	0.000554234	0
1035	0.0016627	0.00274217
1045	0.000554234	0
1055	0.00110847	0
1065	0.00221694	0
1075	0.00110847	0
1085	0.000554234	0
1095	0.00110847	0
1105	0.00110847	0
1115	0.00110847	0.00274217
1125	0.0016627	0
1135	0.000554234	0
1145	0.0016627	0
1155	0.00110847	0
1165	0.00110847	0
1175	0.0016627	0
1185	0.00110847	0
1195	0.00110847	0
