FG time = 2117.35	BG time = 314.387
5	0	0
15	0	0
25	0	0
35	0	0
45	0	0
55	0	0
65	0	0
75	0	0
85	0	0
95	0	0
105	0	0
115	0	0
125	0	0
135	0	0
145	0.00141687	0
155	0.00141687	0
165	0.00236145	0
175	0.00141687	0
185	0.00377832	0
195	0.00566747	0
205	0.00188916	0
215	0.0047229	0
225	0.00425061	0
235	0.00519519	0.00318079
245	0.00613976	0
255	0.00425061	0.00318079
265	0.0047229	0
275	0.00519519	0
285	0.00330603	0
295	0.00850121	0.00318079
305	0.00330603	0
315	0.00566747	0
325	0.00613976	0.00318079
335	0.00708434	0
345	0.00708434	0.00636159
355	0.00566747	0
365	0.00708434	0
375	0.00802892	0
385	0.00330603	0
395	0.00425061	0
405	0.0089735	0
415	0.00566747	0
425	0.00566747	0
435	0.00708434	0
445	0.00425061	0.00318079
455	0.0047229	0
465	0.00519519	0.00318079
475	0.00802892	0
485	0.00330603	0
495	0.00661205	0
505	0.00425061	0
515	0.00425061	0
525	0.00708434	0.00318079
535	0.00425061	0
545	0.00283374	0
555	0.00519519	0
565	0.00141687	0
575	0.000944579	0.00318079
585	0.00236145	0
595	0.00283374	0
605	0.00141687	0
615	0.00141687	0
625	0.00141687	0
635	0.0047229	0
645	0.00236145	0
655	0.00283374	0.00318079
665	0.00330603	0
675	0.00188916	0
685	0.00141687	0
695	0.00141687	0
705	0.00188916	0.00318079
715	0.00141687	0
725	0.000944579	0
735	0.00047229	0
745	0.00047229	0
755	0.000944579	0
765	0.00141687	0
775	0.00047229	0.00318079
785	0.00141687	0
795	0.00047229	0.00636159
805	0.000944579	0
815	0.00283374	0
825	0	0
835	0.00047229	0
845	0.00047229	0
855	0	0
865	0.00236145	0
875	0.00047229	0
885	0.000944579	0
895	0.00188916	0
905	0	0.00318079
915	0.000944579	0.00318079
925	0.00047229	0
935	0.000944579	0
945	0.00047229	0
955	0.000944579	0
965	0	0
975	0	0
985	0.000944579	0
995	0.00188916	0
1005	0.00047229	0
1015	0.00047229	0
1025	0	0
1035	0	0.00636159
1045	0.00047229	0
1055	0	0
1065	0.00188916	0.00636159
1075	0.00283374	0
1085	0	0
1095	0.00188916	0
1105	0	0
1115	0.000944579	0
1125	0.00188916	0.00318079
1135	0.00047229	0
1145	0.00047229	0
1155	0.00141687	0
1165	0.00047229	0
1175	0.00188916	0
1185	0.00141687	0
1195	0.00047229	0.00318079
