FG time = 3610.96	BG time = 545.969
5	0	0
15	0	0
25	0	0
35	0	0
45	0.000553869	0
55	0.00443096	0.00183161
65	0.0365554	0.00183161
75	0.0808649	0.0109896
85	0.11382	0.0109896
95	0.124067	0.00915803
105	0.127667	0.00732642
115	0.141514	0
125	0.146222	0.00549482
135	0.150099	0
145	0.16893	0.00366321
155	0.162007	0.00366321
165	0.178346	0.00366321
175	0.179454	0.00549482
185	0.173084	0.00366321
195	0.183054	0.00183161
205	0.180561	0.00366321
215	0.191639	0.00366321
225	0.192747	0.00549482
235	0.198562	0.00549482
245	0.190808	0
255	0.183331	0
265	0.194962	0.00183161
275	0.186931	0.00732642
285	0.180285	0.00183161
295	0.1717	0.00183161
305	0.179731	0.00366321
315	0.185269	0.00183161
325	0.179454	0.00732642
335	0.177515	0.00183161
345	0.17613	0
355	0.173638	0
365	0.16173	0.00183161
375	0.159514	0
385	0.160899	0.00549482
395	0.151206	0.00183161
405	0.14096	0.00366321
415	0.131544	0.00183161
425	0.145114	0
435	0.137083	0.00183161
445	0.135698	0.00732642
455	0.122682	0.00183161
465	0.119082	0.00183161
475	0.105789	0
485	0.10025	0
495	0.0994196	0.00366321
505	0.105235	0.00549482
515	0.0883422	0.00366321
525	0.0852959	0.00183161
535	0.0938809	0
545	0.0756032	0
555	0.0750493	0
565	0.063695	0.00183161
575	0.0664643	0.00366321
585	0.0620334	0.00366321
595	0.0598179	0.00183161
605	0.0515099	0.00366321
615	0.0526176	0.00366321
625	0.0418171	0.00183161
635	0.0335091	0.00366321
645	0.0357246	0.00183161
655	0.029632	0.00183161
665	0.0227086	0.00366321
675	0.0204932	0
685	0.0180008	0
695	0.016893	0.00549482
705	0.0138467	0.00366321
715	0.00913885	0
725	0.00941578	0
735	0.0063695	0.00366321
745	0.00692337	0
755	0.00526176	0.00183161
765	0.00415402	0
775	0.00609256	0.00366321
785	0.00387709	0
795	0.00221548	0.00183161
805	0.00138467	0.00366321
815	0.00166161	0
825	0.00249241	0.00183161
835	0.00276935	0.00183161
845	0.00276935	0.00366321
855	0.00193854	0.00366321
865	0.000553869	0.00366321
875	0.00166161	0
885	0.00193854	0
895	0.000830804	0
905	0.000830804	0.00183161
915	0.00166161	0.00183161
925	0.00221548	0
935	0.00221548	0.00183161
945	0.00193854	0.00183161
955	0.00332322	0.00366321
965	0.00138467	0.00366321
975	0.00304628	0.00183161
985	0.00138467	0
995	0.00166161	0.00183161
1005	0.00166161	0.00183161
1015	0.00138467	0
1025	0.00360015	0.00366321
1035	0.00249241	0.00183161
1045	0.00166161	0
1055	0.00221548	0
1065	0.00138467	0
1075	0.000830804	0
1085	0.00193854	0.00366321
1095	0.00110774	0.00183161
1105	0	0.00366321
1115	0.00221548	0.00183161
1125	0.00110774	0.00549482
1135	0.00110774	0.00366321
1145	0.00138467	0.00366321
1155	0.00221548	0.00183161
1165	0.00138467	0.00183161
1175	0.00166161	0.00183161
1185	0.00221548	0.00366321
1195	0.00110774	0
