FG time = 1937.42	BG time = 495.939
5	0	0
15	0	0
25	0	0
35	0	0
45	0	0
55	0	0
65	0	0
75	0	0
85	0	0
95	0	0
105	0	0
115	0.000516151	0
125	0	0
135	0.000516151	0
145	0.000516151	0
155	0.0010323	0
165	0.000516151	0.00201638
175	0.00154845	0
185	0.00464536	0
195	0.00361306	0
205	0.00361306	0
215	0.00516151	0
225	0.00722611	0
235	0.00567766	0
245	0.00412921	0
255	0.00361306	0
265	0.00722611	0
275	0.00567766	0.00201638
285	0.00412921	0.00201638
295	0.00567766	0
305	0.00412921	0.00201638
315	0.00412921	0.00201638
325	0.00567766	0.00201638
335	0.010323	0
345	0.00361306	0
355	0.00619381	0
365	0.00412921	0.00201638
375	0.00929072	0
385	0.00412921	0
395	0.00774226	0
405	0.00464536	0
415	0.00464536	0
425	0.00619381	0
435	0.00361306	0.00403275
445	0.00412921	0.00403275
455	0.00258075	0
465	0.00619381	0
475	0.00567766	0.00201638
485	0.00412921	0
495	0.00361306	0
505	0.00619381	0.00201638
515	0.00412921	0.00403275
525	0.00361306	0
535	0.00154845	0
545	0.0010323	0
555	0.00154845	0
565	0.00361306	0
575	0.00309691	0.00403275
585	0.00154845	0.00201638
595	0.00309691	0
605	0.00154845	0.00201638
615	0.00309691	0.00201638
625	0.00154845	0.00201638
635	0.0020646	0
645	0.0010323	0.00201638
655	0.00309691	0
665	0.00154845	0.00201638
675	0.0010323	0
685	0.000516151	0
695	0.0010323	0
705	0	0.00403275
715	0.0010323	0
725	0.000516151	0.00201638
735	0	0.00403275
745	0.000516151	0.00403275
755	0.0020646	0
765	0.000516151	0
775	0.0020646	0.00201638
785	0.0020646	0.00201638
795	0.00154845	0
805	0	0
815	0.0010323	0
825	0.000516151	0
835	0.000516151	0
845	0.00258075	0
855	0.000516151	0
865	0.0010323	0
875	0.000516151	0
885	0.00154845	0
895	0.0010323	0
905	0.0010323	0
915	0.0020646	0.00201638
925	0.000516151	0.00201638
935	0.0010323	0
945	0.000516151	0
955	0.000516151	0
965	0	0
975	0.00258075	0
985	0.0020646	0
995	0	0.00201638
1005	0.0010323	0
1015	0.0020646	0
1025	0.000516151	0
1035	0.0010323	0
1045	0.0010323	0.00201638
1055	0.00154845	0
1065	0.000516151	0.00201638
1075	0.0010323	0
1085	0.00154845	0.00403275
1095	0.000516151	0.00201638
1105	0.0010323	0
1115	0.00154845	0
1125	0.0010323	0
1135	0	0
1145	0.000516151	0
1155	0.000516151	0.00201638
1165	0.0010323	0.00403275
1175	0.000516151	0
1185	0	0
1195	0.000516151	0
