FG time = 3012.83	BG time = 613.68
5	0	0
15	0	0
25	0	0
35	0	0
45	0.0023234	0.00162951
55	0.0159319	0.00651806
65	0.0451403	0.00651806
75	0.0859657	0.00977709
85	0.0932678	0.00977709
95	0.113846	0.00651806
105	0.138408	0.00162951
115	0.1404	0.00325903
125	0.169276	0.00488854
135	0.176578	0.00162951
145	0.187199	0.00814757
155	0.20811	0.00488854
165	0.184212	0.00651806
175	0.20977	0.00651806
185	0.204459	0.00488854
195	0.210433	0.00651806
205	0.203131	0.00325903
215	0.224042	0.00651806
225	0.23765	0.00162951
235	0.22205	0.00325903
245	0.224374	0.00325903
255	0.222382	0.00325903
265	0.225369	0.00162951
275	0.220059	0.00162951
285	0.228689	0
295	0.231676	0.00162951
305	0.219727	0
315	0.221718	0.00325903
325	0.208774	0
335	0.214416	0.00651806
345	0.205455	0
355	0.212757	0.00162951
365	0.204791	0.00162951
375	0.203463	0.00162951
385	0.18388	0.00162951
395	0.192842	0.00325903
405	0.196493	0.00325903
415	0.192842	0.00162951
425	0.166953	0
435	0.17857	0.00162951
445	0.180561	0
455	0.165625	0
465	0.160978	0.00162951
475	0.157659	0.00651806
485	0.155999	0
495	0.128119	0.00325903
505	0.143719	0
515	0.132766	0.00488854
525	0.129114	0
535	0.121149	0.00162951
545	0.110859	0.00325903
555	0.101898	0
565	0.0836423	0.00488854
575	0.0872933	0.00162951
585	0.0836423	0
595	0.0756763	0
605	0.0670466	0.00162951
615	0.0779997	0
625	0.057753	0.00162951
635	0.0604083	0.00162951
645	0.0514466	0.00488854
655	0.0434807	0.00162951
665	0.0481275	0.00325903
675	0.0404935	0.00162951
685	0.0365105	0.00325903
695	0.0302042	0.00162951
705	0.0252254	0.00651806
715	0.0189191	0.00651806
725	0.0165957	0.00488854
735	0.0165957	0
745	0.0112851	0.00325903
755	0.00995741	0.00325903
765	0.00796593	0.00325903
775	0.0073021	0.00162951
785	0.0096255	0.00162951
795	0.00531062	0
805	0.00398297	0.00325903
815	0.00398297	0.00162951
825	0.00365105	0.00325903
835	0.00165957	0.00162951
845	0.00265531	0.00977709
855	0.00165957	0.00325903
865	0.00431488	0.00162951
875	0.00265531	0
885	0.00265531	0.00651806
895	0.00199148	0.00162951
905	0.00298722	0.00162951
915	0.00265531	0
925	0.00199148	0.00325903
935	0.00398297	0.00488854
945	0.0023234	0.00325903
955	0.000995741	0
965	0.00199148	0.00162951
975	0.00265531	0.00162951
985	0.00265531	0.00325903
995	0.000995741	0.00162951
1005	0.00265531	0.00162951
1015	0.00199148	0.00651806
1025	0.00132766	0
1035	0.0023234	0.00325903
1045	0.00331914	0.00325903
1055	0.000995741	0.00162951
1065	0.0023234	0
1075	0.000995741	0
1085	0.00265531	0
1095	0.00165957	0.00488854
1105	0.00199148	0.00162951
1115	0.00199148	0.00162951
1125	0.000331914	0.00162951
1135	0.00199148	0
1145	0.000995741	0.00162951
1155	0.00265531	0
1165	0.00265531	0
1175	0.000995741	0
1185	0.00165957	0
1195	0.00331914	0.00162951
