FG time = 3003.78	BG time = 484.567
5	0	0
15	0	0
25	0	0
35	0	0
45	0.0023304	0
55	0.0286306	0.00825479
65	0.0878892	0.00825479
75	0.136162	0.0165096
85	0.162795	0.0103185
95	0.193756	0.0041274
105	0.216727	0.0020637
115	0.221388	0.00825479
125	0.24902	0.00619109
135	0.26733	0.0020637
145	0.291632	0.0041274
155	0.281978	0.0041274
165	0.320596	0.0020637
175	0.303617	0.0020637
185	0.331249	0.00825479
195	0.319264	0.0041274
205	0.349892	0.0020637
215	0.347562	0.0041274
225	0.344566	0.0020637
235	0.345565	0.0020637
245	0.351557	0.0020637
255	0.349227	0
265	0.355219	0.0020637
275	0.35988	0.00619109
285	0.354553	0.0020637
295	0.340238	0.0020637
305	0.358215	0.00825479
315	0.325923	0
325	0.334578	0.0020637
335	0.354553	0.0020637
345	0.338906	0.0020637
355	0.315935	0.0041274
365	0.334578	0.0020637
375	0.31993	0.00619109
385	0.311607	0
395	0.302286	0.0020637
405	0.294629	0.0041274
415	0.279981	0
425	0.296293	0.0020637
435	0.275986	0.0020637
445	0.259007	0.0020637
455	0.246689	0.0020637
465	0.240697	0.0020637
475	0.225383	0.0020637
485	0.238366	0.0041274
495	0.229711	0.0020637
505	0.200747	0.0020637
515	0.189761	0
525	0.186432	0.0020637
535	0.18743	0.0020637
545	0.173448	0
555	0.166457	0
565	0.142487	0
575	0.14515	0.00619109
585	0.128838	0
595	0.134497	0.0041274
605	0.105201	0
615	0.108197	0
625	0.0955463	0.00619109
635	0.084893	0.0020637
645	0.0822297	0.0041274
655	0.0592587	0
665	0.0595916	0.0041274
675	0.0632536	0.0020637
685	0.0526004	0
695	0.0399497	0.0020637
705	0.0439446	0
715	0.0322926	0
725	0.0272989	0
735	0.0239698	0.0020637
745	0.0179773	0.0041274
755	0.015314	0.0020637
765	0.0119849	0.0020637
775	0.0119849	0.0020637
785	0.0106532	0.0041274
795	0.00632536	0.0020637
805	0.00565953	0.0020637
815	0.00366205	0
825	0.00332914	0
835	0.00432788	0
845	0.00332914	0
855	0.00166457	0.0020637
865	0.00299622	0.00619109
875	0.00199748	0.0020637
885	0.00199748	0
895	0.00166457	0
905	0.00166457	0.0020637
915	0.00199748	0.0041274
925	0.000998741	0.0041274
935	0.00166457	0.0041274
945	0.000998741	0.0020637
955	0.000665828	0
965	0.000998741	0
975	0.00399497	0.0020637
985	0.000998741	0.0041274
995	0.00332914	0
1005	0.000998741	0.0041274
1015	0.00166457	0.0020637
1025	0.0023304	0
1035	0.00166457	0
1045	0.0023304	0
1055	0.00166457	0.0041274
1065	0.00399497	0
1075	0.00199748	0.0020637
1085	0.00366205	0
1095	0.00199748	0.0020637
1105	0.000665828	0
1115	0.00133166	0.00619109
1125	0.000332914	0.0041274
1135	0.00199748	0
1145	0.00199748	0.0041274
1155	0.000998741	0.0020637
1165	0.00166457	0.0020637
1175	0.00133166	0.0041274
1185	0.00133166	0
1195	0.00199748	0
