FG time = 2639.98	BG time = 425.748
5	0	0
15	0	0
25	0	0
35	0.000378791	0.00234881
45	0.00265154	0
55	0.016288	0.00469762
65	0.0534095	0.0140928
75	0.101137	0.00469762
85	0.113637	0.0140928
95	0.138637	0.00939523
105	0.139395	0.00469762
115	0.154168	0.00939523
125	0.173486	0.00704642
135	0.16591	0.00469762
145	0.179168	0.0164417
155	0.189395	0.00939523
165	0.188259	0.00234881
175	0.202274	0.00704642
185	0.198865	0.00469762
195	0.204547	0.00234881
205	0.197729	0.00469762
215	0.209093	0.00469762
225	0.195835	0.00704642
235	0.191289	0.00704642
245	0.204547	0.00234881
255	0.202653	0.00234881
265	0.201517	0.00234881
275	0.206062	0
285	0.196214	0
295	0.203411	0.00469762
305	0.184092	0.00469762
315	0.205305	0.00234881
325	0.200759	0.00234881
335	0.180683	0
345	0.182198	0
355	0.189017	0.00234881
365	0.169698	0
375	0.172729	0.00469762
385	0.168941	0
395	0.156441	0.00234881
405	0.16932	0
415	0.144319	0.00234881
425	0.166289	0.00234881
435	0.151516	0
445	0.146213	0
455	0.129168	0.00234881
465	0.127274	0
475	0.121592	0.00234881
485	0.116668	0.00234881
495	0.12538	0
505	0.103789	0
515	0.111743	0.00234881
525	0.107198	0.00234881
535	0.0886371	0
545	0.0878795	0.00469762
555	0.08144	0
565	0.0719703	0.00469762
575	0.0784097	0.00234881
585	0.0704551	0.00469762
595	0.059849	0
605	0.0500004	0.00234881
615	0.0454549	0
625	0.0541671	0.00234881
635	0.0367427	0
645	0.0371215	0.00234881
655	0.0386367	0
665	0.0303033	0
675	0.025379	0.00704642
685	0.0265154	0.00234881
695	0.0166668	0
705	0.0143941	0.00234881
715	0.0121213	0.00234881
725	0.0125001	0
735	0.0125001	0.00234881
745	0.0125001	0.00469762
755	0.00757582	0
765	0.00795461	0.00704642
775	0.00454549	0
785	0.00643945	0.00704642
795	0.00454549	0.00234881
805	0.00265154	0
815	0.00340912	0.00469762
825	0.000757582	0.00234881
835	0.00340912	0
845	0.00303033	0.00469762
855	0.00189395	0
865	0.00151516	0.00469762
875	0.00189395	0.00469762
885	0.00378791	0
895	0	0.00469762
905	0.000757582	0
915	0.00151516	0
925	0.00265154	0.00234881
935	0.000757582	0.00234881
945	0.00151516	0
955	0.000757582	0
965	0.00227275	0.00469762
975	0.00151516	0.00234881
985	0.00227275	0.00704642
995	0.00227275	0
1005	0.00151516	0
1015	0.00340912	0.00234881
1025	0.00265154	0
1035	0.00227275	0.00234881
1045	0.00265154	0
1055	0.00227275	0.00704642
1065	0.00113637	0.00234881
1075	0.00151516	0.00234881
1085	0.00265154	0.00234881
1095	0.00227275	0
1105	0.00265154	0.00469762
1115	0.00113637	0.00234881
1125	0.00113637	0.00234881
1135	0.00151516	0.00469762
1145	0.000378791	0
1155	0.00151516	0
1165	0.00189395	0
1175	0.00151516	0
1185	0.000757582	0
1195	0.00113637	0.00234881
