FG time = 3319.63	BG time = 734.712
5	0	0
15	0	0
25	0	0
35	0	0
45	0.00120495	0.00136108
55	0.00963963	0.00272215
65	0.0394622	0.00408323
75	0.0930827	0.0136108
85	0.112362	0.00816646
95	0.121399	0.0108886
105	0.114772	0.00544431
115	0.124411	0.00408323
125	0.131942	0.00408323
135	0.130135	0.00544431
145	0.146101	0.00272215
155	0.143691	0.00408323
165	0.148812	0.00408323
175	0.146402	0.00272215
185	0.147607	0.00408323
195	0.155138	0.00544431
205	0.161765	0.00408323
215	0.148812	0.00680539
225	0.16056	0.00408323
235	0.159355	0.00272215
245	0.166284	0.00136108
255	0.149113	0.00680539
265	0.162368	0.00136108
275	0.146402	0.00272215
285	0.153029	0.00272215
295	0.143088	0
305	0.152125	0.00272215
315	0.142185	0.00680539
325	0.150017	0.00136108
335	0.137967	0.00136108
345	0.125315	0.00272215
355	0.132846	0.00272215
365	0.137063	0.00408323
375	0.139473	0.00136108
385	0.134051	0.00272215
395	0.130436	0.00272215
405	0.125616	0.00136108
415	0.10935	0
425	0.113266	0.00272215
435	0.115374	0.00136108
445	0.111759	0.00272215
455	0.103626	0.00408323
465	0.0994087	0
475	0.0957938	0
485	0.0894678	0
495	0.0786232	0.00408323
505	0.0822381	0.00272215
515	0.0849492	0.00408323
525	0.0710923	0.00272215
535	0.0722972	0.00272215
545	0.0647663	0.00136108
555	0.0572353	0.00272215
565	0.0611514	0.00408323
575	0.0629588	0
585	0.0497043	0.00272215
595	0.0445833	0.00408323
605	0.0472944	0.00408323
615	0.037956	0.00408323
625	0.0388598	0
635	0.0271115	0.00136108
645	0.0337387	0.00272215
655	0.03163	0
665	0.0204842	0.00136108
675	0.0219904	0.00408323
685	0.0174718	0.00272215
695	0.0186768	0.00272215
705	0.012652	0
715	0.0123508	0.00272215
725	0.0129533	0.00136108
735	0.00963963	0.00544431
745	0.00692848	0.00136108
755	0.00753096	0.00136108
765	0.00542229	0.00272215
775	0.00542229	0.00136108
785	0.00361486	0.00272215
795	0.00361486	0.00272215
805	0.00301238	0.00136108
815	0.00572353	0.00408323
825	0.00150619	0.00272215
835	0.00512105	0.00408323
845	0.000903715	0.00272215
855	0.00331362	0.00272215
865	0.00301238	0.00408323
875	0.00271115	0.00136108
885	0.00271115	0.00136108
895	0.00271115	0.00408323
905	0.00240991	0.00136108
915	0.00180743	0
925	0.00240991	0
935	0.00180743	0.00136108
945	0.00240991	0.00136108
955	0.00180743	0.00136108
965	0.00210867	0.00272215
975	0.00361486	0.00408323
985	0.00210867	0.00136108
995	0.00331362	0.00136108
1005	0.00240991	0.00272215
1015	0.00210867	0.00136108
1025	0.000903715	0.00136108
1035	0.00180743	0.00272215
1045	0.00180743	0
1055	0.00180743	0
1065	0.00150619	0.00136108
1075	0.000903715	0
1085	0.00180743	0
1095	0.00150619	0.00136108
1105	0.00150619	0.00272215
1115	0.00180743	0.00136108
1125	0.00240991	0.00136108
1135	0.000903715	0.00272215
1145	0.00271115	0
1155	0.00120495	0
1165	0.00150619	0.00136108
1175	0.00331362	0.00272215
1185	0.00150619	0
1195	0.00150619	0.00136108
