FG time = 3312.54	BG time = 733.43
5	0	0
15	0	0
25	0	0
35	0	0
45	0.000603767	0
55	0.00966027	0
65	0.0262639	0.00545383
75	0.0525277	0.00818074
85	0.0703388	0.00681729
95	0.0890556	0.00681729
105	0.0969046	0.00545383
115	0.109886	0.00681729
125	0.121055	0.00545383
135	0.120451	0.00136346
145	0.137357	0.00409037
155	0.141583	0.00136346
165	0.148225	0.00545383
175	0.158489	0.00136346
185	0.146413	0.00272691
195	0.161809	0.00136346
205	0.165432	0.00136346
215	0.150942	0
225	0.170866	0.00136346
235	0.149432	0
245	0.176602	0
255	0.167545	0
265	0.162715	0.00136346
275	0.157885	0
285	0.163319	0.00272691
295	0.152753	0.00136346
305	0.1603	0.00136346
315	0.140376	0.00272691
325	0.153961	0
335	0.159093	0
345	0.150338	0.00136346
355	0.156376	0.00272691
365	0.148527	0
375	0.149432	0.00545383
385	0.15064	0
395	0.137659	0.00272691
405	0.149734	0
415	0.144904	0.00136346
425	0.133131	0
435	0.129206	0
445	0.130715	0
455	0.121659	0.00136346
465	0.118942	0
475	0.111093	0.00136346
485	0.117433	0.00272691
495	0.101433	0.00409037
505	0.101131	0.00409037
515	0.0969046	0
525	0.0935838	0
535	0.0917725	0.00136346
545	0.080301	0
555	0.0757727	0.00136346
565	0.0709426	0
575	0.0685275	0.00136346
585	0.0667162	0.00272691
595	0.0652068	0
605	0.0476976	0.00136346
615	0.0434712	0
625	0.0449806	0
635	0.0410561	0.00136346
645	0.0461882	0
655	0.0335091	0.00136346
665	0.0274714	0.00272691
675	0.0286789	0
685	0.0214337	0.00272691
695	0.0159998	0
705	0.0169055	0
715	0.0172074	0.00136346
725	0.012981	0.00272691
735	0.0123772	0
745	0.0120753	0
755	0.00603767	0.00136346
765	0.00664143	0.00409037
775	0.00452825	0
785	0.00603767	0
795	0.00241507	0
805	0.00211318	0
815	0.00090565	0
825	0.000603767	0
835	0.000603767	0
845	0.00120753	0.00136346
855	0.000603767	0.00136346
865	0.00090565	0.00136346
875	0.00120753	0
885	0.00090565	0
895	0.000603767	0.00136346
905	0.00150942	0.00409037
915	0.00120753	0.00136346
925	0.00090565	0.00272691
935	0.00120753	0.00136346
945	0.00120753	0.00136346
955	0.00120753	0.00136346
965	0.000603767	0
975	0.000301883	0
985	0.00090565	0.00136346
995	0.00120753	0.00136346
1005	0.000301883	0.00272691
1015	0	0.00272691
1025	0.000603767	0.00136346
1035	0.000603767	0.00136346
1045	0.00090565	0.00136346
1055	0.0018113	0.00136346
1065	0.0018113	0
1075	0.00150942	0
1085	0.000603767	0
1095	0.000603767	0.00136346
1105	0.000603767	0
1115	0.000603767	0
1125	0.00090565	0
1135	0.000603767	0
1145	0.00120753	0
1155	0.000603767	0.00272691
1165	0.000603767	0.00136346
1175	0.00090565	0
1185	0.000603767	0.00272691
1195	0.000603767	0.00136346
