FG time = 3611.87	BG time = 511.713
5	0	0
15	0	0
25	0	0
35	0.00166119	0.00195422
45	0.0174425	0.00195422
55	0.0423603	0.00390844
65	0.0852743	0.0117253
75	0.11213	0.00977111
85	0.134002	0.00781689
95	0.148676	0.00781689
105	0.166949	0.00781689
115	0.179131	0.00195422
125	0.188268	0.00977111
135	0.193528	0.00781689
145	0.202388	0.00390844
155	0.221769	0.00195422
165	0.207095	0.00195422
175	0.226198	0.00390844
185	0.242257	0.00390844
195	0.236996	0.00586267
205	0.231459	0.00390844
215	0.248348	0.00586267
225	0.246963	0
235	0.252501	0.00390844
245	0.25693	0.00390844
255	0.23838	0
265	0.269389	0.00195422
275	0.23755	0.00195422
285	0.251947	0.00390844
295	0.246686	0.00195422
305	0.248901	0.00390844
315	0.247794	0.00586267
325	0.238104	0.00390844
335	0.223707	0.00195422
345	0.241703	0.00390844
355	0.241426	0.00390844
365	0.211801	0.00195422
375	0.209587	0.00195422
385	0.214847	0
395	0.203495	0
405	0.196297	0.00390844
415	0.189099	0
425	0.189929	0.00390844
435	0.183008	0.00195422
445	0.174425	0.00195422
455	0.172764	0.00586267
465	0.163904	0.00195422
475	0.150891	0.00195422
485	0.150891	0
495	0.140924	0
505	0.136494	0.00195422
515	0.129573	0.00195422
525	0.116837	0
535	0.121544	0.00195422
545	0.118775	0
555	0.1077	0.00195422
565	0.1077	0.00390844
575	0.0921959	0.00586267
585	0.0880429	0.00390844
595	0.0827825	0.00195422
605	0.0791833	0.00195422
615	0.0758609	0
625	0.0636789	0
635	0.0678318	0
645	0.0559266	0.00390844
655	0.0517737	0.00586267
665	0.038761	0.00195422
675	0.0365461	0
685	0.0335006	0
695	0.0243641	0.00195422
705	0.0168887	0
715	0.0215954	0.00586267
725	0.0243641	0.00195422
735	0.0171656	0
745	0.0177193	0
755	0.00830594	0
765	0.00996713	0.00195422
775	0.00747534	0.00195422
785	0.00553729	0
795	0.00442983	0.00195422
805	0.00442983	0.00195422
815	0.00332238	0.00195422
825	0.0047067	0.00195422
835	0.00249178	0.00390844
845	0.00249178	0.00390844
855	0.00359924	0
865	0.00138432	0
875	0.00138432	0
885	0.00304551	0.00195422
895	0.00166119	0
905	0.000830594	0.00195422
915	0.00249178	0.00586267
925	0.00138432	0.00195422
935	0.00221492	0
945	0.00193805	0.00195422
955	0.00110746	0
965	0.00276865	0
975	0.00221492	0.00586267
985	0.00166119	0.00390844
995	0.00138432	0.00390844
1005	0.000830594	0.00195422
1015	0.00249178	0.00390844
1025	0.00193805	0.00195422
1035	0.00166119	0.00195422
1045	0.00221492	0.00195422
1055	0.000276865	0.00195422
1065	0.00249178	0.00195422
1075	0.00249178	0.00195422
1085	0.00221492	0
1095	0.00221492	0
1105	0.00193805	0.00195422
1115	0.000553729	0.00195422
1125	0.00249178	0
1135	0.00110746	0
1145	0.000553729	0.00195422
1155	0.00276865	0.00390844
1165	0.00138432	0
1175	0.00221492	0
1185	0.00276865	0
1195	0.00221492	0
