FG time = 2709.21	BG time = 425.604
5	0	0
15	0	0
25	0	0
35	0.000369111	0.00469921
45	0.00812045	0
55	0.0310054	0.0023496
65	0.0660709	0.00469921
75	0.0915396	0.00939841
85	0.115901	0.0023496
95	0.115901	0.00704881
105	0.143584	0.0140976
115	0.13694	0.00704881
125	0.159456	0.00469921
135	0.164255	0
145	0.178281	0.00939841
155	0.184556	0.00939841
165	0.18677	0.00469921
175	0.194522	0.0023496
185	0.192307	0.00469921
195	0.208548	0.0140976
205	0.205964	0.0023496
215	0.210024	0.00704881
225	0.22848	0
235	0.218883	0.00704881
245	0.226634	0
255	0.212608	0
265	0.19526	0.00704881
275	0.195629	0.00469921
285	0.214454	0
295	0.214454	0.0023496
305	0.221467	0.00704881
315	0.216299	0.0023496
325	0.204857	0
335	0.193414	0.0023496
345	0.206702	0
355	0.196367	0.0023496
365	0.182341	0.0023496
375	0.173482	0.0023496
385	0.175328	0
395	0.182341	0
405	0.190831	0
415	0.177173	0.0023496
425	0.162409	0
435	0.167577	0.0023496
445	0.156503	0.0023496
455	0.144323	0.00469921
465	0.135833	0.00704881
475	0.131035	0.00704881
485	0.12476	0.0023496
495	0.129558	0
505	0.122176	0.00469921
515	0.115532	0
525	0.100398	0.0023496
535	0.101137	0.0023496
545	0.0978145	0.0023496
555	0.0915396	0.00469921
565	0.0845265	0.0023496
575	0.0782516	0
585	0.0782516	0
595	0.0679165	0
605	0.0679165	0.00469921
615	0.0542594	0
625	0.0572123	0
635	0.0490918	0.011748
645	0.0546285	0
655	0.0369111	0.0023496
665	0.0372803	0.0023496
675	0.0313745	0
685	0.0287907	0
695	0.0214085	0
705	0.023254	0
715	0.0188247	0.0023496
725	0.0129189	0
735	0.00812045	0
745	0.0118116	0.0023496
755	0.00775134	0.0023496
765	0.00701312	0.00469921
775	0.00701312	0.00469921
785	0.00406023	0
795	0.00590578	0.0023496
805	0.003322	0
815	0.00184556	0.0023496
825	0.00184556	0
835	0.00258378	0.0023496
845	0.00110733	0.0023496
855	0.00221467	0
865	0.00369111	0.00469921
875	0.00369111	0.00469921
885	0.00147645	0.0023496
895	0.00110733	0
905	0.00258378	0
915	0.00295289	0.0023496
925	0.00258378	0
935	0.003322	0.00939841
945	0.00221467	0
955	0.00110733	0.0023496
965	0.00147645	0
975	0.00110733	0
985	0.003322	0
995	0.00221467	0
1005	0.000369111	0.0023496
1015	0.00221467	0
1025	0.000738223	0.0023496
1035	0.00221467	0
1045	0.00221467	0.00704881
1055	0.00295289	0
1065	0.000369111	0
1075	0.000738223	0
1085	0.00295289	0.0023496
1095	0.00258378	0.0023496
1105	0.00184556	0
1115	0.00147645	0
1125	0.00258378	0.00469921
1135	0.00258378	0.00469921
1145	0.00258378	0
1155	0.00184556	0.0023496
1165	0.00221467	0.0023496
1175	0.000369111	0.0023496
1185	0.00147645	0.0023496
1195	0.00184556	0.0023496
