FG time = 3312.33	BG time = 733.451
5	0	0
15	0	0
25	0	0
35	0	0
45	0.00211332	0.00136342
55	0.0141894	0.00818051
65	0.0600786	0.00545367
75	0.0999297	0.00954392
85	0.132233	0.00681709
95	0.16031	0.0109073
105	0.169367	0.00954392
115	0.191406	0.00409025
125	0.204992	0.00409025
135	0.211332	0.00545367
145	0.230955	0.00818051
155	0.237295	0.00681709
165	0.237295	0.00409025
175	0.242428	0.00272684
185	0.256013	0.00681709
195	0.246654	0.00545367
205	0.262051	0.00409025
215	0.262051	0.00409025
225	0.264165	0.00272684
235	0.252089	0.00272684
245	0.238805	0.00409025
255	0.275033	0.00272684
265	0.245145	0.00136342
275	0.255711	0.00409025
285	0.251183	0.00409025
295	0.251183	0
305	0.256315	0.00409025
315	0.250277	0.00272684
325	0.251485	0.00272684
335	0.243031	0.00136342
345	0.246352	0.00136342
355	0.2222	0
365	0.236692	0
375	0.224012	0.00409025
385	0.214351	0.00136342
395	0.216766	0.00136342
405	0.218879	0.00681709
415	0.193519	0.00409025
425	0.213445	0.00136342
435	0.18567	0
445	0.190199	0.00136342
455	0.184462	0.00272684
465	0.174802	0
475	0.170877	0.00409025
485	0.15548	0
495	0.162122	0.00409025
505	0.148838	0.00272684
515	0.146423	0.00272684
525	0.127101	0.00136342
535	0.129818	0
545	0.106873	0.00136342
555	0.120157	0.00136342
565	0.109591	0
575	0.0978164	0.00545367
585	0.0917783	0.00272684
595	0.0872498	0.00272684
605	0.0809099	0
615	0.0727585	0.00272684
625	0.0597767	0
635	0.0615881	0.00409025
645	0.0573615	0.00272684
655	0.0540405	0
665	0.0455873	0
675	0.0350207	0.00409025
685	0.0280769	0
695	0.0338131	0.00136342
705	0.0250579	0.00136342
715	0.0241522	0.00272684
725	0.0190199	0.00272684
735	0.0190199	0.00136342
745	0.0150951	0
755	0.00996278	0.00272684
765	0.0117742	0.00272684
775	0.00573615	0.00409025
785	0.00633995	0.00136342
795	0.00332093	0.00136342
805	0.00422663	0.00409025
815	0.00543424	0
825	0.00181141	0.00136342
835	0.00271712	0.00136342
845	0.00181141	0
855	0.00362283	0.00136342
865	0.00241522	0
875	0.00301902	0.00272684
885	0.00362283	0.00409025
895	0.00362283	0.00272684
905	0.00150951	0.00136342
915	0.00181141	0.00272684
925	0.00211332	0.00136342
935	0.00332093	0.00409025
945	0.00181141	0.00136342
955	0.00150951	0.00272684
965	0.00301902	0.00136342
975	0.00332093	0
985	0.00241522	0
995	0.00150951	0.00272684
1005	0.00181141	0.00272684
1015	0.00271712	0.00136342
1025	0.00241522	0.00136342
1035	0.00120761	0.00409025
1045	0.00181141	0.00136342
1055	0.00241522	0.00136342
1065	0.00241522	0.00136342
1075	0.00181141	0.00136342
1085	0.00301902	0.00272684
1095	0.00241522	0.00545367
1105	0.000603805	0.00409025
1115	0.000905707	0.00272684
1125	0.00211332	0.00272684
1135	0.00332093	0
1145	0.00241522	0
1155	0.00241522	0.00272684
1165	0.00301902	0.00409025
1175	0.00120761	0
1185	0.00150951	0.00136342
1195	0.00271712	0.00136342
