FG time = 3004.1	BG time = 484.935
5	0	0
15	0	0
25	0	0
35	0	0
45	0.000332878	0
55	0.0103192	0
65	0.0838854	0
75	0.153457	0.0123728
85	0.221697	0.0103107
95	0.230019	0.00206213
105	0.251989	0.00412427
115	0.255651	0.0123728
125	0.291601	0.0061864
135	0.270297	0.00206213
145	0.295263	0.00412427
155	0.303918	0.00206213
165	0.301255	0.00206213
175	0.311574	0.00412427
185	0.323891	0.00206213
195	0.328884	0.00206213
205	0.331547	0.00206213
215	0.319896	0.00206213
225	0.352518	0
235	0.327885	0.00206213
245	0.338204	0
255	0.333544	0.00206213
265	0.342532	0.00206213
275	0.340535	0.00206213
285	0.3412	0
295	0.339203	0.00206213
305	0.345861	0.00412427
315	0.336207	0.00206213
325	0.318565	0
335	0.332213	0
345	0.309577	0.00412427
355	0.305915	0.00206213
365	0.299923	0.00206213
375	0.305582	0.00206213
385	0.283945	0
395	0.284278	0.00206213
405	0.277288	0.00206213
415	0.269299	0.00206213
425	0.259645	0.00206213
435	0.265304	0.00412427
445	0.254652	0
455	0.247329	0
465	0.238008	0.00412427
475	0.220365	0
485	0.212044	0.00412427
495	0.194401	0.00412427
505	0.190074	0.0061864
515	0.191405	0.00206213
525	0.164775	0
535	0.155454	0.00412427
545	0.159449	0.00206213
555	0.150794	0.00206213
565	0.146799	0
575	0.11218	0
585	0.120835	0
595	0.115176	0
605	0.106188	0.00206213
615	0.0948703	0.00206213
625	0.0762292	0
635	0.0702373	0.00206213
645	0.0782264	0.00206213
655	0.0669086	0.00206213
665	0.0592524	0.00206213
675	0.0439399	0
685	0.0452715	0
695	0.038281	0
705	0.0359509	0
715	0.0306248	0
725	0.02197	0
735	0.0186412	0
745	0.0156453	0
755	0.0129823	0
765	0.00665757	0.00206213
775	0.010985	0
785	0.00532605	0
795	0.0046603	0
805	0.00233015	0
815	0.00332878	0
825	0.00166439	0
835	0.00233015	0.00412427
845	0.00233015	0
855	0.000998635	0
865	0.00133151	0
875	0.000998635	0
885	0.000998635	0
895	0.00133151	0
905	0.000665757	0
915	0.000998635	0.00206213
925	0.000665757	0
935	0.00133151	0
945	0.00166439	0
955	0.00166439	0.00206213
965	0.000998635	0
975	0.00266303	0.00206213
985	0.000665757	0
995	0.000665757	0
1005	0.00133151	0.00206213
1015	0.00133151	0.00206213
1025	0.00166439	0
1035	0.000665757	0.00206213
1045	0.00266303	0
1055	0.00133151	0
1065	0.000332878	0
1075	0.000998635	0.00206213
1085	0.000998635	0.00206213
1095	0.000332878	0.00206213
1105	0.000665757	0
1115	0.00133151	0
1125	0.000665757	0.00206213
1135	0.00233015	0
1145	0.000665757	0
1155	0.000332878	0
1165	0.00166439	0
1175	0.000332878	0
1185	0.000665757	0.00206213
1195	0.000665757	0
