FG time = 3312.24	BG time = 733.182
5	0	0
15	0	0
25	0	0
35	0	0
45	0.000603821	0.00136392
55	0.00875541	0.00136392
65	0.0313987	0.00818351
75	0.0585707	0.00818351
85	0.0833273	0.00136392
95	0.103857	0.00409175
105	0.120764	0.00545567
115	0.12801	0.00681959
125	0.135558	0.00136392
135	0.14854	0.00545567
145	0.149748	0.00272784
155	0.160013	0.00272784
165	0.163032	0.00272784
175	0.172693	0.00136392
185	0.183864	0.00136392
195	0.18809	0.00272784
205	0.187185	0
215	0.185071	0
225	0.188392	0
235	0.208318	0
245	0.184769	0
255	0.188996	0
265	0.188996	0.00136392
275	0.19594	0
285	0.187185	0.00272784
295	0.181146	0.00272784
305	0.191411	0.00272784
315	0.198959	0
325	0.193827	0.00136392
335	0.194732	0
345	0.178429	0.00272784
355	0.1739	0.00409175
365	0.168466	0.00409175
375	0.177222	0.00136392
385	0.172391	0.00136392
395	0.165749	0
405	0.172693	0.00136392
415	0.166655	0
425	0.161824	0.00136392
435	0.149748	0
445	0.156088	0.00136392
455	0.138577	0
465	0.132841	0
475	0.139785	0
485	0.126501	0
495	0.115632	0
505	0.117141	0.00136392
515	0.115934	0
525	0.107178	0
535	0.105065	0.00136392
545	0.100536	0.00136392
555	0.0905732	0.00136392
565	0.0902713	0.00136392
575	0.0691375	0
585	0.0715528	0.00272784
595	0.0661184	0
605	0.0667222	0
615	0.0582687	0
625	0.0464942	0
635	0.0458904	0
645	0.0431732	0.00136392
655	0.0389465	0.00136392
665	0.0377388	0.00272784
675	0.0286815	0.00272784
685	0.023549	0.00136392
695	0.0196242	0.00136392
705	0.0208318	0.00272784
715	0.0144917	0.00136392
725	0.0153974	0.00136392
735	0.0120764	0
745	0.010265	0
755	0.00784968	0.00409175
765	0.00724585	0.00272784
775	0.00301911	0
785	0.00301911	0.00409175
795	0.00332102	0.00272784
805	0.00422675	0.00272784
815	0.0027172	0
825	0.00211337	0.00272784
835	0.000603821	0
845	0.0027172	0
855	0.000905732	0
865	0.000603821	0
875	0.00120764	0.00272784
885	0.000301911	0.00272784
895	0.000301911	0
905	0.00181146	0.00272784
915	0.000603821	0.00136392
925	0.000905732	0
935	0.000905732	0
945	0.000905732	0.00136392
955	0.00120764	0
965	0.000905732	0.00272784
975	0.00120764	0
985	0.00211337	0.00136392
995	0.000905732	0
1005	0.000603821	0
1015	0.000905732	0.00272784
1025	0.00150955	0
1035	0.000905732	0.00136392
1045	0.000301911	0
1055	0.000603821	0.00272784
1065	0.000905732	0
1075	0.000603821	0.00136392
1085	0.000905732	0
1095	0.00120764	0.00136392
1105	0.00241528	0.00136392
1115	0.000905732	0
1125	0.000603821	0.00272784
1135	0.00120764	0
1145	0.000905732	0
1155	0.000603821	0.00136392
1165	0.000603821	0
1175	0.000603821	0
1185	0.000603821	0.00136392
1195	0.000905732	0.00136392
