FG time = 3312.19	BG time = 493.004
5	0	0
15	0	0
25	0	0
35	0	0
45	0.00241532	0
55	0.0223417	0.00202838
65	0.0730635	0.0101419
75	0.131937	0.00608515
85	0.168167	0.00405677
95	0.194131	0.00608515
105	0.211039	0.0101419
115	0.217681	0.00811353
125	0.226738	0.0162271
135	0.257232	0.00811353
145	0.258439	0.00608515
155	0.27595	0.00405677
165	0.266591	0.00811353
175	0.261157	0.00202838
185	0.27746	0.00405677
195	0.278064	0.00202838
205	0.277158	0.00202838
215	0.290744	0.00405677
225	0.276856	0.00202838
235	0.274743	0.00405677
245	0.277762	0.00202838
255	0.280177	0
265	0.299802	0.00202838
275	0.268403	0
285	0.285008	0.00202838
295	0.268403	0.00405677
305	0.268704	0
315	0.287725	0
325	0.278668	0
335	0.287725	0.00202838
345	0.266591	0
355	0.25059	0.00202838
365	0.258741	0
375	0.246967	0.00202838
385	0.242136	0.00202838
395	0.220398	0
405	0.2207	0
415	0.224927	0
425	0.217379	0
435	0.208623	0.00202838
445	0.212548	0.00202838
455	0.208925	0.00202838
465	0.18447	0
475	0.168167	0
485	0.186282	0.00202838
495	0.179338	0
505	0.163638	0
515	0.147938	0
525	0.145523	0.00608515
535	0.135258	0.00202838
545	0.132843	0.00202838
555	0.133446	0.00202838
565	0.124993	0
575	0.110501	0
585	0.102953	0
595	0.0966128	0.00202838
605	0.0800075	0
615	0.0739692	0.00202838
625	0.0733654	0
635	0.0652137	0
645	0.0634022	0
655	0.0489102	0.00405677
665	0.0416643	0
675	0.0477026	0.00202838
685	0.0377394	0.00405677
695	0.032003	0.00202838
705	0.0259647	0.00202838
715	0.0277762	0
725	0.0223417	0
735	0.01419	0.00405677
745	0.0129823	0.00405677
755	0.0117747	0
765	0.00784979	0.00202838
775	0.00905745	0
785	0.00694405	0.00202838
795	0.00362298	0.00202838
805	0.00573639	0
815	0.00452873	0
825	0.00332107	0
835	0.00211341	0
845	0.00181149	0.00202838
855	0.00060383	0.00202838
865	0.00150958	0
875	0.000905745	0
885	0.00150958	0
895	0.00211341	0.00405677
905	0.00271724	0
915	0.00241532	0.00405677
925	0.00120766	0
935	0.00150958	0.00202838
945	0.000905745	0.00202838
955	0.00211341	0
965	0.00120766	0
975	0.000905745	0.00202838
985	0.00060383	0
995	0.00271724	0
1005	0.000905745	0.00405677
1015	0.000905745	0.00202838
1025	0.000301915	0.00202838
1035	0.00120766	0
1045	0.00181149	0.00202838
1055	0.00181149	0
1065	0.000905745	0.00202838
1075	0.00211341	0
1085	0.00211341	0
1095	0.00181149	0
1105	0.00211341	0
1115	0.00181149	0.00405677
1125	0.00181149	0
1135	0.00181149	0.00202838
1145	0.00060383	0
1155	0.000905745	0
1165	0.000301915	0
1175	0.00120766	0
1185	0.00120766	0
1195	0.00120766	0.00202838
