FG time = 2704.87	BG time = 425.885
5	0	0
15	0	0
25	0	0
35	0.00147881	0
45	0.0133093	0.00939222
55	0.053607	0.0187844
65	0.119044	0.0117403
75	0.16156	0.00234805
85	0.216276	0.00939222
95	0.248071	0.0164364
105	0.26212	0.00939222
115	0.307963	0.0117403
125	0.324969	0.0187844
135	0.333103	0.00939222
145	0.352697	0.00469611
155	0.350848	0.0140883
165	0.344194	0.00234805
175	0.362679	0
185	0.390776	0.00469611
195	0.392255	0.00469611
205	0.426637	0.00704416
215	0.41074	0.00704416
225	0.439947	0.00234805
235	0.440686	0
245	0.427007	0.00234805
255	0.424789	0.00704416
265	0.434401	0.00234805
275	0.439577	0.00234805
285	0.414068	0.00939222
295	0.407043	0.00704416
305	0.429965	0
315	0.436619	0
325	0.412589	0.00234805
335	0.42294	0.00234805
345	0.418134	0.00234805
355	0.399279	0
365	0.395952	0
375	0.369703	0.00469611
385	0.375249	0.00704416
395	0.359721	0.00469611
405	0.368594	0
415	0.316096	0
425	0.306854	0.00469611
435	0.305745	0
445	0.309072	0
455	0.277277	0
465	0.282084	0
475	0.271732	0
485	0.285411	0.00234805
495	0.257683	0.00234805
505	0.228846	0
515	0.226628	0.00234805
525	0.208143	0
535	0.208143	0.00234805
545	0.191506	0
555	0.18707	0
565	0.184112	0.00469611
575	0.145293	0
585	0.14973	0.00234805
595	0.119414	0.00234805
605	0.116826	0.00234805
615	0.116087	0.00234805
625	0.110172	0.00704416
635	0.0898379	0
645	0.080965	0.00234805
655	0.0713527	0
665	0.0739406	0.00234805
675	0.0576737	0.00234805
685	0.0458432	0
695	0.0421462	0.00234805
705	0.0384491	0.00234805
715	0.0317945	0.00234805
725	0.0258792	0.00234805
735	0.0195943	0.00234805
745	0.0147881	0.00234805
755	0.0170063	0
765	0.0114608	0.00234805
775	0.00665466	0.00234805
785	0.00887288	0.00469611
795	0.00295763	0.00234805
805	0.00295763	0
815	0.00369703	0
825	0.00258792	0.00234805
835	0.00332733	0
845	0.00147881	0
855	0.00184852	0
865	0.00369703	0
875	0.00110911	0.00469611
885	0.00258792	0
895	0.00147881	0.00234805
905	0.00221822	0
915	0.00258792	0.00234805
925	0.000739406	0.00234805
935	0.00295763	0
945	0.00258792	0
955	0.00258792	0
965	0.00184852	0
975	0.00221822	0
985	0.00406673	0
995	0.00221822	0
1005	0.00110911	0
1015	0.00184852	0.00234805
1025	0.00295763	0.00469611
1035	0.00295763	0.00234805
1045	0.00184852	0.00469611
1055	0.00147881	0.00234805
1065	0.000739406	0
1075	0.00184852	0
1085	0.00147881	0.00234805
1095	0.00184852	0
1105	0.000739406	0
1115	0.00221822	0.00704416
1125	0.000369703	0
1135	0.00258792	0.00234805
1145	0.00147881	0.00234805
1155	0.000369703	0.00234805
1165	0.00258792	0
1175	0.00258792	0
1185	0.000369703	0
1195	0.00258792	0.00704416
