FG time = 3455.79	BG time = 486.137
5	0	0
15	0	0
25	0	0
35	0.000868109	0
45	0.00173622	0
55	0.00405118	0.00205703
65	0.00376181	0
75	0.00347244	0
85	0.00723424	0
95	0.0066555	0
105	0.00781298	0.00411406
115	0.00925983	0
125	0.00983857	0.00205703
135	0.0121535	0
145	0.0115748	0.00205703
155	0.0104173	0.00411406
165	0.0104173	0
175	0.0095492	0.00205703
185	0.013311	0.00205703
195	0.00897046	0
205	0.0115748	0.00205703
215	0.0164941	0
225	0.0104173	0.00205703
235	0.0127323	0
245	0.010996	0.00205703
255	0.00925983	0.00205703
265	0.00868109	0
275	0.00983857	0
285	0.00839172	0
295	0.00868109	0
305	0.00810235	0
315	0.00983857	0
325	0.00578739	0.00205703
335	0.00897046	0
345	0.00578739	0.00205703
355	0.00607676	0
365	0.00607676	0
375	0.0066555	0
385	0.00607676	0
395	0.00694487	0
405	0.00462991	0
415	0.00434054	0.00205703
425	0.00434054	0
435	0.00318307	0
445	0.00318307	0
455	0.00491928	0
465	0.00347244	0
475	0.00260433	0
485	0.00347244	0
495	0.00347244	0
505	0.00376181	0
515	0.00202559	0
525	0.00115748	0
535	0.00231496	0
545	0.00173622	0
555	0.00260433	0
565	0.00115748	0
575	0.00115748	0
585	0.00318307	0
595	0.00173622	0
605	0.00173622	0
615	0.000868109	0
625	0.00115748	0
635	0.00115748	0
645	0.000578739	0
655	0	0.00205703
665	0.000868109	0
675	0.00028937	0
685	0.00028937	0
695	0.00115748	0
705	0.000578739	0
715	0.00028937	0
725	0.000868109	0
735	0.00028937	0
745	0	0
755	0.000578739	0
765	0.000578739	0
775	0	0
785	0	0
795	0	0
805	0	0
815	0	0
825	0	0
835	0.00028937	0
845	0	0
855	0.00028937	0
865	0.00028937	0
875	0	0
885	0.00028937	0
895	0.00028937	0
905	0.00028937	0
915	0	0
925	0	0
935	0.000578739	0
945	0.00028937	0
955	0.00028937	0
965	0	0
975	0	0
985	0	0
995	0	0
1005	0.00028937	0
1015	0.000578739	0
1025	0	0
1035	0	0
1045	0	0
1055	0	0
1065	0.00028937	0
1075	0	0
1085	0	0
1095	0	0
1105	0	0
1115	0	0
1125	0.00028937	0
1135	0	0
1145	0	0
1155	0	0
1165	0	0
1175	0.00028937	0
1185	0	0
1195	0	0
