FG time = 2404.62	BG time = 365.012
5	0	0
15	0	0
25	0	0
35	0.000831731	0
45	0.00665385	0
55	0.0266154	0.00273964
65	0.049488	0
75	0.0723606	0.00547927
85	0.0944014	0.00273964
95	0.119769	0.00273964
105	0.135572	0.00273964
115	0.158445	0
125	0.187555	0
135	0.202111	0.00273964
145	0.200031	0.00547927
155	0.222488	0
165	0.238291	0.00273964
175	0.235796	0.00273964
185	0.244113	0
195	0.27156	0
205	0.260748	0
215	0.262827	0.00273964
225	0.261579	0.00547927
235	0.266154	0
245	0.290274	0.00547927
255	0.249103	0
265	0.300671	0
275	0.300255	0.00273964
285	0.292769	0.00273964
295	0.298591	0.00273964
305	0.286531	0.00547927
315	0.289858	0.00273964
325	0.294017	0.00273964
335	0.274055	0
345	0.289442	0
355	0.292769	0.00273964
365	0.2595	0
375	0.291106	0
385	0.264075	0.00273964
395	0.229142	0.00273964
405	0.234548	0
415	0.246192	0.00273964
425	0.22332	0
435	0.226647	0
445	0.206269	0
455	0.22124	0
465	0.202111	0.00273964
475	0.198368	0.00273964
485	0.196704	0
495	0.179654	0
505	0.175079	0.00273964
515	0.170505	0
525	0.170505	0.00273964
535	0.145969	0
545	0.150127	0.00273964
555	0.120601	0
565	0.118522	0
575	0.112284	0.00273964
585	0.108125	0.00273964
595	0.114363	0
605	0.098976	0
615	0.0831731	0
625	0.0777668	0.00273964
635	0.0661226	0
645	0.0582212	0
655	0.0582212	0
665	0.055726	0
675	0.0578053	0
685	0.0374279	0
695	0.0420024	0.00273964
705	0.0345168	0.00273964
715	0.0195457	0
725	0.0237043	0.00547927
735	0.0174663	0
745	0.0137236	0.00273964
755	0.0137236	0
765	0.00748558	0
775	0.00665385	0
785	0.00623798	0
795	0.00332692	0.00273964
805	0.0012476	0.00273964
815	0.00207933	0.00821891
825	0.00291106	0.00547927
835	0.000831731	0
845	0.000831731	0.00273964
855	0.000415865	0
865	0.00207933	0.00547927
875	0.00166346	0.00273964
885	0.000831731	0
895	0.00207933	0
905	0.000831731	0.00273964
915	0.00166346	0
925	0.0012476	0
935	0.00207933	0.00547927
945	0.0012476	0.00273964
955	0.00249519	0.00273964
965	0.000831731	0
975	0.000831731	0
985	0.00291106	0
995	0.00249519	0
1005	0.0012476	0.00547927
1015	0.0012476	0
1025	0.0012476	0
1035	0.000831731	0
1045	0.00249519	0
1055	0.0012476	0
1065	0.00207933	0.00821891
1075	0.00291106	0.00273964
1085	0.00207933	0
1095	0.00332692	0
1105	0.0012476	0.00273964
1115	0.00166346	0
1125	0.00166346	0
1135	0.000831731	0.00273964
1145	0.00249519	0
1155	0.00166346	0.00273964
1165	0.00249519	0
1175	0.00249519	0.00273964
1185	0.00207933	0
1195	0.000831731	0.00547927
