FG time = 3019.28	BG time = 614.733
5	0	0
15	0	0
25	0	0
35	0.000662409	0
45	0.00198723	0.00162672
55	0.0158978	0.00488017
65	0.0314644	0.00650689
75	0.0513367	0.00813362
85	0.0741898	0.00488017
95	0.0881004	0.00488017
105	0.0947245	0.0113871
115	0.111616	0.00325345
125	0.106317	0.00488017
135	0.113272	0.00325345
145	0.113934	0.00325345
155	0.134469	0.00650689
165	0.140431	0.00650689
175	0.131819	0.00488017
185	0.133475	0.00162672
195	0.133144	0.00325345
205	0.141093	0.00325345
215	0.147386	0.00650689
225	0.153679	0.00488017
235	0.155335	0.00162672
245	0.146061	0
255	0.146392	0
265	0.153348	0
275	0.142749	0.00162672
285	0.139768	0
295	0.143743	0.00162672
305	0.140431	0.00325345
315	0.143743	0.00162672
325	0.141093	0
335	0.134138	0.00162672
345	0.139768	0
355	0.12917	0.00162672
365	0.12652	0
375	0.128176	0.00162672
385	0.119565	0.00162672
395	0.117246	0.00162672
405	0.114266	0.00162672
415	0.108304	0.00162672
425	0.111285	0.00162672
435	0.108304	0.00162672
445	0.10996	0
455	0.100024	0.00162672
465	0.100024	0.00162672
475	0.0953869	0.00325345
485	0.0933997	0.00162672
495	0.0844572	0
505	0.0887628	0
515	0.0821387	0
525	0.0755146	0.00162672
535	0.0688906	0.00325345
545	0.0655785	0.00162672
555	0.0622665	0.00162672
565	0.0536551	0
575	0.0606104	0
585	0.056636	0.00162672
595	0.0576296	0
605	0.0384197	0.00162672
615	0.0483559	0.00488017
625	0.0321268	0.00162672
635	0.0264964	0.00162672
645	0.0347765	0
655	0.0248403	0
665	0.0281524	0.00162672
675	0.0225219	0
685	0.0192099	0
695	0.0139106	0.00325345
705	0.0158978	0.00162672
715	0.011261	0.00162672
725	0.0115922	0
735	0.011261	0.00162672
745	0.0072865	0.00162672
755	0.00828011	0.00162672
765	0.00463686	0.00325345
775	0.00231843	0.00325345
785	0.00298084	0
795	0.00298084	0.00162672
805	0.00198723	0
815	0.00132482	0
825	0.000993614	0
835	0.000662409	0.00162672
845	0.00165602	0.00162672
855	0.000331205	0.00325345
865	0.00132482	0.00162672
875	0.000331205	0
885	0.00298084	0
895	0.00165602	0.00162672
905	0.00198723	0
915	0.000993614	0.00162672
925	0.00165602	0.00162672
935	0.000662409	0
945	0.00198723	0
955	0.000331205	0
965	0.000662409	0
975	0.000662409	0
985	0.000993614	0.00162672
995	0.000662409	0
1005	0.00165602	0.00325345
1015	0.000331205	0.00162672
1025	0.00165602	0
1035	0.000331205	0
1045	0.00198723	0
1055	0.000993614	0.00325345
1065	0.000331205	0.00162672
1075	0.000331205	0
1085	0.000993614	0
1095	0.000662409	0
1105	0.000662409	0
1115	0.000662409	0
1125	0.000993614	0
1135	0.000331205	0
1145	0.000662409	0.00162672
1155	0.000662409	0
1165	0.000993614	0.00325345
1175	0.00132482	0
1185	0.00132482	0.00162672
1195	0.000662409	0
