FG time = 3299.18	BG time = 612.862
5	0	0
15	0	0
25	0	0
35	0	0
45	0.000606211	0.00163169
55	0.000303106	0
65	0.000303106	0
75	0.00181863	0
85	0.00181863	0
95	0.00333416	0
105	0.00697143	0.00163169
115	0.00575901	0.00163169
125	0.00454658	0
135	0.00666832	0
145	0.00606211	0
155	0.00666832	0.00163169
165	0.00818385	0
175	0.00879006	0
185	0.00969938	0.00163169
195	0.00939627	0.00163169
205	0.00848696	0
215	0.00879006	0.00163169
225	0.00909317	0
235	0.00969938	0
245	0.00788075	0
255	0.00818385	0
265	0.00666832	0.00163169
275	0.00879006	0.00163169
285	0.00636522	0
295	0.0054559	0
305	0.00818385	0
315	0.0054559	0
325	0.0051528	0.00326338
335	0.00788075	0
345	0.00454658	0
355	0.00575901	0
365	0.0054559	0
375	0.00484969	0
385	0.00303106	0
395	0.00333416	0
405	0.00181863	0
415	0.00242485	0
425	0.00212174	0.00163169
435	0.00242485	0
445	0.00272795	0
455	0.00363727	0
465	0.00272795	0
475	0.00272795	0.00163169
485	0.00242485	0
495	0.00151553	0.00163169
505	0.00242485	0.00163169
515	0.00212174	0
525	0	0
535	0.00212174	0
545	0.00181863	0
555	0.00121242	0
565	0.000303106	0
575	0.00151553	0
585	0.00151553	0
595	0.00121242	0
605	0	0
615	0.000606211	0
625	0.00151553	0
635	0.000303106	0
645	0.00121242	0.00163169
655	0.000303106	0
665	0	0
675	0.000303106	0
685	0	0
695	0.000909317	0.00163169
705	0.000303106	0
715	0.000606211	0
725	0.000606211	0
735	0	0
745	0	0
755	0.000303106	0
765	0.000303106	0
775	0	0.00163169
785	0	0
795	0.000606211	0
805	0.000303106	0
815	0	0
825	0	0
835	0.000606211	0
845	0	0
855	0	0
865	0.000303106	0
875	0.000909317	0
885	0	0
895	0	0
905	0	0
915	0	0
925	0	0.00163169
935	0	0
945	0.000303106	0
955	0.000303106	0
965	0	0
975	0.000303106	0
985	0	0
995	0.000303106	0
1005	0	0
1015	0	0
1025	0	0.00163169
1035	0	0.00163169
1045	0	0
1055	0	0
1065	0.000303106	0
1075	0	0
1085	0	0
1095	0.000303106	0
1105	0	0
1115	0	0
1125	0	0
1135	0.000303106	0
1145	0.000303106	0
1155	0	0
1165	0	0
1175	0	0
1185	0	0
1195	0	0
