FG time = 2711.11	BG time = 425.957
5	0	0
15	0	0
25	0	0
35	0.000368852	0
45	0	0
55	0.000368852	0
65	0.000368852	0
75	0.000368852	0
85	0	0
95	0.00147541	0
105	0.00110656	0
115	0.00110656	0
125	0.000368852	0
135	0.00110656	0.00234766
145	0.00368852	0
155	0.00221311	0
165	0.00331967	0
175	0.00295082	0
185	0.00221311	0
195	0.00368852	0
205	0.00516393	0
215	0.00258197	0
225	0.00221311	0
235	0.00516393	0
245	0.00295082	0
255	0.00258197	0
265	0.00590164	0
275	0.00516393	0
285	0.00442623	0
295	0.00331967	0
305	0.00442623	0
315	0.000737705	0
325	0.00331967	0
335	0.00221311	0
345	0.00184426	0
355	0.00221311	0
365	0.00258197	0
375	0.00184426	0
385	0.00331967	0
395	0.00147541	0
405	0.00221311	0
415	0.00110656	0
425	0.00221311	0
435	0.00147541	0
445	0.00184426	0.00234766
455	0.00147541	0
465	0.000737705	0
475	0.00184426	0
485	0.000368852	0
495	0.000368852	0
505	0.00184426	0
515	0.000368852	0
525	0.000737705	0
535	0.00110656	0
545	0.000368852	0
555	0.000737705	0
565	0.000368852	0
575	0.000737705	0
585	0.000737705	0
595	0.00110656	0
605	0.000368852	0
615	0.000368852	0
625	0.000737705	0
635	0.000737705	0
645	0.000368852	0
655	0.000737705	0
665	0.000368852	0
675	0	0
685	0.000368852	0
695	0	0
705	0	0
715	0	0
725	0.00110656	0
735	0	0
745	0	0
755	0	0
765	0	0
775	0.000368852	0
785	0	0
795	0.000368852	0
805	0	0
815	0	0
825	0.000368852	0
835	0	0
845	0	0.00234766
855	0	0
865	0	0
875	0	0
885	0	0
895	0.000368852	0
905	0	0
915	0	0
925	0	0.00234766
935	0	0
945	0	0
955	0	0
965	0	0
975	0	0
985	0	0
995	0	0
1005	0	0
1015	0	0
1025	0	0
1035	0	0
1045	0	0
1055	0	0
1065	0	0
1075	0	0
1085	0	0
1095	0	0
1105	0	0
1115	0	0
1125	0	0
1135	0	0
1145	0.000368852	0
1155	0	0
1165	0	0
1175	0	0
1185	0	0.00234766
1195	0	0
