FG time = 2504.71	BG time = 424.879
5	0	0
15	0	0
25	0	0
35	0.000399249	0
45	0.00359324	0.00235361
55	0.0219587	0.00235361
65	0.0882339	0.0164753
75	0.158102	0.011768
85	0.200423	0.00941444
95	0.215195	0.011768
105	0.230366	0
115	0.244739	0.00470722
125	0.256318	0.00706083
135	0.299436	0.00706083
145	0.29225	0.011768
155	0.314608	0.011768
165	0.319	0.00470722
175	0.316604	0.00470722
185	0.346148	0.00470722
195	0.317802	0.00235361
205	0.357327	0.00941444
215	0.320597	0.00235361
225	0.346548	0.00235361
235	0.371301	0.00470722
245	0.330977	0.00235361
255	0.344551	0
265	0.358126	0.00235361
275	0.344152	0
285	0.339361	0
295	0.336966	0.00235361
305	0.329779	0
315	0.345749	0
325	0.341757	0
335	0.331376	0.00941444
345	0.333772	0.00235361
355	0.324988	0.00470722
365	0.326985	0
375	0.316205	0.00235361
385	0.301033	0
395	0.298638	0
405	0.274683	0.00235361
415	0.266698	0.00706083
425	0.268694	0
435	0.258314	0
445	0.24953	0.00235361
455	0.230366	0
465	0.219187	0.00235361
475	0.21799	0
485	0.215993	0
495	0.203617	0
505	0.188445	0.00235361
515	0.19124	0.00235361
525	0.168483	0
535	0.164091	0
545	0.141334	0.00235361
555	0.135345	0.00235361
565	0.139338	0.00470722
575	0.130954	0.00470722
585	0.109394	0.00235361
595	0.108596	0.00235361
605	0.0930249	0
615	0.0834429	0.00235361
625	0.0774542	0.00235361
635	0.0778535	0.00470722
645	0.0702677	0.00235361
655	0.0479098	0.00235361
665	0.0507046	0
675	0.0451151	0
685	0.0303429	0
695	0.0231564	0.00706083
705	0.0275481	0
715	0.0283466	0.00235361
725	0.0163692	0
735	0.0155707	0
745	0.011179	0.00470722
755	0.0131752	0.00235361
765	0.00758572	0.00235361
775	0.00519023	0.00470722
785	0.00798497	0.00235361
795	0.00199624	0.00235361
805	0.00359324	0
815	0.00319399	0
825	0.00319399	0
835	0.00279474	0
845	0.00119775	0.00235361
855	0.00359324	0
865	0.00239549	0
875	0.00159699	0.00470722
885	0.00159699	0
895	0.00279474	0.00235361
905	0.000798497	0
915	0.00239549	0
925	0.00279474	0.00235361
935	0.000399249	0.00235361
945	0.00119775	0
955	0.00159699	0.00706083
965	0.00159699	0
975	0.00239549	0
985	0.000399249	0.00235361
995	0.00159699	0
1005	0.00239549	0
1015	0.00199624	0.00235361
1025	0.00239549	0.00470722
1035	0.00159699	0.00706083
1045	0.00119775	0.00470722
1055	0.00119775	0.00470722
1065	0.00239549	0.00235361
1075	0.00119775	0.00235361
1085	0.00119775	0.00235361
1095	0.00159699	0
1105	0.00159699	0.00235361
1115	0.00279474	0
1125	0.00199624	0.00235361
1135	0.00159699	0.00235361
1145	0.00199624	0.00470722
1155	0.000798497	0.00235361
1165	0.00159699	0
1175	0.00239549	0.00470722
1185	0.00159699	0
1195	0.00239549	0.00235361
