FG time = 1985.15	BG time = 304.966
5	0	0
15	0	0
25	0	0
35	0	0
45	0	0
55	0	0
65	0	0
75	0	0
85	0	0
95	0	0
105	0	0
115	0	0
125	0	0
135	0	0
145	0.00100748	0
155	0	0
165	0.00302244	0
175	0.0025187	0
185	0.00453366	0.00327905
195	0.00554115	0
205	0.00654863	0
215	0.00352618	0
225	0.00201496	0
235	0.00705237	0
245	0.00302244	0
255	0.00554115	0
265	0.00906733	0
275	0.0105786	0
285	0.0100748	0
295	0.00805985	0
305	0.00805985	0
315	0.00755611	0
325	0.0050374	0.00327905
335	0.0161197	0
345	0.00805985	0.0065581
355	0.0105786	0
365	0.0120898	0
375	0.0130973	0
385	0.00554115	0.00327905
395	0.0120898	0
405	0.00755611	0
415	0.00604489	0
425	0.00604489	0
435	0.0050374	0
445	0.0120898	0.00327905
455	0.00755611	0
465	0.0110823	0
475	0.00654863	0.00327905
485	0.00705237	0
495	0.00755611	0
505	0.00705237	0
515	0.00755611	0
525	0.0050374	0
535	0.00654863	0
545	0.00554115	0
555	0.0025187	0
565	0.00402992	0
575	0.00554115	0
585	0.00554115	0
595	0.00352618	0.00327905
605	0.00604489	0
615	0.0025187	0.00327905
625	0.00352618	0
635	0.00302244	0
645	0.00100748	0
655	0.00201496	0
665	0.00100748	0.00327905
675	0	0
685	0.00100748	0
695	0.00151122	0
705	0.00151122	0
715	0.00100748	0
725	0	0
735	0.00151122	0
745	0.00050374	0
755	0.00100748	0
765	0	0
775	0	0
785	0.00100748	0.00327905
795	0.00151122	0.00327905
805	0.00050374	0
815	0.00201496	0
825	0.00050374	0
835	0.00201496	0
845	0	0
855	0.00050374	0
865	0	0
875	0.00100748	0
885	0.00050374	0
895	0.00050374	0
905	0.00100748	0
915	0	0
925	0.00151122	0
935	0	0.00327905
945	0.00100748	0.00327905
955	0.00201496	0
965	0.00050374	0
975	0.00151122	0
985	0.00201496	0.0065581
995	0.00100748	0.00327905
1005	0.00050374	0.00327905
1015	0.00100748	0
1025	0	0
1035	0.00050374	0
1045	0.00100748	0.00327905
1055	0.00050374	0.00327905
1065	0.00050374	0
1075	0.00100748	0
1085	0.00201496	0
1095	0.00050374	0
1105	0	0
1115	0.00100748	0
1125	0.00100748	0.00327905
1135	0	0
1145	0	0
1155	0.00050374	0
1165	0.00151122	0.00327905
1175	0.00050374	0
1185	0.00151122	0
1195	0	0
