FG time = 3013.41	BG time = 612.054
5	0	0
15	0	0
25	0	0
35	0	0
45	0.00298665	0
55	0.013274	0.00163384
65	0.0292028	0.00653537
75	0.0630515	0.0114369
85	0.0740026	0.00163384
95	0.100551	0.00816921
105	0.122121	0.00490153
115	0.128426	0.00326768
125	0.151656	0.00163384
135	0.159952	0.00490153
145	0.167916	0.00163384
155	0.171898	0.00653537
165	0.18119	0
175	0.192473	0.00163384
185	0.197119	0.00326768
195	0.22068	0
205	0.209729	0.00163384
215	0.216698	0
225	0.221344	0.00653537
235	0.226322	0
245	0.218026	0.00163384
255	0.22068	0.00163384
265	0.22964	0
275	0.230636	0.00163384
285	0.232295	0.00163384
295	0.215703	0.00326768
305	0.212052	0.00163384
315	0.221344	0.00326768
325	0.224331	0
335	0.225658	0.00326768
345	0.227649	0.00163384
355	0.215371	0
365	0.212384	0.00163384
375	0.194464	0
385	0.197783	0.00163384
395	0.193469	0
405	0.198778	0.00163384
415	0.188159	0.00163384
425	0.188823	0
435	0.18119	0.00163384
445	0.188491	0.00163384
455	0.162275	0
465	0.156965	0
475	0.160616	0.00163384
485	0.146346	0.00326768
495	0.131081	0
505	0.127762	0.00490153
515	0.128758	0.00163384
525	0.117807	0
535	0.131081	0
545	0.115816	0.00163384
555	0.108847	0
565	0.0959047	0.00490153
575	0.0988914	0.00163384
585	0.0813033	0.00490153
595	0.0740026	0
605	0.0773211	0.00490153
615	0.0749982	0.00163384
625	0.0623878	0.00490153
635	0.0594012	0.00490153
645	0.0524323	0
655	0.0497775	0.00653537
665	0.0401539	0
675	0.0424768	0.00163384
685	0.0338487	0.00163384
695	0.0275436	0
705	0.0235614	0.00653537
715	0.022234	0.00653537
725	0.0182518	0.00163384
735	0.0152651	0
745	0.0165925	0
755	0.00895996	0
765	0.00929181	0.00163384
775	0.0046459	0
785	0.0053096	0
795	0.00232295	0.00163384
805	0.0026548	0.00163384
815	0.00365035	0.00490153
825	0.0026548	0
835	0.0013274	0
845	0.00165925	0.00163384
855	0.0026548	0
865	0.00298665	0
875	0.0019911	0.00326768
885	0.0033185	0.00490153
895	0.0026548	0
905	0.00232295	0.00326768
915	0.00232295	0.00326768
925	0.00298665	0
935	0.0013274	0.00163384
945	0.00165925	0.00326768
955	0.0013274	0.00490153
965	0.0019911	0.00326768
975	0.000995551	0.00163384
985	0.0019911	0.00490153
995	0.0013274	0
1005	0.00365035	0.00163384
1015	0.00165925	0.00326768
1025	0.00232295	0.00163384
1035	0.0006637	0.00326768
1045	0.0013274	0.00163384
1055	0.00232295	0.00490153
1065	0.0013274	0.00326768
1075	0.0013274	0.00490153
1085	0.00298665	0.00326768
1095	0.00232295	0.00163384
1105	0.0013274	0
1115	0.0019911	0.00163384
1125	0.000995551	0.00163384
1135	0.0026548	0
1145	0.000995551	0.00326768
1155	0.0006637	0.00326768
1165	0.0006637	0
1175	0.00165925	0
1185	0.0013274	0.00326768
1195	0.0013274	0.00326768
