FG time = 3019.25	BG time = 615.016
5	0	0
15	0	0
25	0	0
35	0	0
45	0.00298088	0.00325195
55	0.0132483	0.00487793
65	0.0321272	0.0065039
75	0.0510061	0.0065039
85	0.0798212	0.00325195
95	0.0897575	0.00975585
105	0.0890951	0.00975585
115	0.0894263	0.00975585
125	0.104993	0.00487793
135	0.102012	0.00325195
145	0.104331	0.00975585
155	0.119566	0.00487793
165	0.120229	0.00487793
175	0.105987	0.00812988
185	0.118904	0.00162598
195	0.108968	0.0065039
205	0.117248	0.00162598
215	0.121222	0.00325195
225	0.110624	0.00975585
235	0.129834	0.00325195
245	0.112942	0.00162598
255	0.115261	0.00162598
265	0.109961	0.00325195
275	0.112942	0.00487793
285	0.10963	0.00325195
295	0.127515	0
305	0.10135	0.00325195
315	0.10135	0
325	0.111617	0
335	0.102343	0.00162598
345	0.0987001	0.00162598
355	0.0973753	0.00325195
365	0.100356	0
375	0.0960504	0.00487793
385	0.0983689	0.00162598
395	0.104662	0.00162598
405	0.100687	0.00162598
415	0.0884326	0.0065039
425	0.0894263	0.00162598
435	0.10135	0
445	0.0771716	0
455	0.0801524	0.00162598
465	0.0765091	0
475	0.0791588	0.00325195
485	0.0771716	0.0065039
495	0.0649168	0.00162598
505	0.0665729	0.00325195
515	0.0563054	0
525	0.0569678	0.00325195
535	0.0516685	0
545	0.0563054	0.00325195
555	0.0553118	0.00162598
565	0.0447131	0.00162598
575	0.046038	0.00325195
585	0.046038	0.00162598
595	0.0284839	0
605	0.0384202	0
615	0.0351081	0.00325195
625	0.0304712	0
635	0.0264967	0.00162598
645	0.0251718	0
655	0.0231846	0.00162598
665	0.0215285	0.00325195
675	0.0208661	0
685	0.0202037	0
695	0.0129171	0.00325195
705	0.00927384	0
715	0.00927384	0.00162598
725	0.0105987	0.00162598
735	0.00662417	0
745	0.00496813	0.00162598
755	0.00563054	0
765	0.0039745	0.00487793
775	0.00430571	0
785	0.00430571	0
795	0.00264967	0.00325195
805	0.00264967	0
815	0.00331208	0
825	0.00132483	0.00162598
835	0.000331208	0.00325195
845	0.00231846	0
855	0.00165604	0
865	0.00264967	0
875	0.00231846	0
885	0.000662417	0.0065039
895	0.000993625	0.00162598
905	0.00165604	0.00162598
915	0.00198725	0
925	0.000662417	0.00162598
935	0.000662417	0
945	0.000993625	0.00325195
955	0.000993625	0.00162598
965	0.000993625	0.00325195
975	0.000662417	0.00487793
985	0	0.00162598
995	0.000662417	0
1005	0.000993625	0.00162598
1015	0.000662417	0.00325195
1025	0.000662417	0.00162598
1035	0.000662417	0
1045	0.00198725	0.00162598
1055	0.000993625	0
1065	0.000331208	0
1075	0.000331208	0.00162598
1085	0.000993625	0.00325195
1095	0.000993625	0.00162598
1105	0.00165604	0
1115	0.000662417	0.00162598
1125	0.00165604	0
1135	0.000993625	0.00487793
1145	0.000993625	0
1155	0.000662417	0
1165	0.00198725	0.00162598
1175	0.00165604	0.00325195
1185	0.000331208	0.00162598
1195	0.000662417	0.00162598
