FG time = 2412.61	BG time = 492.837
5	0	0
15	0	0
25	0	0
35	0	0
45	0.000414489	0
55	0.00414489	0.00202907
65	0.0526401	0.0060872
75	0.111083	0.00811627
85	0.158749	0.00405814
95	0.172013	0.0101453
105	0.196468	0.00811627
115	0.214291	0.00405814
125	0.232943	0.00405814
135	0.216778	0
145	0.241233	0.0060872
155	0.219265	0.00811627
165	0.220923	0.0060872
175	0.238746	0.00202907
185	0.246621	0.00811627
195	0.246621	0.00202907
205	0.245792	0
215	0.225897	0
225	0.244963	0.00405814
235	0.250351	0.00202907
245	0.247865	0.00405814
255	0.241647	0.00202907
265	0.249523	0.00202907
275	0.250766	0.00202907
285	0.254496	0
295	0.235015	0.00405814
305	0.225897	0.00202907
315	0.247865	0.00202907
325	0.224239	0
335	0.215949	0
345	0.211804	0.00405814
355	0.220508	0
365	0.232114	0
375	0.217192	0.00202907
385	0.19108	0
395	0.201027	0.00202907
405	0.203929	0.00202907
415	0.188178	0
425	0.181546	0
435	0.175329	0
445	0.172013	0
455	0.167039	0.00202907
465	0.15792	0
475	0.159578	0.00405814
485	0.154604	0.00202907
495	0.14217	0
505	0.134295	0.00202907
515	0.124347	0.00202907
525	0.107767	0
535	0.103208	0.00405814
545	0.115642	0.00202907
555	0.114399	0.00202907
565	0.0911876	0
575	0.094918	0
585	0.0808254	0.00405814
595	0.076266	0.00202907
605	0.0605154	0
615	0.0601009	0.00202907
625	0.0621734	0.00405814
635	0.0542981	0.00202907
645	0.0460083	0
655	0.038133	0.00405814
665	0.0426924	0
675	0.0323302	0.00202907
685	0.0261128	0.00405814
695	0.0215534	0.00202907
705	0.0215534	0
715	0.0165796	0
725	0.0161651	0.00202907
735	0.0120202	0
745	0.0107767	0
755	0.0103622	0.00405814
765	0.00497387	0
775	0.00414489	0
785	0.00414489	0.00405814
795	0.00414489	0
805	0.00248694	0.00202907
815	0.00290142	0.00405814
825	0.00248694	0
835	0.00207245	0.00202907
845	0.00165796	0.00202907
855	0.0037304	0
865	0.00248694	0
875	0.00124347	0
885	0.00124347	0.00202907
895	0.000414489	0.00202907
905	0.00248694	0
915	0.00165796	0.00202907
925	0.000828978	0.00202907
935	0.00165796	0.0060872
945	0.000828978	0.00202907
955	0	0
965	0.000414489	0
975	0.000828978	0
985	0.000414489	0
995	0.000828978	0
1005	0.00248694	0.00202907
1015	0	0
1025	0.000414489	0
1035	0.00165796	0.00405814
1045	0.000414489	0
1055	0.00124347	0
1065	0.000828978	0.00202907
1075	0.00165796	0
1085	0.00165796	0
1095	0.00165796	0
1105	0.00207245	0
1115	0.00207245	0
1125	0.00248694	0.00405814
1135	0.000414489	0
1145	0.000414489	0
1155	0.000828978	0.00202907
1165	0.000828978	0
1175	0.000414489	0.00202907
1185	0	0
1195	0.000828978	0.00202907
