FG time = 3009.92	BG time = 604.002
5	0	0
15	0	0
25	0	0
35	0	0
45	0.00132894	0.00331125
55	0.0152828	0.00165562
65	0.0598023	0.00827812
75	0.0913647	0.013245
85	0.117279	0.00662249
95	0.126249	0.0115894
105	0.146848	0.00165562
115	0.165785	0.0115894
125	0.168775	0.00993374
135	0.186716	0
145	0.187381	0.00662249
155	0.198344	0.00496687
165	0.208976	0.00165562
175	0.204325	0.00331125
185	0.214956	0.00165562
195	0.21695	0.00496687
205	0.222598	0
215	0.218278	0.00165562
225	0.229242	0.00331125
235	0.223926	0
245	0.227913	0.00827812
255	0.232565	0.00165562
265	0.22891	0.00165562
275	0.237548	0.00165562
285	0.237548	0
295	0.221601	0
305	0.214624	0.00165562
315	0.21994	0
325	0.211302	0
335	0.208976	0.00496687
345	0.213627	0.00331125
355	0.214292	0.00331125
365	0.208976	0.00331125
375	0.21263	0.00165562
385	0.213959	0.00165562
395	0.19768	0.00165562
405	0.202663	0
415	0.178078	0
425	0.187713	0
435	0.17841	0
445	0.164124	0.00165562
455	0.150835	0
465	0.155818	0.00165562
475	0.152164	0
485	0.143526	0
495	0.145851	0
505	0.136549	0.00165562
515	0.11894	0.00165562
525	0.122595	0.00165562
535	0.123924	0
545	0.104322	0.00165562
555	0.110967	0.00165562
565	0.0966804	0
575	0.100667	0
585	0.0830588	0.00165562
595	0.0840555	0.00331125
605	0.0764141	0
615	0.067776	0
625	0.0578089	0
635	0.05648	0
645	0.0485063	0
655	0.0465129	0
665	0.0481741	0
675	0.0445195	0.00165562
685	0.0365459	0.00165562
695	0.0305656	0
705	0.0232565	0.00165562
715	0.0255821	0
725	0.0219275	0
735	0.0182729	0.00331125
745	0.00963482	0.00165562
755	0.0122927	0
765	0.00830588	0.00165562
775	0.00730917	0
785	0.00631247	0.00331125
795	0.00265788	0
805	0.00332235	0
815	0.00332235	0
825	0.00265788	0.00331125
835	0.00166118	0.00331125
845	0.00132894	0.00165562
855	0.00132894	0.00165562
865	0.00132894	0.00331125
875	0.000996705	0
885	0.000332235	0.00165562
895	0.00232565	0
905	0.00166118	0.00165562
915	0.000332235	0
925	0.00166118	0
935	0.00066447	0.00331125
945	0.00166118	0
955	0.00166118	0
965	0.000996705	0.00662249
975	0.00132894	0.00165562
985	0.00199341	0.00165562
995	0.00132894	0
1005	0.00066447	0.00165562
1015	0.000996705	0
1025	0.00132894	0
1035	0.00132894	0
1045	0.000996705	0
1055	0.00132894	0.00165562
1065	0.00166118	0.00331125
1075	0	0.00331125
1085	0.00066447	0
1095	0.00132894	0
1105	0.00199341	0
1115	0.00132894	0
1125	0.00066447	0
1135	0	0.00165562
1145	0.00132894	0
1155	0.00066447	0
1165	0.00066447	0
1175	0.00066447	0.00331125
1185	0.000996705	0.00331125
1195	0.00066447	0
