FG time = 1636.3	BG time = 313.584
5	0	0
15	0	0
25	0	0
35	0	0
45	0	0
55	0	0
65	0	0
75	0	0
85	0	0
95	0	0
105	0	0
115	0	0
125	0.000611133	0
135	0.000611133	0
145	0.00122227	0
155	0.00122227	0.00318894
165	0.000611133	0
175	0.00122227	0
185	0.0018334	0
195	0.00244453	0
205	0.0018334	0
215	0.00488907	0
225	0.00427793	0
235	0.00305567	0
245	0.00244453	0
255	0.00305567	0
265	0.00305567	0
275	0.0018334	0
285	0.00794473	0
295	0.0036668	0.00318894
305	0.0055002	0.00637788
315	0.0055002	0
325	0.00488907	0.00318894
335	0.00305567	0.00318894
345	0.0073336	0.00318894
355	0.0055002	0
365	0.00611133	0
375	0	0
385	0.00488907	0
395	0.0036668	0
405	0.00611133	0.00318894
415	0.00427793	0
425	0.00611133	0
435	0.00488907	0
445	0.00488907	0
455	0.00427793	0.00318894
465	0.000611133	0
475	0.00611133	0
485	0.000611133	0
495	0.00305567	0
505	0.00305567	0
515	0.00305567	0
525	0.0036668	0
535	0.00244453	0.00318894
545	0.0055002	0.00318894
555	0.00244453	0
565	0.0018334	0
575	0.0018334	0.00318894
585	0.0018334	0
595	0.00305567	0.00637788
605	0.0018334	0.00318894
615	0.00122227	0
625	0.00122227	0.00637788
635	0.0036668	0
645	0.00122227	0
655	0.000611133	0
665	0.000611133	0
675	0.00305567	0
685	0.00244453	0
695	0.0018334	0
705	0.0018334	0
715	0.000611133	0
725	0	0
735	0.000611133	0.00318894
745	0	0
755	0.00122227	0
765	0.000611133	0
775	0.00122227	0
785	0.00122227	0
795	0.00122227	0
805	0.00244453	0
815	0.00122227	0
825	0	0
835	0	0
845	0.000611133	0
855	0.00122227	0
865	0.000611133	0
875	0	0
885	0.00122227	0
895	0	0
905	0.000611133	0
915	0.000611133	0
925	0.000611133	0
935	0.000611133	0
945	0.00122227	0
955	0.0018334	0
965	0	0
975	0.000611133	0
985	0	0
995	0	0
1005	0.000611133	0.00318894
1015	0	0
1025	0.00305567	0
1035	0	0
1045	0.000611133	0.00318894
1055	0.000611133	0
1065	0.000611133	0
1075	0	0
1085	0	0
1095	0.000611133	0.00318894
1105	0.000611133	0
1115	0	0
1125	0	0
1135	0.0018334	0
1145	0	0
1155	0.000611133	0
1165	0	0
1175	0.000611133	0
1185	0.000611133	0
1195	0	0
