FG time = 2419.49	BG time = 494.909
5	0	0
15	0	0
25	0	0
35	0	0
45	0	0
55	0	0
65	0	0
75	0	0
85	0	0
95	0	0
105	0	0
115	0	0
125	0	0
135	0	0
145	0.00082662	0
155	0.00123993	0
165	0.00330648	0.00202057
175	0.00165324	0
185	0.00247986	0.00202057
195	0.00289317	0
205	0.00371979	0.00202057
215	0.00247986	0
225	0.00578634	0
235	0.00454641	0
245	0.00289317	0.00404115
255	0.00537303	0
265	0.00661296	0
275	0.00495972	0
285	0.00867951	0.00404115
295	0.00495972	0
305	0.00330648	0.00202057
315	0.00454641	0.00202057
325	0.00619965	0
335	0.00661296	0.00202057
345	0.0041331	0
355	0.00454641	0.00202057
365	0.00702627	0
375	0.00289317	0
385	0.00247986	0
395	0.00289317	0.00202057
405	0.00495972	0.00202057
415	0.00537303	0.00202057
425	0.00330648	0.00202057
435	0.00537303	0
445	0.00289317	0
455	0.00537303	0
465	0.00454641	0.00202057
475	0.0041331	0
485	0.00247986	0.00202057
495	0.00330648	0
505	0.00371979	0.00202057
515	0.00123993	0
525	0.00206655	0.00404115
535	0.00289317	0
545	0.00123993	0
555	0.00206655	0.00404115
565	0.00247986	0.00202057
575	0.00330648	0
585	0.00206655	0.00202057
595	0.00165324	0
605	0.00082662	0
615	0.00289317	0
625	0.00206655	0
635	0.00206655	0
645	0.00247986	0.00202057
655	0.00165324	0
665	0.00289317	0
675	0.00330648	0.00202057
685	0.00041331	0
695	0.00123993	0
705	0.00206655	0
715	0.00123993	0.00202057
725	0.00082662	0
735	0.00165324	0
745	0.00082662	0
755	0.00041331	0
765	0.00041331	0.00202057
775	0	0
785	0.00165324	0.00202057
795	0.00082662	0
805	0.00082662	0.00404115
815	0.00082662	0
825	0.00082662	0
835	0.00165324	0
845	0.00041331	0
855	0.00123993	0
865	0.00041331	0
875	0.00123993	0
885	0.00165324	0
895	0.00165324	0
905	0.00082662	0.00404115
915	0.00206655	0.00202057
925	0	0
935	0.00041331	0
945	0.00247986	0
955	0.00041331	0
965	0.00041331	0
975	0.00041331	0
985	0.00165324	0.00202057
995	0.00082662	0
1005	0.00123993	0.00202057
1015	0.00082662	0.00202057
1025	0.00041331	0.00202057
1035	0.00041331	0
1045	0.00165324	0.00202057
1055	0.00123993	0
1065	0.00082662	0
1075	0.00123993	0.00202057
1085	0.00289317	0.00202057
1095	0.00041331	0
1105	0.00165324	0.00202057
1115	0.00082662	0
1125	0.00082662	0
1135	0.00082662	0.00202057
1145	0.00082662	0
1155	0.00041331	0.00202057
1165	0.00041331	0
1175	0	0
1185	0.00206655	0
1195	0.00165324	0
