FG time = 3417.97	BG time = 1070.66
5	0	0
15	0	0
25	0.000585142	0
35	0.00234057	0.001868
45	0.0114103	0.00653801
55	0.0315977	0.00934002
65	0.0637805	0.011208
75	0.0860159	0.012142
85	0.10123	0.00280201
95	0.103278	0.00467001
105	0.110299	0.00747201
115	0.117321	0.00840602
125	0.119662	0.00280201
135	0.128731	0.00653801
145	0.126391	0.00560401
155	0.132827	0.00560401
165	0.13195	0.00280201
175	0.139556	0.001868
185	0.140727	0.00373601
195	0.131364	0.001868
205	0.132827	0.00280201
215	0.138971	0
225	0.146578	0.00560401
235	0.144823	0.00373601
245	0.146578	0.001868
255	0.140142	0
265	0.146871	0.000934002
275	0.141897	0.001868
285	0.133705	0.000934002
295	0.138971	0.000934002
305	0.126683	0.001868
315	0.129902	0.001868
325	0.135168	0.001868
335	0.128731	0.00373601
345	0.127854	0.000934002
355	0.124343	0.001868
365	0.120832	0.000934002
375	0.120247	0.000934002
385	0.126976	0
395	0.11147	0
405	0.112347	0.000934002
415	0.1024	0
425	0.107959	0.000934002
435	0.103278	0.001868
445	0.0895267	0.000934002
455	0.092745	0.000934002
465	0.0924525	0
475	0.0827976	0
485	0.0801645	0.001868
495	0.084553	0.001868
505	0.086601	0
515	0.0725576	0.000934002
525	0.0614399	0
535	0.0643656	0.000934002
545	0.0570514	0
555	0.0596845	0.001868
565	0.0468114	0
575	0.0523702	0.000934002
585	0.0473965	0.000934002
595	0.0415451	0.001868
605	0.036864	0
615	0.0330605	0.000934002
625	0.0342308	0
635	0.0248685	0.000934002
645	0.0272091	0.000934002
655	0.0231131	0
665	0.018432	0.000934002
675	0.0178468	0.001868
685	0.0160914	0.001868
695	0.016384	0.000934002
705	0.0119954	0
715	0.0090697	0
725	0.012288	0.00280201
735	0.00438857	0
745	0.00468114	0.000934002
755	0.00819199	0
765	0.00263314	0
775	0.00175543	0.000934002
785	0.00263314	0.001868
795	0.002048	0
805	0.00175543	0
815	0.00117028	0
825	0.00321828	0
835	0.00234057	0.000934002
845	0.002048	0.000934002
855	0.00175543	0.000934002
865	0.00146286	0
875	0.000585142	0.001868
885	0.00117028	0.000934002
895	0.000877713	0.001868
905	0.000877713	0.000934002
915	0.00146286	0.000934002
925	0.00117028	0.001868
935	0.00117028	0.000934002
945	0.00146286	0.000934002
955	0.000585142	0
965	0.00117028	0.001868
975	0.00146286	0.001868
985	0.000877713	0.000934002
995	0.000877713	0
1005	0.000292571	0.001868
1015	0.00175543	0.000934002
1025	0.00117028	0
1035	0.000877713	0
1045	0.000585142	0.000934002
1055	0.000585142	0.000934002
1065	0.000292571	0.001868
1075	0.00234057	0
1085	0.00146286	0.001868
1095	0.000877713	0
1105	0.000585142	0
1115	0.00263314	0
1125	0.000292571	0.000934002
1135	0.000585142	0
1145	0.00117028	0
1155	0.000877713	0
1165	0.00175543	0
1175	0.000292571	0.001868
1185	0.000585142	0.000934002
1195	0.000877713	0.000934002
