FG time = 2703.15	BG time = 424.726
5	0	0
15	0	0
25	0	0
35	0.000739878	0
45	0.00295951	0
55	0.0192368	0.00470891
65	0.0336644	0.00235446
75	0.0595602	0.00470891
85	0.0684387	0.00706337
95	0.0921148	0.00235446
105	0.112092	0.00706337
115	0.12171	0.00235446
125	0.136138	0.00941783
135	0.165733	0.00706337
145	0.193108	0.00235446
155	0.174981	0.00706337
165	0.186079	0.00470891
175	0.192368	0
185	0.208276	0.00235446
195	0.215304	0
205	0.228622	0.00470891
215	0.227143	0.00235446
225	0.231952	0.00235446
235	0.24268	0.00235446
245	0.24194	0.00235446
255	0.238981	0
265	0.235281	0.00235446
275	0.256738	0.00235446
285	0.24342	0
295	0.234911	0
305	0.24046	0.00235446
315	0.245639	0.00235446
325	0.234171	0
335	0.2449	0.00470891
345	0.24305	0.00235446
355	0.223073	0.00235446
365	0.24009	0.00235446
375	0.226033	0
385	0.213825	0.00470891
395	0.217894	0
405	0.216044	0
415	0.209385	0.00235446
425	0.189409	0
435	0.186449	0.00235446
445	0.206426	0
455	0.168322	0
465	0.157594	0
475	0.169802	0.00470891
485	0.176461	0.00235446
495	0.146866	0
505	0.153155	0
515	0.130588	0.00235446
525	0.145386	0.00470891
535	0.115421	0
545	0.1206	0.00235446
555	0.113571	0.00470891
565	0.101363	0
575	0.0924847	0
585	0.0950743	0
595	0.0954443	0.00235446
605	0.0754675	0
615	0.066589	0.00235446
625	0.0584504	0
635	0.0506816	0.00235446
645	0.0492019	0
655	0.0462424	0.00235446
665	0.0395835	0.00235446
675	0.0369939	0.00235446
685	0.030335	0.00235446
695	0.024046	0.00235446
705	0.0266356	0
715	0.024046	0
725	0.0170172	0
735	0.011838	0.00470891
745	0.00924847	0
755	0.00813866	0.00941783
765	0.00739878	0.00235446
775	0.00406933	0
785	0.00554908	0
795	0.00369939	0
805	0.00406933	0
815	0.00295951	0.00470891
825	0.00147976	0.00235446
835	0.00147976	0.00235446
845	0.00184969	0
855	0.00110982	0.00235446
865	0.000369939	0
875	0.000369939	0
885	0.00147976	0
895	0.00110982	0.00706337
905	0.00110982	0.00470891
915	0.000369939	0
925	0.00184969	0
935	0.00147976	0.00470891
945	0.00184969	0
955	0.00147976	0.00470891
965	0.000369939	0
975	0.000369939	0.00235446
985	0.00110982	0
995	0.00184969	0
1005	0.00110982	0
1015	0.000739878	0.00470891
1025	0.00110982	0.00235446
1035	0.00147976	0.00235446
1045	0	0
1055	0.00147976	0
1065	0.000369939	0.00235446
1075	0.000369939	0
1085	0.00110982	0.00235446
1095	0.00147976	0
1105	0.00258957	0
1115	0.00221963	0.00235446
1125	0.000369939	0
1135	0.00184969	0.00235446
1145	0.00258957	0.00235446
1155	0.00258957	0.00470891
1165	0.000739878	0.00235446
1175	0.00110982	0.00235446
1185	0.00184969	0
1195	0.00147976	0
