FG time = 3212.44	BG time = 613.956
5	0	0
15	0	0
25	0	0
35	0	0
45	0.00249032	0
55	0.0174322	0.00162878
65	0.0585224	0.0179166
75	0.0843594	0.0130302
85	0.128874	0.0081439
95	0.130119	0.00651512
105	0.160314	0.0130302
115	0.168096	0.00651512
125	0.177124	0.00651512
135	0.186774	0.0081439
145	0.185217	0.00651512
155	0.208253	0.00325756
165	0.214167	0.0081439
175	0.199848	0.00325756
185	0.219459	0.00162878
195	0.210432	0.00651512
205	0.207941	0.00162878
215	0.209809	0
225	0.220704	0.00325756
235	0.211054	0.00325756
245	0.236269	0.00325756
255	0.21479	0.00488634
265	0.222883	0.00325756
275	0.208253	0.00325756
285	0.222261	0
295	0.197669	0.00488634
305	0.212611	0
315	0.203272	0.00325756
325	0.208564	0.00162878
335	0.20514	0.00162878
345	0.203583	0.00325756
355	0.197357	0.00162878
365	0.188641	0.00325756
375	0.186151	0
385	0.18117	0
395	0.176501	0
405	0.186774	0
415	0.17152	0
425	0.173077	0
435	0.155956	0.00162878
445	0.143504	0.00162878
455	0.1544	0
465	0.148485	0.00325756
475	0.133543	0.00325756
485	0.134166	0
495	0.129185	0.00325756
505	0.127629	0.00162878
515	0.117045	0.00162878
525	0.108329	0
535	0.104282	0.00325756
545	0.10148	0.00162878
555	0.0921417	0
565	0.094632	0.00162878
575	0.0874723	0.00325756
585	0.0856046	0
595	0.0666159	0.00162878
605	0.0625692	0.00162878
615	0.063503	0.00325756
625	0.0557208	0.00162878
635	0.0482499	0.00162878
645	0.0432692	0.00162878
655	0.0382886	0.00488634
665	0.0407789	0.00325756
675	0.0336193	0
685	0.0286386	0.00488634
695	0.0252144	0.00162878
705	0.0217903	0.00325756
715	0.0186774	0
725	0.016187	0
735	0.014008	0.00162878
745	0.0127629	0
755	0.00715966	0
765	0.0102725	0
775	0.00840481	0
785	0.00498063	0.00325756
795	0.00466934	0.00162878
805	0.00466934	0.00162878
815	0.0028016	0.00162878
825	0.00342418	0.00162878
835	0.0028016	0.00162878
845	0.00124516	0.00162878
855	0.00186774	0.00162878
865	0.0028016	0
875	0.000933868	0
885	0.000622579	0.00162878
895	0.000622579	0.00162878
905	0.000622579	0.00325756
915	0.000622579	0.00162878
925	0.00186774	0.00488634
935	0.000622579	0.00325756
945	0.00155645	0.00162878
955	0.0028016	0
965	0.00124516	0.00162878
975	0.000311289	0.00162878
985	0.000622579	0.00162878
995	0.00186774	0
1005	0.00249032	0.00162878
1015	0.000933868	0.00162878
1025	0.00124516	0.00325756
1035	0.000622579	0
1045	0.00155645	0.00162878
1055	0.000933868	0.00162878
1065	0.00124516	0
1075	0.000622579	0.00162878
1085	0.00124516	0.00162878
1095	0.000933868	0
1105	0.000933868	0.00325756
1115	0.00124516	0.00325756
1125	0.000933868	0
1135	0.00217903	0.00325756
1145	0.00155645	0
1155	0.00217903	0.00162878
1165	0.00124516	0
1175	0.000622579	0
1185	0.00124516	0.00162878
1195	0.000311289	0
