FG time = 1636.88	BG time = 313.825
5	0	0
15	0	0
25	0	0
35	0	0
45	0	0
55	0	0
65	0	0
75	0	0
85	0	0
95	0	0
105	0	0
115	0	0
125	0	0
135	0	0
145	0.00122183	0
155	0.000610917	0
165	0.000610917	0
175	0.00244367	0
185	0.0036655	0
195	0.00305458	0.00318649
205	0.0036655	0
215	0.00122183	0
225	0.0036655	0.00318649
235	0.0036655	0
245	0.00305458	0
255	0.00244367	0
265	0.0036655	0
275	0.007331	0
285	0.00427642	0
295	0.00549825	0
305	0.00549825	0
315	0.00488733	0
325	0.00549825	0
335	0.007331	0.00318649
345	0.00244367	0
355	0.00488733	0.00318649
365	0.00427642	0
375	0.00794192	0
385	0.0036655	0
395	0.00244367	0
405	0.00427642	0.00318649
415	0.00183275	0.00318649
425	0.00549825	0
435	0.00244367	0
445	0.000610917	0
455	0.00427642	0
465	0.00427642	0.00318649
475	0.00183275	0
485	0.00305458	0
495	0.00305458	0
505	0.0036655	0
515	0.00549825	0.00318649
525	0.00549825	0
535	0.00244367	0
545	0.00244367	0
555	0.00122183	0.00318649
565	0.00305458	0
575	0.00183275	0
585	0.00244367	0
595	0.0036655	0
605	0.00122183	0.00318649
615	0.00244367	0
625	0.000610917	0
635	0.00244367	0
645	0.00305458	0
655	0.000610917	0.00318649
665	0.00183275	0
675	0	0
685	0.00122183	0.00318649
695	0.00183275	0.00318649
705	0.00183275	0
715	0.000610917	0.00318649
725	0.00244367	0.00318649
735	0.00122183	0
745	0.00122183	0
755	0.000610917	0
765	0.000610917	0
775	0.000610917	0
785	0	0
795	0.000610917	0
805	0.00122183	0
815	0.00122183	0
825	0	0
835	0.000610917	0
845	0	0
855	0.00122183	0
865	0.00183275	0
875	0.00122183	0
885	0.00183275	0
895	0	0
905	0	0
915	0.00122183	0
925	0.000610917	0
935	0	0
945	0.00183275	0
955	0.000610917	0
965	0.000610917	0
975	0.000610917	0.00318649
985	0.000610917	0
995	0.00183275	0
1005	0	0
1015	0.00122183	0
1025	0.00183275	0
1035	0.000610917	0
1045	0.00183275	0
1055	0	0
1065	0.000610917	0
1075	0.000610917	0
1085	0.000610917	0
1095	0	0
1105	0.000610917	0.00318649
1115	0	0
1125	0.000610917	0
1135	0	0
1145	0.000610917	0.00318649
1155	0.000610917	0
1165	0.00122183	0
1175	0.000610917	0
1185	0.000610917	0.00318649
1195	0.000610917	0
