FG time = 3210.84	BG time = 613.325
5	0	0
15	0	0
25	0	0
35	0	0
45	0	0
55	0.000311445	0
65	0.000311445	0
75	0.000311445	0
85	0	0
95	0.000311445	0
105	0.000622891	0
115	0.00218012	0
125	0.00186867	0.00163046
135	0.00218012	0
145	0.00311445	0.00163046
155	0.00404879	0
165	0.0034259	0
175	0.00436024	0
185	0.00249156	0
195	0.0034259	0.00163046
205	0.00249156	0
215	0.00404879	0
225	0.00373734	0
235	0.00373734	0
245	0.00436024	0
255	0.00560602	0
265	0.00436024	0
275	0.00311445	0
285	0.00404879	0.00163046
295	0.00218012	0
305	0.00249156	0.00163046
315	0.00404879	0
325	0.00249156	0
335	0.00280301	0
345	0.00218012	0
355	0.00280301	0
365	0.00280301	0
375	0.00186867	0
385	0.00218012	0
395	0.00218012	0
405	0.00186867	0.00163046
415	0.00218012	0.00163046
425	0.00218012	0
435	0.00155723	0
445	0.00249156	0
455	0.000311445	0.00163046
465	0.00186867	0
475	0.00155723	0
485	0.000934336	0
495	0.00186867	0
505	0	0
515	0.000622891	0
525	0.000622891	0
535	0.00124578	0
545	0.000311445	0
555	0.000622891	0
565	0.00124578	0
575	0.000934336	0
585	0.000622891	0
595	0.00124578	0
605	0	0
615	0	0
625	0.000311445	0
635	0.000622891	0
645	0	0
655	0.000622891	0
665	0	0
675	0.000311445	0
685	0	0
695	0.000622891	0
705	0	0
715	0	0
725	0	0
735	0	0
745	0	0
755	0.000622891	0
765	0.000311445	0
775	0	0
785	0	0
795	0	0
805	0	0
815	0	0.00163046
825	0.000311445	0
835	0	0
845	0	0
855	0	0
865	0.000311445	0
875	0	0
885	0	0
895	0	0
905	0	0
915	0	0
925	0	0
935	0	0
945	0	0
955	0.000311445	0
965	0	0
975	0	0
985	0	0
995	0.000311445	0
1005	0	0
1015	0	0
1025	0	0
1035	0	0
1045	0	0
1055	0	0.00163046
1065	0.000311445	0
1075	0	0
1085	0	0
1095	0	0
1105	0	0
1115	0.000311445	0
1125	0	0
1135	0	0
1145	0	0
1155	0	0
1165	0	0
1175	0	0
1185	0	0
1195	0	0
