FG time = 3347.41	BG time = 614.22
5	0	0
15	0	0
25	0	0
35	0	0
45	0.0038836	0.00162808
55	0.013742	0.00162808
65	0.0295751	0.00651232
75	0.045707	0.00162808
85	0.0648262	0.00976848
95	0.0782694	0.00325616
105	0.0979862	0
115	0.0929076	0.00651232
125	0.0947001	0.00325616
135	0.106948	0.00488424
145	0.125769	0.00325616
155	0.12786	0.00162808
165	0.125171	0.00162808
175	0.124275	0.00325616
185	0.130847	0.00162808
195	0.143394	0
205	0.143992	0
215	0.13503	0
225	0.135328	0.00162808
235	0.148473	0.00325616
245	0.145486	0.00162808
255	0.144888	0
265	0.148473	0.00651232
275	0.138017	0
285	0.146382	0.00162808
295	0.141602	0
305	0.150863	0.00162808
315	0.152954	0.00162808
325	0.129055	0
335	0.141303	0.00162808
345	0.145187	0.00162808
355	0.139212	0
365	0.13264	0
375	0.134432	0
385	0.126366	0
395	0.125769	0.00162808
405	0.117105	0.00162808
415	0.11591	0
425	0.111429	0
435	0.117703	0
445	0.110234	0
455	0.110832	0.00325616
465	0.106351	0
475	0.0991811	0
485	0.0941026	0
495	0.0976874	0
505	0.0923101	0
515	0.0863354	0
525	0.0836467	0
535	0.084543	0
545	0.0734896	0.00162808
555	0.0761783	0
565	0.0636313	0.00162808
575	0.0585527	0
585	0.0564615	0
595	0.0522792	0
605	0.0534742	0
615	0.0486944	0.00162808
625	0.0474994	0
635	0.0397322	0.00162808
645	0.0394335	0
655	0.0343549	0.00162808
665	0.0292764	0
675	0.0277827	0
685	0.0230029	0
695	0.0206129	0.00162808
705	0.0188205	0
715	0.012547	0
725	0.0119495	0.00651232
735	0.0107546	0
745	0.00896215	0
755	0.0116508	0.00325616
765	0.00477981	0
775	0.00268865	0.00325616
785	0.00358486	0.00162808
795	0.00328612	0
805	0.00268865	0
815	0.00179243	0
825	0.000896215	0
835	0.00179243	0
845	0.00149369	0.00162808
855	0.00149369	0
865	0.000597477	0.00162808
875	0.00119495	0
885	0.000896215	0
895	0.00179243	0
905	0.00209117	0
915	0.00119495	0.00162808
925	0.000896215	0
935	0.00149369	0
945	0.00179243	0
955	0.00119495	0
965	0.00179243	0.00162808
975	0.00149369	0
985	0.000896215	0
995	0.000896215	0
1005	0.00179243	0.00162808
1015	0.00149369	0
1025	0.000896215	0.00162808
1035	0.00179243	0
1045	0.00149369	0.00162808
1055	0.000896215	0
1065	0.00209117	0
1075	0.000896215	0
1085	0.000896215	0.00162808
1095	0.000896215	0
1105	0.00149369	0
1115	0.000896215	0.00162808
1125	0.000597477	0
1135	0.000298738	0
1145	0.000298738	0.00162808
1155	0.00119495	0.00162808
1165	0.000896215	0.00162808
1175	0.000298738	0.00162808
1185	0.000896215	0
1195	0.000298738	0
