FG time = 1515.68	BG time = 614.045
5	0	0
15	0	0
25	0	0
35	0	0
45	0	0
55	0.00329885	0.00162855
65	0.00461839	0.00162855
75	0.0191333	0.00325709
85	0.0442046	0.00325709
95	0.0541011	0.0113998
105	0.0725747	0.00488564
115	0.0653172	0.0113998
125	0.0804919	0.00162855
135	0.0791724	0.00488564
145	0.0936873	0.00651418
155	0.0963264	0.00488564
165	0.0996252	0.00325709
175	0.108862	0.00488564
185	0.105563	0.00325709
195	0.110841	0.00488564
205	0.0969861	0.00325709
215	0.100285	0.00488564
225	0.108202	0.00651418
235	0.110182	0.00162855
245	0.1148	0.00162855
255	0.106223	0.00488564
265	0.116119	0.00651418
275	0.109522	0.00325709
285	0.0923678	0.00488564
295	0.103584	0.00162855
305	0.112161	0.00325709
315	0.11546	0
325	0.091708	0.00325709
335	0.101605	0
345	0.0963264	0
355	0.0903884	0.00162855
365	0.0870896	0.00325709
375	0.0818114	0.00325709
385	0.103584	0
395	0.0996252	0.00651418
405	0.0857701	0
415	0.0936873	0.00488564
425	0.0824712	0.00162855
435	0.0798321	0
445	0.0719149	0.00162855
455	0.0719149	0.00325709
465	0.0752137	0.00814273
475	0.0804919	0.00325709
485	0.0613586	0
495	0.0752137	0.00325709
505	0.0580597	0.00325709
515	0.0461839	0.00162855
525	0.060039	0.00488564
535	0.048823	0.00651418
545	0.0455241	0.00162855
555	0.042885	0.00325709
565	0.0501425	0.00325709
575	0.0369471	0.00162855
585	0.0395862	0.00162855
595	0.0349678	0.00162855
605	0.0336483	0.00162855
615	0.0277103	0
625	0.0310092	0.00325709
635	0.0270506	0
645	0.0244115	0.00488564
655	0.0230919	0.00488564
665	0.0164942	0
675	0.0217724	0.00162855
685	0.0145149	0.00488564
695	0.0178138	0
705	0.0151747	0.00162855
715	0.0112161	0.00162855
725	0.0118759	0
735	0.0105563	0.00162855
745	0.0065977	0.00651418
755	0.0118759	0.00325709
765	0.00725747	0.00162855
775	0.00461839	0.00325709
785	0.00197931	0
795	0.00593793	0
805	0.00527816	0
815	0.00263908	0.00162855
825	0.00131954	0.00488564
835	0.00329885	0
845	0.00131954	0.00162855
855	0.00197931	0.00488564
865	0.00263908	0
875	0.00263908	0
885	0.00197931	0.00162855
895	0.00131954	0.00162855
905	0.00329885	0.00651418
915	0.00263908	0.00488564
925	0.00263908	0
935	0.00197931	0.00162855
945	0.00329885	0.00488564
955	0.00263908	0
965	0	0.00162855
975	0.00461839	0
985	0.00065977	0
995	0.00329885	0.00651418
1005	0.00197931	0.00325709
1015	0.00329885	0.00325709
1025	0.00197931	0.00162855
1035	0.00131954	0.00651418
1045	0.00197931	0
1055	0.00131954	0.00325709
1065	0.00329885	0.00162855
1075	0.00131954	0.00162855
1085	0.00131954	0.00162855
1095	0.00131954	0.00325709
1105	0.00065977	0.00162855
1115	0.00131954	0.00162855
1125	0.00461839	0
1135	0.00395862	0.00162855
1145	0.00263908	0.00162855
1155	0.00065977	0.00325709
1165	0.00263908	0
1175	0.00131954	0.00488564
1185	0.00131954	0.00325709
1195	0.00197931	0
