FG time = 3611.84	BG time = 486.146
5	0	0
15	0	0
25	0	0
35	0.00221494	0
45	0.0174426	0.002057
55	0.0343316	0.00822798
65	0.0454063	0.00617099
75	0.0562041	0.00411399
85	0.0744773	0.014399
95	0.0905356	0.00822798
105	0.104656	0.00411399
115	0.102164	0.00617099
125	0.100226	0.002057
135	0.121822	0
145	0.129574	0.00617099
155	0.136496	0.002057
165	0.140095	0.002057
175	0.143694	0.00822798
185	0.141479	0.002057
195	0.140649	0
205	0.149508	0.002057
215	0.145355	0.002057
225	0.166397	0.002057
235	0.156984	0
245	0.164182	0.00411399
255	0.166674	0
265	0.148124	0
275	0.147293	0.002057
285	0.158922	0
295	0.156153	0
305	0.166951	0
315	0.152554	0
325	0.161967	0
335	0.147847	0.002057
345	0.154492	0
355	0.162521	0
365	0.148401	0.002057
375	0.145632	0
385	0.135665	0
395	0.137326	0
405	0.13345	0
415	0.135388	0
425	0.11933	0
435	0.119053	0
445	0.12819	0
455	0.106317	0
465	0.111301	0
475	0.125144	0.002057
485	0.103548	0
495	0.0996723	0.00411399
505	0.0930274	0.00411399
515	0.0861058	0
525	0.0797378	0
535	0.0830602	0
545	0.0728161	0
555	0.0733699	0.002057
565	0.0706012	0
575	0.0611877	0.00411399
585	0.0614646	0
595	0.0586959	0
605	0.0431913	0.00411399
615	0.0503899	0.002057
625	0.0434682	0
635	0.0373771	0.00411399
645	0.0365465	0
655	0.0282405	0
665	0.0296248	0.002057
675	0.0210419	0.002057
685	0.0204882	0
695	0.0141202	0
705	0.0141202	0
715	0.0152277	0
725	0.00885976	0
735	0.00581422	0
745	0.00581422	0
755	0.00636795	0.002057
765	0.00636795	0
775	0.00332241	0.002057
785	0.00304554	0.00411399
795	0.00249181	0
805	0.00138434	0
815	0.00249181	0.002057
825	0.0016612	0.002057
835	0.00221494	0.002057
845	0.00110747	0.002057
855	0.000276867	0
865	0.000553735	0.00411399
875	0.000553735	0
885	0.000276867	0.00411399
895	0.000553735	0
905	0.000830602	0
915	0.00138434	0.002057
925	0.000830602	0
935	0.000553735	0
945	0.00138434	0
955	0.00110747	0.002057
965	0	0
975	0.000276867	0
985	0.000276867	0
995	0	0
1005	0.000553735	0
1015	0.000276867	0.00411399
1025	0.000276867	0
1035	0.000830602	0.002057
1045	0.000830602	0
1055	0.00138434	0.002057
1065	0.000276867	0
1075	0.000553735	0
1085	0.000276867	0
1095	0.000830602	0.002057
1105	0.00110747	0.002057
1115	0.000830602	0
1125	0.000830602	0.002057
1135	0.000553735	0
1145	0	0.002057
1155	0.000830602	0
1165	0.000553735	0
1175	0.000276867	0
1185	0.00110747	0
1195	0.000830602	0
