FG time = 3319.05	BG time = 494.793
5	0	0
15	0	0
25	0	0
35	0.000301291	0
45	0.000602582	0.00202105
55	0.00692969	0.00404209
65	0.0256097	0.00404209
75	0.0385652	0.0101052
85	0.0581492	0.0121263
95	0.0698995	0.0141473
105	0.0822524	0.00404209
115	0.0894834	0.00404209
125	0.108163	0
135	0.112382	0.00404209
145	0.116901	0.00202105
155	0.117805	0.00404209
165	0.123831	0.00404209
175	0.12142	0.00202105
185	0.132267	0
195	0.132869	0.00606314
205	0.143716	0.00202105
215	0.13076	0.00606314
225	0.139799	0.00606314
235	0.145524	0
245	0.131363	0.00404209
255	0.146126	0
265	0.148235	0.00606314
275	0.144921	0
285	0.136184	0.00404209
295	0.150947	0
305	0.1401	0
315	0.144017	0
325	0.144017	0.00404209
335	0.132267	0.00202105
345	0.13076	0.00202105
355	0.143113	0.00202105
365	0.127747	0.00606314
375	0.128049	0.00202105
385	0.126241	0.00202105
395	0.116901	0.00808419
405	0.1166	0.00404209
415	0.127446	0
425	0.113285	0.00202105
435	0.107862	0.00202105
445	0.112382	0.00404209
455	0.109067	0.00202105
465	0.0949067	0.00202105
475	0.099426	0.00202105
485	0.0970157	0
495	0.101234	0.00202105
505	0.0894834	0.00202105
515	0.0795408	0.00202105
525	0.0780344	0.00202105
535	0.0677905	0.00202105
545	0.071406	0.00404209
555	0.0638737	0.00202105
565	0.0578479	0
575	0.0623672	0
585	0.0566427	0
595	0.0439885	0.00202105
605	0.0436872	0.00202105
615	0.0373601	0
625	0.0355523	0.00404209
635	0.0319368	0
645	0.0319368	0.00404209
655	0.0277188	0
665	0.0256097	0.00202105
675	0.0283214	0
685	0.0207891	0
695	0.021693	0.00404209
705	0.0177762	0.00202105
715	0.0129555	0
725	0.0135581	0.00202105
735	0.0102439	0
745	0.00632711	0.00808419
755	0.00753228	0
765	0.00783357	0
775	0.00572453	0.00202105
785	0.00180775	0
795	0.00361549	0
805	0.00301291	0.00606314
815	0.0033142	0.00202105
825	0.00391678	0.00202105
835	0.00271162	0
845	0.00391678	0.00202105
855	0.00241033	0.00606314
865	0.00120516	0.00404209
875	0.00120516	0
885	0.0033142	0.00404209
895	0.000903873	0.00202105
905	0.00150646	0.00202105
915	0.000301291	0
925	0.00180775	0.00202105
935	0.00180775	0
945	0.00120516	0
955	0.00120516	0.00404209
965	0.0033142	0
975	0.00210904	0.00404209
985	0.00210904	0
995	0.00150646	0.00404209
1005	0.00301291	0.00404209
1015	0.00210904	0.00404209
1025	0.00241033	0.00404209
1035	0.00180775	0
1045	0.00180775	0.00202105
1055	0.00180775	0.00202105
1065	0.00391678	0.00202105
1075	0.00301291	0.00202105
1085	0.00150646	0.00404209
1095	0.000602582	0.00404209
1105	0.00180775	0.00606314
1115	0.00210904	0
1125	0.00210904	0
1135	0.000903873	0.00202105
1145	0.00180775	0
1155	0.00180775	0
1165	0.000903873	0
1175	0.00241033	0.00202105
1185	0	0.00202105
1195	0.000903873	0
