FG time = 1933.39	BG time = 493.671
5	0	0
15	0	0
25	0	0
35	0	0
45	0.00258614	0
55	0.00982732	0.00607692
65	0.0641362	0.00810257
75	0.12879	0.00810257
85	0.143272	0.0101282
95	0.164478	0.00607692
105	0.161892	0.00810257
115	0.177926	0.00607692
125	0.191374	0
135	0.196546	0.0121538
145	0.214649	0.00202564
155	0.201202	0.00810257
165	0.218787	0.00405128
175	0.226546	0.00202564
185	0.212063	0.00202564
195	0.213615	0.00202564
205	0.217236	0.00607692
215	0.219822	0
225	0.214649	0
235	0.207925	0.00202564
245	0.20896	0.00202564
255	0.217236	0.00202564
265	0.198615	0.00202564
275	0.219304	0.00607692
285	0.197064	0.00202564
295	0.22396	0
305	0.207408	0.00202564
315	0.208443	0
325	0.185685	0
335	0.203788	0
345	0.187236	0.00202564
355	0.185167	0.00202564
365	0.196546	0
375	0.187754	0.00405128
385	0.159306	0.00405128
395	0.182064	0.00405128
405	0.165513	0.00202564
415	0.158789	0
425	0.17172	0
435	0.173271	0
445	0.157754	0.00202564
455	0.157237	0.00202564
465	0.125169	0.00202564
475	0.127238	0.00202564
485	0.125169	0
495	0.107583	0
505	0.108618	0.00202564
515	0.104997	0
525	0.0987905	0.00405128
535	0.0993077	0.00202564
545	0.0941354	0
555	0.0967215	0.00202564
565	0.0806875	0
575	0.0703429	0.00202564
585	0.0734463	0
595	0.0646534	0
605	0.0615501	0.00202564
615	0.0553433	0
625	0.0615501	0.00202564
635	0.0439643	0.00202564
645	0.0362059	0.00202564
655	0.0336198	0
665	0.0310337	0
675	0.029482	0
685	0.0237925	0
695	0.0222408	0.00202564
705	0.0175857	0.00405128
715	0.0139651	0.00202564
725	0.0108618	0.00202564
735	0.00982732	0.00202564
745	0.00982732	0
755	0.00672396	0.00202564
765	0.00413782	0
775	0.00517228	0
785	0.00672396	0
795	0.00517228	0.00405128
805	0.00310337	0
815	0.00155168	0
825	0.00206891	0
835	0.00258614	0
845	0.000517228	0
855	0.00103446	0
865	0.00310337	0
875	0.00155168	0.00202564
885	0.00155168	0.00202564
895	0.000517228	0.00405128
905	0.00310337	0
915	0.00103446	0.00202564
925	0.00155168	0
935	0	0.00607692
945	0.00103446	0.00202564
955	0.00103446	0.00202564
965	0.00258614	0
975	0.000517228	0
985	0.000517228	0.00405128
995	0	0.00202564
1005	0	0
1015	0.00155168	0.00607692
1025	0.00103446	0
1035	0.00206891	0.00202564
1045	0.000517228	0
1055	0.00206891	0
1065	0.00310337	0.00202564
1075	0.00206891	0.00202564
1085	0.000517228	0
1095	0.00103446	0
1105	0.00155168	0
1115	0.000517228	0.00202564
1125	0.000517228	0
1135	0	0.00202564
1145	0.000517228	0
1155	0.00155168	0.00202564
1165	0.000517228	0.00202564
1175	0.000517228	0.00202564
1185	0.000517228	0
1195	0.000517228	0
