FG time = 3012.88	BG time = 613.427
5	0	0
15	0	0
25	0	0
35	0.000331908	0
45	0	0
55	0.000331908	0
65	0.000663816	0
75	0.00199145	0
85	0.00298717	0
95	0.00199145	0
105	0.0043148	0
115	0.00531053	0
125	0.00497862	0.00326037
135	0.00497862	0.00163019
145	0.00862961	0
155	0.00497862	0
165	0.00862961	0
175	0.00763388	0
185	0.00630625	0
195	0.00796579	0
205	0.0116168	0
215	0.00929342	0
225	0.00929342	0
235	0.0082977	0
245	0.00630625	0
255	0.00796579	0
265	0.00862961	0
275	0.00697007	0
285	0.00663816	0.00163019
295	0.00531053	0
305	0.0043148	0
315	0.00564244	0
325	0.00531053	0
335	0.00663816	0
345	0.00862961	0
355	0.00564244	0.00326037
365	0.0039829	0
375	0.0043148	0
385	0.00331908	0
395	0.00199145	0
405	0.00232336	0
415	0.00597434	0
425	0.00265526	0
435	0.00132763	0
445	0.00497862	0
455	0.00132763	0
465	0.00298717	0
475	0.00165954	0
485	0.00298717	0
495	0.000663816	0
505	0.00199145	0.00163019
515	0.00165954	0
525	0.00165954	0
535	0.00132763	0
545	0.00165954	0
555	0.00132763	0
565	0.000663816	0
575	0.000663816	0
585	0.000331908	0
595	0.000995724	0
605	0.000663816	0
615	0.000663816	0
625	0.000663816	0
635	0	0
645	0	0
655	0.000331908	0
665	0.000331908	0
675	0.000331908	0
685	0.000663816	0
695	0	0.00163019
705	0	0
715	0.00165954	0
725	0.000331908	0.00163019
735	0.000995724	0
745	0.000331908	0
755	0	0
765	0	0
775	0.000663816	0
785	0.000663816	0
795	0	0
805	0	0
815	0.000663816	0
825	0	0
835	0	0
845	0	0
855	0	0
865	0.000331908	0
875	0.000663816	0
885	0.000331908	0
895	0	0
905	0	0
915	0.000331908	0
925	0	0
935	0	0
945	0.000331908	0
955	0	0
965	0	0
975	0.000331908	0
985	0	0
995	0.000331908	0
1005	0	0
1015	0	0
1025	0.000331908	0
1035	0	0
1045	0	0
1055	0	0
1065	0	0
1075	0	0
1085	0.000331908	0
1095	0	0
1105	0	0
1115	0	0.00163019
1125	0	0
1135	0	0
1145	0	0
1155	0	0
1165	0	0
1175	0	0
1185	0	0
1195	0	0
