FG time = 2884.68	BG time = 364.742
5	0	0
15	0	0
25	0	0
35	0	0
45	0	0
55	0	0
65	0	0
75	0	0
85	0	0
95	0.000693317	0
105	0.000693317	0.00274167
115	0.00346659	0
125	0.00623985	0.00274167
135	0.012133	0
145	0.0138663	0
155	0.012133	0
165	0.0176796	0
175	0.015253	0
185	0.0166396	0
195	0.0176796	0
205	0.0180262	0
215	0.015253	0
225	0.0173329	0
235	0.0145597	0.00548333
245	0.0169863	0
255	0.0103998	0
265	0.014213	0
275	0.0100531	0
285	0.0107464	0
295	0.0128264	0
305	0.0100531	0
315	0.0083198	0
325	0.00693317	0
335	0.00901312	0.00274167
345	0.00554654	0
355	0.00762649	0
365	0.00693317	0
375	0.00623985	0.00274167
385	0.00693317	0
395	0.00485322	0
405	0.00485322	0
415	0.00381324	0
425	0.00381324	0
435	0.00485322	0
445	0.00485322	0
455	0.00207995	0
465	0.00450656	0
475	0.00381324	0
485	0.00485322	0.00274167
495	0.00138663	0
505	0.0041599	0
515	0.00277327	0
525	0.00277327	0
535	0.00173329	0.00274167
545	0.00138663	0
555	0.00103998	0
565	0.00173329	0
575	0.00207995	0
585	0.00207995	0
595	0.00103998	0
605	0.00173329	0
615	0	0
625	0.000346659	0
635	0.00138663	0
645	0.00138663	0
655	0.000693317	0
665	0.000693317	0
675	0	0
685	0.00103998	0
695	0.000346659	0.00274167
705	0.000346659	0
715	0.000346659	0
725	0.000346659	0
735	0.000346659	0
745	0	0
755	0.000693317	0
765	0.000346659	0
775	0.000346659	0
785	0	0
795	0.000346659	0
805	0.000693317	0
815	0	0
825	0	0
835	0	0
845	0.000346659	0
855	0	0
865	0.000693317	0.00274167
875	0	0
885	0	0
895	0	0
905	0.000346659	0
915	0.000346659	0
925	0	0
935	0	0
945	0	0
955	0	0
965	0.000346659	0
975	0	0
985	0	0
995	0	0
1005	0	0
1015	0	0
1025	0	0
1035	0	0
1045	0	0
1055	0	0
1065	0	0
1075	0	0
1085	0.000346659	0
1095	0.000346659	0
1105	0	0
1115	0	0
1125	0	0
1135	0	0
1145	0.000346659	0
1155	0	0
1165	0	0
1175	0	0
1185	0	0
1195	0	0
