FG time = 3312.24	BG time = 492.902
5	0	0
15	0	0
25	0	0
35	0	0
45	0	0
55	0	0
65	0.00090573	0
75	0.00090573	0
85	0.00332101	0
95	0.0060382	0
105	0.00362292	0
115	0.00543438	0
125	0.00754775	0
135	0.00996303	0
145	0.0102649	0
155	0.00966112	0.0020288
165	0.0102649	0
175	0.0102649	0
185	0.0105669	0
195	0.0141898	0.0020288
205	0.0111707	0
215	0.0129821	0
225	0.0090573	0.0020288
235	0.0108688	0
245	0.00784966	0.0020288
255	0.00694393	0
265	0.00935921	0
275	0.0111707	0
285	0.00784966	0
295	0.00784966	0
305	0.00664202	0
315	0.00634011	0
325	0.00754775	0
335	0.00754775	0
345	0.00754775	0
355	0.00392483	0
365	0.0060382	0
375	0.00362292	0
385	0.0030191	0
395	0.00452865	0
405	0.00483056	0.0020288
415	0.00483056	0
425	0.00271719	0
435	0.00422674	0
445	0.00422674	0
455	0.00181146	0
465	0.0030191	0.0020288
475	0.00543438	0
485	0.00241528	0.0020288
495	0.00211337	0
505	0.00181146	0
515	0.00181146	0
525	0.00181146	0
535	0.00120764	0
545	0.00271719	0
555	0.0030191	0
565	0.00120764	0
575	0.00211337	0
585	0.00120764	0
595	0.00120764	0
605	0.00090573	0
615	0.00120764	0
625	0.00060382	0
635	0.00030191	0
645	0.00060382	0
655	0.00120764	0
665	0.00120764	0
675	0.00090573	0
685	0.00030191	0
695	0.00060382	0
705	0.00060382	0
715	0.00090573	0
725	0	0
735	0.00030191	0
745	0	0.0020288
755	0	0
765	0	0
775	0	0
785	0	0
795	0	0
805	0.00030191	0
815	0	0
825	0.00030191	0
835	0.00030191	0
845	0	0
855	0	0
865	0	0
875	0	0
885	0	0
895	0	0
905	0.00030191	0
915	0	0
925	0	0
935	0	0
945	0	0
955	0.00060382	0
965	0.00060382	0
975	0	0
985	0.00030191	0
995	0	0
1005	0	0
1015	0	0
1025	0.00030191	0
1035	0	0
1045	0	0
1055	0	0
1065	0	0
1075	0.00030191	0
1085	0.00030191	0
1095	0	0
1105	0	0
1115	0	0
1125	0	0
1135	0.00030191	0
1145	0	0
1155	0.00030191	0
1165	0	0
1175	0	0
1185	0	0
1195	0	0
