FG time = 3612.43	BG time = 485.562
5	0	0
15	0	0
25	0	0
35	0.00138411	0
45	0.0127338	0.00617841
55	0.0370941	0.00823788
65	0.0586862	0
75	0.0802783	0.0123568
85	0.102701	0.0123568
95	0.107684	0.00205947
105	0.117649	0.00823788
115	0.125954	0.00411894
125	0.136196	0.00411894
135	0.145055	0.00411894
145	0.145608	0.0102973
155	0.151975	0.00823788
165	0.157235	0.00411894
175	0.154743	0
185	0.166647	0.00411894
195	0.169415	0
205	0.167477	0.00617841
215	0.169692	0
225	0.178827	0
235	0.179657	0.00205947
245	0.166924	0.00205947
255	0.165816	0.00411894
265	0.173844	0
275	0.179104	0.00205947
285	0.17246	0
295	0.168308	0.00411894
305	0.185471	0
315	0.176336	0
325	0.175228	0.00411894
335	0.158065	0.00205947
345	0.163325	0.00205947
355	0.15419	0.00411894
365	0.158896	0
375	0.153082	0.00411894
385	0.161664	0.00617841
395	0.152252	0.00205947
405	0.140349	0.00411894
415	0.137857	0
425	0.13675	0.00205947
435	0.128169	0.00205947
445	0.130937	0
455	0.121802	0.00617841
465	0.119864	0.00205947
475	0.110452	0
485	0.0966108	0.00205947
495	0.112113	0.00411894
505	0.0938426	0
515	0.0860916	0.00205947
525	0.0894135	0.00617841
535	0.0819393	0.00205947
545	0.076126	0.00205947
555	0.0755724	0.00205947
565	0.0769565	0
575	0.0667141	0.00411894
585	0.0617313	0
595	0.0664372	0.00205947
605	0.0539803	0
615	0.0470597	0.00205947
625	0.0489975	0.00205947
635	0.0465061	0
645	0.03571	0.00205947
655	0.0398623	0.00205947
665	0.0323882	0
675	0.0323882	0.00411894
685	0.0210385	0.00205947
695	0.020208	0
705	0.0210385	0
715	0.017163	0.00205947
725	0.0110729	0
735	0.0130106	0.00205947
745	0.0110729	0.00205947
755	0.00692055	0.00411894
765	0.00913512	0
775	0.00525962	0.00411894
785	0.00332186	0.00617841
795	0.00498279	0
805	0.00387551	0
815	0.00581326	0.00823788
825	0.00221457	0
835	0.00304504	0.00205947
845	0.00193775	0.00411894
855	0.00138411	0.00411894
865	0.00304504	0.00205947
875	0.00193775	0
885	0.00276822	0
895	0.0024914	0.00205947
905	0.00110729	0.00205947
915	0.0024914	0.00411894
925	0.0024914	0.00205947
935	0.00138411	0.00205947
945	0.00276822	0
955	0.00221457	0.00411894
965	0.000830466	0.00205947
975	0.00138411	0.00617841
985	0.0024914	0.00411894
995	0.00138411	0.00411894
1005	0.00166093	0
1015	0.00387551	0.00205947
1025	0.00166093	0.00411894
1035	0.00166093	0
1045	0.00166093	0.00205947
1055	0.00276822	0.00205947
1065	0.00304504	0.00205947
1075	0.00276822	0.00411894
1085	0.00138411	0.00411894
1095	0.00359868	0
1105	0.00193775	0.00411894
1115	0.000830466	0.00411894
1125	0.000553644	0
1135	0.00110729	0.00205947
1145	0.00276822	0.00205947
1155	0.000830466	0
1165	0.00166093	0.00411894
1175	0.00166093	0
1185	0.00110729	0.00205947
1195	0.00166093	0.00205947
