FG time = 3604.5	BG time = 483.289
5	0	0
15	0	0
25	0	0
35	0.00166459	0
45	0.0127618	0.00206916
55	0.048273	0.0124149
65	0.0882231	0.0103458
75	0.13178	0.0103458
85	0.171452	0.0227607
95	0.177279	0.0186224
105	0.21279	0.00827663
115	0.208351	0.00413831
125	0.235539	0.00827663
135	0.218338	0.00827663
145	0.265502	0.00620747
155	0.263282	0
165	0.256624	0.00413831
175	0.29047	0.00620747
185	0.288528	0.00206916
195	0.279651	0.00827663
205	0.301568	0.00620747
215	0.278818	0.00413831
225	0.302123	0.00206916
235	0.316272	0.00413831
245	0.278541	0.00206916
255	0.304065	0.00413831
265	0.288806	0.00206916
275	0.299903	0.00413831
285	0.302123	0.00413831
295	0.304619	0.00620747
305	0.294355	0.00206916
315	0.283812	0.00413831
325	0.271883	0.00206916
335	0.282702	0
345	0.292967	0.00206916
355	0.281593	0
365	0.26134	0.00413831
375	0.277431	0
385	0.258011	0
395	0.244694	0.00206916
405	0.258011	0.00206916
415	0.239146	0
425	0.241088	0.00413831
435	0.22028	0.00413831
445	0.224164	0
455	0.213899	0.00413831
465	0.203635	0
475	0.188931	0.00620747
485	0.168678	0
495	0.185324	0.00206916
505	0.168956	0
515	0.174782	0.00206916
525	0.156749	0
535	0.147316	0.00413831
545	0.150645	0.00413831
555	0.134277	0.00206916
565	0.130948	0.00413831
575	0.119018	0.00206916
585	0.107366	0.00620747
595	0.113192	0.00206916
605	0.0943266	0
615	0.0962686	0.00413831
625	0.0801776	0
635	0.0737967	0.00206916
645	0.0732418	0.00620747
655	0.0602026	0.00206916
665	0.0474407	0
675	0.0435567	0
685	0.040505	0.00206916
695	0.0366209	0.00413831
705	0.028298	0.00413831
715	0.0233042	0.00413831
725	0.0230268	0
735	0.0155361	0.00620747
745	0.016091	0.00413831
755	0.0155361	0.00620747
765	0.0130393	0
775	0.0124844	0.00206916
785	0.00776807	0
795	0.00471633	0.00413831
805	0.00582606	0
815	0.00416147	0.00206916
825	0.00471633	0
835	0.00388404	0.00206916
845	0.00249688	0.00206916
855	0.00305174	0
865	0.00166459	0.00206916
875	0.00277431	0
885	0.00249688	0.00206916
895	0.00249688	0
905	0.00221945	0
915	0.00110972	0.00206916
925	0.00221945	0.00206916
935	0.00249688	0
945	0.00194202	0
955	0.00110972	0
965	0.00194202	0
975	0.00110972	0
985	0.00110972	0.00413831
995	0.00194202	0.00206916
1005	0.00166459	0.00206916
1015	0.00166459	0
1025	0.00277431	0
1035	0.00110972	0.00827663
1045	0.000832294	0
1055	0.00305174	0
1065	0.00249688	0
1075	0.00277431	0.00413831
1085	0.00332917	0.00206916
1095	0.00166459	0.00413831
1105	0.00388404	0
1115	0.000832294	0
1125	0.00194202	0
1135	0.00249688	0.00206916
1145	0.00305174	0.00206916
1155	0.00305174	0
1165	0.00305174	0.00206916
1175	0.00305174	0
1185	0.00249688	0
1195	0.000832294	0.00206916
