FG time = 1204.98	BG time = 184.964
5	0	0
15	0	0
25	0	0
35	0	0
45	0	0
55	0	0
65	0	0
75	0	0
85	0	0
95	0	0
105	0	0
115	0	0
125	0.00165978	0
135	0	0
145	0.00165978	0
155	0	0
165	0.00248967	0
175	0.000829889	0
185	0.00331956	0
195	0.00248967	0
205	0.00331956	0
215	0.00331956	0
225	0.00580922	0
235	0.00248967	0
245	0.00580922	0
255	0.00331956	0
265	0.00580922	0
275	0.00497933	0
285	0.00663911	0
295	0.00829889	0.00540645
305	0.00331956	0
315	0.0132782	0
325	0.00912878	0.00540645
335	0.00580922	0
345	0.00580922	0
355	0.0141081	0
365	0.00580922	0
375	0.00580922	0
385	0.00912878	0
395	0.007469	0
405	0.0116184	0.00540645
415	0.0107886	0
425	0.00829889	0
435	0.00497933	0
445	0.007469	0
455	0.00331956	0
465	0.0141081	0
475	0.00912878	0
485	0.0116184	0
495	0.00580922	0
505	0.00414945	0
515	0.00414945	0
525	0.00414945	0
535	0.00414945	0
545	0.00497933	0
555	0.00912878	0
565	0.00580922	0.00540645
575	0.00580922	0
585	0.00580922	0
595	0.00331956	0
605	0.00414945	0
615	0.00248967	0
625	0.00165978	0
635	0.00248967	0
645	0.00248967	0
655	0.00497933	0
665	0.00165978	0
675	0.00165978	0
685	0.00248967	0
695	0.00248967	0
705	0.000829889	0
715	0.000829889	0
725	0.000829889	0
735	0.000829889	0
745	0.00331956	0
755	0.00165978	0
765	0.00165978	0
775	0	0
785	0.000829889	0
795	0	0
805	0.00248967	0
815	0	0
825	0.00165978	0
835	0	0
845	0.000829889	0
855	0.00248967	0
865	0.000829889	0
875	0	0
885	0	0
895	0.000829889	0
905	0	0.00540645
915	0	0
925	0.00165978	0
935	0	0
945	0	0
955	0.00248967	0
965	0	0
975	0.000829889	0.00540645
985	0.00165978	0
995	0	0
1005	0.000829889	0
1015	0	0
1025	0.000829889	0
1035	0.000829889	0
1045	0.00165978	0
1055	0	0
1065	0.000829889	0
1075	0	0.00540645
1085	0	0.00540645
1095	0.000829889	0
1105	0.000829889	0
1115	0.00165978	0
1125	0.000829889	0
1135	0.000829889	0.00540645
1145	0.000829889	0
1155	0	0.00540645
1165	0.00165978	0
1175	0.00165978	0
1185	0.000829889	0
1195	0.00248967	0
