FG time = 3011.59	BG time = 486.994
5	0	0
15	0	0
25	0	0
35	0	0
45	0	0
55	0	0
65	0	0
75	0	0
85	0.00033205	0
95	0.00033205	0
105	0.0006641	0
115	0.0033205	0
125	0.00298845	0
135	0.0059769	0.00205341
145	0.0053128	0
155	0.0046487	0.00205341
165	0.00498075	0.00205341
175	0.0073051	0
185	0.006641	0.00205341
195	0.0053128	0
205	0.00498075	0.00205341
215	0.00763715	0
225	0.00564485	0
235	0.006641	0
245	0.00498075	0
255	0.00498075	0
265	0.0046487	0.00410683
275	0.0039846	0.00205341
285	0.0046487	0
295	0.00498075	0.00205341
305	0.00498075	0
315	0.00298845	0
325	0.0019923	0
335	0.00365255	0
345	0.00365255	0
355	0.00298845	0
365	0.00166025	0
375	0.00166025	0
385	0.0026564	0
395	0.00232435	0
405	0.00431665	0
415	0.0019923	0
425	0.00232435	0
435	0.0026564	0
445	0.00232435	0
455	0.00099615	0
465	0.00166025	0
475	0.0013282	0
485	0.00232435	0
495	0.0006641	0
505	0.0006641	0
515	0.0006641	0
525	0.00033205	0.00205341
535	0.0006641	0
545	0.00232435	0
555	0.00166025	0
565	0.00099615	0
575	0.0006641	0
585	0.0006641	0
595	0	0
605	0.00033205	0
615	0.00099615	0
625	0.00033205	0
635	0	0
645	0	0
655	0.0006641	0
665	0	0
675	0	0
685	0.00033205	0
695	0	0
705	0.00033205	0
715	0.0006641	0
725	0	0
735	0.00033205	0
745	0	0
755	0	0
765	0	0
775	0.00033205	0
785	0	0
795	0	0
805	0	0.00205341
815	0	0
825	0	0
835	0	0
845	0	0
855	0.00033205	0
865	0	0
875	0	0.00205341
885	0.00033205	0
895	0	0
905	0	0
915	0	0
925	0	0
935	0	0
945	0	0
955	0	0
965	0	0
975	0	0
985	0	0
995	0	0
1005	0	0
1015	0	0.00205341
1025	0	0
1035	0.00033205	0
1045	0	0
1055	0	0
1065	0	0
1075	0	0
1085	0.00033205	0
1095	0	0
1105	0	0
1115	0	0
1125	0	0
1135	0	0
1145	0.00033205	0
1155	0	0
1165	0	0.00205341
1175	0	0
1185	0	0.00205341
1195	0.00033205	0
