FG time = 1757.08	BG time = 434.807
5	0	0
15	0	0
25	0	0
35	0	0
45	0	0
55	0	0.00229987
65	0	0.00229987
75	0	0
85	0.000569124	0
95	0.000569124	0
105	0	0
115	0.00113825	0
125	0.00113825	0
135	0.00113825	0.00229987
145	0.00113825	0.00229987
155	0.00170737	0
165	0.00170737	0.00229987
175	0.00170737	0
185	0.00284562	0
195	0.000569124	0.00229987
205	0.000569124	0
215	0.00398387	0
225	0.0022765	0
235	0.00341475	0.00229987
245	0.00512212	0
255	0.00113825	0
265	0.00284562	0
275	0.00341475	0
285	0.0022765	0.00229987
295	0.000569124	0
305	0	0.00229987
315	0.000569124	0
325	0.00284562	0
335	0.00170737	0
345	0.00284562	0
355	0.000569124	0
365	0.00113825	0.00229987
375	0.000569124	0
385	0.00113825	0.00229987
395	0.000569124	0
405	0.00113825	0
415	0.000569124	0
425	0	0
435	0	0
445	0.00170737	0.00229987
455	0.000569124	0
465	0	0
475	0.0022765	0
485	0.00170737	0
495	0.000569124	0
505	0	0
515	0.000569124	0
525	0.00170737	0
535	0.000569124	0.00229987
545	0.00113825	0
555	0	0
565	0	0
575	0	0
585	0.00113825	0
595	0	0
605	0.000569124	0
615	0	0
625	0	0
635	0	0
645	0	0
655	0	0
665	0.00113825	0
675	0	0
685	0	0
695	0.00113825	0
705	0.000569124	0.00229987
715	0	0
725	0	0
735	0.00113825	0
745	0	0
755	0	0
765	0	0
775	0	0
785	0	0
795	0	0.00229987
805	0	0
815	0	0
825	0	0
835	0	0
845	0	0
855	0	0
865	0	0
875	0.000569124	0
885	0	0
895	0	0
905	0	0
915	0	0
925	0	0
935	0	0
945	0	0
955	0	0
965	0	0
975	0	0
985	0	0
995	0	0
1005	0	0
1015	0	0
1025	0	0
1035	0	0
1045	0	0
1055	0	0
1065	0	0
1075	0	0
1085	0	0
1095	0	0
1105	0	0
1115	0.000569124	0
1125	0	0
1135	0	0
1145	0	0
1155	0	0
1165	0	0
1175	0	0
1185	0	0
1195	0	0
