FG time = 3319.29	BG time = 734.747
5	0	0
15	0	0
25	0	0
35	0	0
45	0.000602538	0
55	0.00753173	0
65	0.0364536	0.00544405
75	0.0680868	0.0108881
85	0.0822465	0.00680506
95	0.098515	0.00952708
105	0.108758	0.00680506
115	0.117796	0.00544405
125	0.131655	0.0108881
135	0.147923	0.00816607
145	0.139488	0.00680506
155	0.147622	0.00408304
165	0.147019	0.00272202
175	0.147923	0.00816607
185	0.154852	0.00680506
195	0.162685	0.00408304
205	0.162685	0.00544405
215	0.151237	0.00272202
225	0.158769	0.00544405
235	0.17564	0.00136101
245	0.163288	0.00680506
255	0.160275	0.00272202
265	0.16148	0.00680506
275	0.150032	0.00408304
285	0.158769	0.00272202
295	0.167807	0.00272202
305	0.162987	0.00408304
315	0.145814	0.00544405
325	0.147622	0.00272202
335	0.153647	0.00544405
345	0.149128	0.00272202
355	0.14491	0.00136101
365	0.142199	0.00136101
375	0.146417	0.00136101
385	0.13045	0.00408304
395	0.133462	0.00272202
405	0.122315	0.00136101
415	0.125629	0.00272202
425	0.114181	0.00136101
435	0.12111	0.00136101
445	0.106649	0
455	0.108156	0.00272202
465	0.105444	0.00136101
475	0.112976	0.00136101
485	0.105745	0.00136101
495	0.102733	0.00136101
505	0.0970086	0.00408304
515	0.0810414	0.00136101
525	0.0822465	0.00136101
535	0.0777274	0.00136101
545	0.0735097	0.00136101
555	0.0741122	0.00136101
565	0.0611576	0.00272202
575	0.0644716	0.00272202
585	0.0596513	0.00544405
595	0.0518183	0.00136101
605	0.0433828	0.00272202
615	0.0364536	0.00136101
625	0.0403701	0
635	0.0397675	0.00408304
645	0.0352485	0.00408304
655	0.0334409	0
665	0.0295244	0.00136101
675	0.0231977	0.00136101
685	0.0198838	0
695	0.0147622	0.00136101
705	0.0147622	0.00408304
715	0.0150635	0.00136101
725	0.0129546	0.00136101
735	0.011147	0
745	0.0087368	0.00272202
755	0.007833	0.00136101
765	0.00572411	0
775	0.00512157	0
785	0.00451904	0.00408304
795	0.00271142	0.00408304
805	0.00301269	0.00272202
815	0.00271142	0.00136101
825	0.00331396	0.00136101
835	0.00451904	0
845	0.00120508	0
855	0.00301269	0.00272202
865	0.00451904	0.00272202
875	0.00180761	0.00136101
885	0.00120508	0.00272202
895	0.00210888	0
905	0.00150635	0.00544405
915	0.00271142	0
925	0.00180761	0.00408304
935	0.00271142	0.00408304
945	0.00271142	0.00136101
955	0.00180761	0.00136101
965	0.00241015	0.00408304
975	0.00271142	0.00408304
985	0.00271142	0.00136101
995	0.00301269	0.00136101
1005	0.00210888	0.00544405
1015	0.00210888	0.00272202
1025	0.000903807	0.00272202
1035	0.000903807	0.00544405
1045	0.00210888	0.00272202
1055	0.00180761	0.00272202
1065	0.00271142	0.00272202
1075	0.00120508	0
1085	0.00271142	0.00272202
1095	0.000903807	0.00272202
1105	0.000602538	0.00136101
1115	0.00210888	0
1125	0.00271142	0
1135	0.00241015	0.00136101
1145	0.000903807	0.00136101
1155	0.00180761	0.00136101
1165	0.000903807	0.00136101
1175	0.00150635	0.00136101
1185	0.00120508	0.00408304
1195	0.000903807	0
