FG time = 3320.99	BG time = 486.725
5	0	0
15	0	0
25	0	0
35	0	0
45	0.000301115	0.00205455
55	0.000301115	0
65	0.00150558	0.00205455
75	0.00210781	0
85	0.00451673	0.00205455
95	0.0039145	0.00205455
105	0.0060223	0
115	0.00542007	0
125	0.00632342	0
135	0.00481784	0
145	0.00692565	0
155	0.00752788	0
165	0.00692565	0.0041091
175	0.00722676	0.00205455
185	0.00933457	0
195	0.00813011	0
205	0.00873234	0
215	0.00813011	0
225	0.00843123	0
235	0.00843123	0.0041091
245	0.00572119	0
255	0.00722676	0
265	0.00873234	0
275	0.00813011	0
285	0.00722676	0
295	0.00752788	0
305	0.00542007	0.00205455
315	0.00481784	0
325	0.00572119	0
335	0.00542007	0
345	0.00511896	0
355	0.0039145	0.00205455
365	0.00361338	0.00205455
375	0.00361338	0
385	0.00331227	0
395	0.00511896	0
405	0.00451673	0
415	0.0039145	0
425	0.00542007	0
435	0.00150558	0.00205455
445	0.00421561	0
455	0.00180669	0
465	0.00271004	0
475	0.00180669	0
485	0.00331227	0
495	0.00180669	0
505	0.00150558	0
515	0.00301115	0
525	0.00060223	0
535	0.00240892	0
545	0.00150558	0
555	0.00150558	0
565	0.00240892	0
575	0.00150558	0
585	0.00120446	0
595	0.00060223	0
605	0.000301115	0
615	0.000301115	0
625	0.00060223	0
635	0.000301115	0
645	0.00060223	0
655	0.00060223	0
665	0	0
675	0	0
685	0	0
695	0	0
705	0.00060223	0
715	0	0
725	0	0
735	0.000301115	0
745	0	0
755	0	0
765	0.00060223	0
775	0	0
785	0.000301115	0
795	0	0
805	0.000301115	0
815	0	0
825	0	0
835	0.00060223	0
845	0.000301115	0
855	0	0
865	0.000301115	0
875	0	0
885	0.000301115	0
895	0	0
905	0	0
915	0.000301115	0
925	0.00060223	0
935	0	0
945	0	0
955	0	0
965	0.000301115	0
975	0	0
985	0.000301115	0
995	0	0
1005	0	0
1015	0	0.00205455
1025	0.000301115	0
1035	0	0
1045	0	0
1055	0	0
1065	0	0
1075	0.000301115	0
1085	0.000301115	0
1095	0	0
1105	0	0
1115	0	0
1125	0.000301115	0
1135	0	0
1145	0	0
1155	0	0
1165	0	0
1175	0	0
1185	0	0
1195	0	0
