FG time = 3185.66	BG time = 544.572
5	0	0
15	0	0
25	0	0
35	0.000313907	0
45	0.00376688	0
55	0.0288794	0.0018363
65	0.0897774	0.0018363
75	0.165115	0.00918152
85	0.190228	0.00918152
95	0.214085	0.0018363
105	0.230094	0.00918152
115	0.231036	0.00918152
125	0.268391	0.00734521
135	0.266821	0.0018363
145	0.263682	0.00367261
155	0.305432	0.00550891
165	0.29884	0
175	0.306059	0.00550891
185	0.299781	0.00550891
195	0.306373	0.00367261
205	0.313593	0.00550891
215	0.336194	0.0018363
225	0.33745	0.0018363
235	0.319243	0
245	0.29884	0.0018363
255	0.320813	0.0018363
265	0.32458	0.00367261
275	0.320185	0.00367261
285	0.301979	0.0018363
295	0.333369	0
305	0.322696	0.0018363
315	0.307315	0
325	0.303234	0.0018363
335	0.301665	0
345	0.308257	0
355	0.279377	0.0018363
365	0.290678	0
375	0.279063	0.0018363
385	0.271216	0
395	0.269332	0.0018363
405	0.260229	0.00550891
415	0.254893	0.0018363
425	0.246731	0
435	0.238255	0.0018363
445	0.232605	0
455	0.22413	0
465	0.217538	0.00367261
475	0.191169	0.00367261
485	0.18238	0.0018363
495	0.181124	0
505	0.184263	0
515	0.16951	0
525	0.159151	0.0018363
535	0.152559	0
545	0.141886	0.0018363
555	0.12933	0.0018363
565	0.131527	0
575	0.113007	0
585	0.117715	0.00367261
595	0.10045	0
605	0.0995085	0.00367261
615	0.0860105	0.00367261
625	0.0869523	0.00367261
635	0.080988	0.0018363
645	0.0652927	0.00367261
655	0.0577589	0.0018363
665	0.0464582	0
675	0.0382967	0.0018363
685	0.040494	0
695	0.0317046	0
705	0.0226013	0
715	0.0232291	0.00734521
725	0.0238569	0
735	0.0175788	0.00367261
745	0.0150675	0.0018363
755	0.0153814	0
765	0.0091033	0
775	0.00816158	0
785	0.00659205	0.0018363
795	0.00376688	0
805	0.00345298	0.0018363
815	0.00345298	0.00367261
825	0.000627814	0.0018363
835	0.00345298	0.0018363
845	0.00219735	0.0018363
855	0.00251126	0.0018363
865	0.00188344	0
875	0.00188344	0
885	0.00282516	0.0018363
895	0.00251126	0
905	0.00251126	0.00918152
915	0.00188344	0
925	0.00156954	0.00367261
935	0.000941721	0.00367261
945	0.00251126	0
955	0.00313907	0.00367261
965	0.000941721	0.00367261
975	0.00219735	0
985	0.00156954	0.0018363
995	0.00188344	0.00367261
1005	0.00188344	0
1015	0.00156954	0.0018363
1025	0.000941721	0
1035	0.00156954	0.0018363
1045	0.00282516	0.00367261
1055	0.000941721	0
1065	0.00345298	0.0018363
1075	0.00188344	0
1085	0.000941721	0
1095	0.00345298	0
1105	0.00251126	0.00550891
1115	0.00156954	0.0018363
1125	0.00156954	0.00550891
1135	0.00156954	0.0018363
1145	0.00156954	0.00367261
1155	0.00188344	0.00367261
1165	0.00251126	0
1175	0.000627814	0
1185	0.000627814	0
1195	0.00125563	0.00550891
