FG time = 3251.39	BG time = 733.884
5	0	0
15	0	0
25	0	0
35	0	0
45	0.000615121	0
55	0.00522853	0
65	0.0178385	0.00272523
75	0.0449038	0.00545045
85	0.063665	0.00953829
95	0.0787355	0.00681306
105	0.113797	0
115	0.124254	0.00272523
125	0.144553	0.00545045
135	0.13994	0.00545045
145	0.150705	0.00136261
155	0.148244	0.00545045
165	0.1627	0
175	0.182999	0.00408784
185	0.182999	0.00545045
195	0.195609	0.00272523
205	0.188227	0.00136261
215	0.190688	0.00408784
225	0.194071	0.00136261
235	0.193148	0
245	0.203605	0.00272523
255	0.194686	0.00272523
265	0.198684	0
275	0.206066	0.00136261
285	0.191303	0
295	0.209449	0.00136261
305	0.204528	0.00408784
315	0.18915	0.00136261
325	0.190688	0
335	0.190995	0.00272523
345	0.176232	0.00136261
355	0.193148	0.00136261
365	0.185767	0.00136261
375	0.19161	0.00408784
385	0.175617	0.00136261
395	0.179923	0
405	0.170389	0.00136261
415	0.168851	0.00272523
425	0.146091	0.00136261
435	0.166083	0
445	0.155933	0.00136261
455	0.154703	0.00272523
465	0.148859	0
475	0.13748	0.00272523
485	0.13871	0
495	0.131943	0.00136261
505	0.118718	0.00136261
515	0.112875	0.00272523
525	0.119026	0.00408784
535	0.0904228	0
545	0.0968816	0
555	0.0959589	0
565	0.0818111	0
575	0.0885774	0.00272523
585	0.0744297	0
595	0.0642802	0.00136261
605	0.0670482	0
615	0.0645877	0.00272523
625	0.0568987	0.00272523
635	0.0418282	0.00272523
645	0.0415207	0.00408784
655	0.0396753	0.00136261
665	0.0359846	0.00136261
675	0.0350619	0.00136261
685	0.0242973	0.00136261
695	0.0199914	0.00136261
705	0.0172234	0.00136261
715	0.017531	0.00136261
725	0.0156856	0.00272523
735	0.0107646	0.00408784
745	0.0086117	0
755	0.00676633	0
765	0.00891926	0.00136261
775	0.00553609	0
785	0.00553609	0.00136261
795	0.00276805	0.00136261
805	0.00246048	0.00136261
815	0.00246048	0
825	0.00246048	0.00272523
835	0.00307561	0.00272523
845	0.00184536	0.00136261
855	0.00246048	0.00136261
865	0.000307561	0.00136261
875	0.00338317	0.00136261
885	0.00184536	0.00136261
895	0.0015378	0.00272523
905	0.0015378	0.00136261
915	0.0015378	0.00272523
925	0.00215292	0
935	0.0015378	0
945	0	0
955	0.00338317	0.00408784
965	0.00246048	0.00408784
975	0.000922682	0.00272523
985	0.00338317	0.00136261
995	0.00123024	0
1005	0.00215292	0.00136261
1015	0.000922682	0.00545045
1025	0.0015378	0.00272523
1035	0.00215292	0.00272523
1045	0.00369073	0.00136261
1055	0.00184536	0.00136261
1065	0.00246048	0
1075	0.000922682	0.00272523
1085	0.0015378	0.00408784
1095	0.0015378	0.00272523
1105	0.000615121	0.00272523
1115	0.000922682	0.00136261
1125	0.00215292	0
1135	0.000615121	0.00136261
1145	0.000922682	0
1155	0.00215292	0.00136261
1165	0.00246048	0
1175	0.0015378	0
1185	0.00246048	0.00136261
1195	0.000922682	0.00272523
