FG time = 3611.88	BG time = 732.779
5	0	0
15	0	0
25	0	0
35	0.000830591	0
45	0.00802905	0.00272934
55	0.0204879	0.00136467
65	0.040699	0.00272934
75	0.0661704	0.00545867
85	0.0802905	0.004094
95	0.0971792	0.00136467
105	0.109915	0.00545867
115	0.12625	0.00955268
125	0.13594	0.00136467
135	0.148122	0.00818801
145	0.151444	0.00136467
155	0.160858	0.004094
165	0.16335	0.00272934
175	0.164457	0
185	0.169164	0.00272934
195	0.168333	0.00272934
205	0.185222	0.00272934
215	0.183007	0.00272934
225	0.175809	0.00136467
235	0.182176	0
245	0.179685	0.00272934
255	0.180792	0.00136467
265	0.170825	0.00272934
275	0.183561	0.004094
285	0.174701	0.00136467
295	0.182453	0.00136467
305	0.165011	0.00136467
315	0.167779	0.00136467
325	0.178854	0.004094
335	0.167779	0
345	0.163627	0.00272934
355	0.166118	0.00682334
365	0.156982	0.004094
375	0.156151	0.00272934
385	0.15449	0.00136467
395	0.144246	0
405	0.147292	0.00272934
415	0.142862	0.00272934
425	0.12708	0.00136467
435	0.13594	0
445	0.114068	0.00136467
455	0.119328	0.004094
465	0.130957	0.00136467
475	0.106593	0.00272934
485	0.114622	0.00272934
495	0.102716	0.00272934
505	0.106869	0.004094
515	0.100778	0.00136467
525	0.0980098	0.00136467
535	0.0949643	0
545	0.0960717	0
555	0.0883196	0.00272934
565	0.079183	0.00136467
575	0.0728152	0.00136467
585	0.0689391	0.00545867
595	0.0634018	0.00136467
605	0.0600794	0.00272934
615	0.0526041	0.00272934
625	0.054819	0
635	0.0459594	0.00272934
645	0.0456825	0.00136467
655	0.0348848	0.00272934
665	0.0323931	0
675	0.0332237	0
685	0.0221491	0.00272934
695	0.0254715	0.00136467
705	0.0238103	0.004094
715	0.0202111	0.00136467
725	0.0196573	0.004094
735	0.0132895	0.00136467
745	0.00969023	0
755	0.0119051	0.00136467
765	0.00692159	0.00545867
775	0.00692159	0
785	0.00498355	0
795	0.00332237	0.00136467
805	0.00581414	0.00136467
815	0.00470668	0
825	0.0030455	0.004094
835	0.00249177	0.00272934
845	0.00249177	0.00136467
855	0.00166118	0.004094
865	0.000830591	0.00272934
875	0.00138432	0.00136467
885	0.00166118	0.00136467
895	0.00138432	0
905	0.00221491	0.00136467
915	0.00166118	0
925	0.00276864	0
935	0.00166118	0.00136467
945	0.00110746	0.004094
955	0.00221491	0
965	0.00138432	0.004094
975	0.000553728	0.00272934
985	0.000553728	0.00136467
995	0.000553728	0
1005	0.00193805	0
1015	0.000830591	0
1025	0.00221491	0.00136467
1035	0.00110746	0.00136467
1045	0.00166118	0
1055	0.00110746	0.00272934
1065	0.00138432	0.00136467
1075	0.00249177	0.00136467
1085	0.00110746	0.00136467
1095	0.00166118	0.00272934
1105	0.00276864	0.004094
1115	0.00166118	0.00136467
1125	0.00166118	0
1135	0.00193805	0.00136467
1145	0.000276864	0.00682334
1155	0.00110746	0.00272934
1165	0.000830591	0.00272934
1175	0.00193805	0.00272934
1185	0.00221491	0.004094
1195	0.000553728	0.00136467
