FG time = 2952.41	BG time = 732.859
5	0	0
15	0	0
25	0	0
35	0	0
45	0	0
55	0	0
65	0	0
75	0	0
85	0	0
95	0.000338707	0
105	0.000338707	0
115	0.00135483	0
125	0.00440319	0.00136452
135	0.00677413	0
145	0.00812896	0
155	0.00914508	0
165	0.0121934	0.00136452
175	0.0165966	0.00136452
185	0.0142257	0.00136452
195	0.0108386	0
205	0.00711284	0
215	0.0132096	0
225	0.00779026	0
235	0.0104999	0
245	0.0098225	0
255	0.00643543	0.00136452
265	0.0101612	0
275	0.00745155	0
285	0.00880638	0
295	0.00711284	0
305	0.00677413	0
315	0.00812896	0
325	0.00711284	0
335	0.00609672	0
345	0.00440319	0
355	0.00609672	0
365	0.00406448	0
375	0.00338707	0
385	0.00101612	0
395	0.00474189	0
405	0.00338707	0
415	0.00304836	0
425	0.00203224	0
435	0.00203224	0
445	0.00169353	0
455	0.00372577	0
465	0.00135483	0
475	0.00135483	0
485	0.00270965	0
495	0.00203224	0
505	0.00135483	0
515	0.00237095	0
525	0.00101612	0.00136452
535	0.00135483	0
545	0.00169353	0
555	0.00203224	0
565	0.00135483	0
575	0.000677413	0.00136452
585	0.000677413	0
595	0.00169353	0
605	0.000677413	0
615	0.000338707	0
625	0.000338707	0
635	0	0
645	0.000338707	0
655	0.00101612	0
665	0.000338707	0
675	0.000677413	0
685	0.000677413	0
695	0.000338707	0
705	0.000338707	0
715	0.000338707	0
725	0.000338707	0.00136452
735	0.000338707	0.00136452
745	0	0
755	0	0
765	0	0
775	0.000338707	0
785	0	0
795	0.000338707	0
805	0	0
815	0.000677413	0
825	0.000338707	0
835	0	0
845	0	0
855	0	0
865	0.000677413	0
875	0	0
885	0	0
895	0	0
905	0.000338707	0
915	0	0
925	0.000338707	0
935	0	0
945	0	0
955	0	0
965	0	0
975	0	0
985	0	0
995	0	0
1005	0.000338707	0
1015	0	0.00136452
1025	0	0
1035	0	0.00136452
1045	0	0
1055	0.000338707	0
1065	0	0
1075	0	0
1085	0	0
1095	0	0
1105	0	0
1115	0	0
1125	0	0
1135	0	0
1145	0	0
1155	0	0
1165	0	0
1175	0	0
1185	0.000338707	0
1195	0.000338707	0
