FG time = 3243.66	BG time = 485.554
5	0	0
15	0	0
25	0	0
35	0	0
45	0.000616587	0
55	0.0114069	0
65	0.07769	0.004119
75	0.151372	0.0185355
85	0.21673	0.00823801
95	0.231837	0.0102975
105	0.239544	0.004119
115	0.242935	0.0102975
125	0.279006	0.004119
135	0.295345	0.004119
145	0.311993	0.004119
155	0.333574	0.012357
165	0.3234	0.0020595
175	0.331416	0.004119
185	0.349913	0
195	0.353921	0.0020595
205	0.35053	0.0061785
215	0.33974	0.004119
225	0.364403	0.004119
235	0.369952	0.0061785
245	0.374577	0.0020595
255	0.37581	0.0020595
265	0.363786	0
275	0.346214	0.004119
285	0.35053	0.004119
295	0.348063	0.0020595
305	0.350221	0
315	0.344981	0.0020595
325	0.350221	0
335	0.336657	0
345	0.33234	0.0061785
355	0.335732	0
365	0.324941	0.0020595
375	0.313535	0
385	0.303053	0.0020595
395	0.305827	0.0020595
405	0.289796	0
415	0.274998	0.0020595
425	0.273456	0.0020595
435	0.262666	0
445	0.259275	0.004119
455	0.236769	0.0020595
465	0.239236	0.004119
475	0.238928	0.0020595
485	0.212723	0
495	0.196691	0.0020595
505	0.204707	0.004119
515	0.198541	0
525	0.191142	0
535	0.17881	0.0020595
545	0.154455	0
555	0.140274	0.004119
565	0.14459	0
575	0.14089	0.0061785
585	0.119001	0.004119
595	0.111294	0
605	0.105436	0.004119
615	0.107903	0.004119
625	0.0847807	0.004119
635	0.0823144	0
645	0.0761485	0.004119
655	0.0625836	0
665	0.0576509	0
675	0.0554928	0
685	0.0480938	0
695	0.044086	0.0061785
705	0.0317542	0.0020595
715	0.028363	0.004119
725	0.020964	0.0020595
735	0.0166479	0.0020595
745	0.0163396	0.004119
755	0.010482	0.004119
765	0.010482	0.004119
775	0.00770734	0
785	0.0046244	0.0020595
795	0.00554928	0.004119
805	0.00339123	0.004119
815	0.00369952	0
825	0.00184976	0
835	0.00215805	0.004119
845	0.000924881	0.0061785
855	0.00339123	0
865	0.00184976	0.0020595
875	0.00246635	0
885	0.00184976	0
895	0.00154147	0.004119
905	0.00154147	0.004119
915	0.000308294	0.0020595
925	0.00123317	0
935	0.00339123	0.004119
945	0.00184976	0
955	0.00154147	0
965	0.00154147	0.0020595
975	0.00184976	0
985	0.000924881	0.0020595
995	0.00400782	0.004119
1005	0.00246635	0.004119
1015	0.00154147	0.0020595
1025	0.00184976	0
1035	0.00215805	0
1045	0.00277464	0.0020595
1055	0.00184976	0
1065	0.000308294	0.0020595
1075	0.00184976	0
1085	0.00123317	0
1095	0.00184976	0
1105	0.00339123	0
1115	0.00215805	0
1125	0.000616587	0.004119
1135	0.00215805	0.0020595
1145	0.00184976	0
1155	0.000924881	0
1165	0.00246635	0
1175	0.00154147	0.004119
1185	0.00215805	0.0020595
1195	0.000616587	0.004119
