FG time = 1207.28	BG time = 185.018
5	0	0
15	0	0
25	0	0
35	0	0
45	0	0
55	0	0
65	0	0
75	0.00248492	0
85	0.000828307	0
95	0.00248492	0
105	0.00414154	0
115	0.00165661	0
125	0.00662646	0
135	0.00911138	0
145	0.00496984	0.00540488
155	0.00579815	0
165	0.00828307	0
175	0.00745476	0
185	0.00662646	0
195	0.00993969	0
205	0.0140812	0
215	0.00331323	0.00540488
225	0.0115963	0
235	0.00911138	0
245	0.00579815	0
255	0.0132529	0
265	0.00579815	0
275	0.00828307	0
285	0.00662646	0
295	0.00745476	0
305	0.00579815	0
315	0.00496984	0
325	0.00496984	0
335	0.00248492	0
345	0.00745476	0
355	0.00579815	0
365	0.00414154	0
375	0.00414154	0
385	0.00828307	0
395	0.00331323	0
405	0.00331323	0
415	0.00496984	0
425	0.00662646	0
435	0.00579815	0
445	0.00414154	0
455	0.00165661	0
465	0.00828307	0
475	0.00331323	0
485	0.000828307	0
495	0	0
505	0.00165661	0
515	0.000828307	0
525	0.00165661	0
535	0.00165661	0
545	0	0
555	0.00248492	0
565	0.00331323	0
575	0.00165661	0
585	0.00165661	0
595	0.000828307	0
605	0	0
615	0.00165661	0
625	0.000828307	0
635	0.000828307	0
645	0.000828307	0
655	0.000828307	0
665	0.000828307	0
675	0	0
685	0	0
695	0.000828307	0
705	0.000828307	0
715	0	0
725	0	0
735	0.00165661	0
745	0	0
755	0	0
765	0.000828307	0
775	0	0
785	0	0
795	0	0
805	0.000828307	0
815	0	0
825	0.000828307	0
835	0	0
845	0	0
855	0	0
865	0	0
875	0	0
885	0	0
895	0	0
905	0	0
915	0	0
925	0.000828307	0
935	0	0.00540488
945	0	0
955	0	0
965	0	0
975	0	0
985	0	0
995	0.000828307	0
1005	0	0
1015	0	0
1025	0	0
1035	0	0
1045	0	0
1055	0	0
1065	0	0
1075	0	0
1085	0	0
1095	0	0
1105	0.000828307	0
1115	0	0
1125	0	0
1135	0	0
1145	0	0
1155	0	0
1165	0.000828307	0
1175	0	0
1185	0	0
1195	0	0
