FG time = 3004.23	BG time = 485.418
5	0	0
15	0	0
25	0	0
35	0.000332864	0
45	0.00299578	0
55	0.0183075	0.00412016
65	0.0382794	0.00412016
75	0.0818845	0.0103004
85	0.121828	0.0123605
95	0.143464	0.00412016
105	0.166765	0.00412016
115	0.178748	0.00206008
125	0.207041	0.00412016
135	0.216362	0.00206008
145	0.247984	0.00412016
155	0.237665	0.00206008
165	0.272948	0.00206008
175	0.287262	0
185	0.293919	0
195	0.313558	0.00412016
205	0.299245	0.00206008
215	0.317552	0.00206008
225	0.308232	0.00412016
235	0.317885	0.00206008
245	0.338523	0
255	0.336525	0.00206008
265	0.351504	0.00206008
275	0.325208	0.00412016
285	0.33586	0
295	0.349507	0.00206008
305	0.325541	0.00206008
315	0.32421	0.00206008
325	0.342184	0.00412016
335	0.327205	0
345	0.308565	0.00206008
355	0.316221	0.00206008
365	0.295583	0.00206008
375	0.307233	0
385	0.299245	0
395	0.279273	0
405	0.291922	0.00206008
415	0.28127	0.00618024
425	0.278607	0.00412016
435	0.257304	0
445	0.2603	0.00206008
455	0.246985	0
465	0.220356	0.00206008
475	0.215696	0.00206008
485	0.220023	0
495	0.21037	0.00618024
505	0.211369	0
515	0.199718	0
525	0.177416	0.00206008
535	0.173755	0
545	0.167098	0.00206008
555	0.154116	0
565	0.15112	0.00206008
575	0.14413	0.00206008
585	0.137473	0
595	0.119498	0
605	0.119498	0.00412016
615	0.108847	0.00206008
625	0.0961977	0.00206008
635	0.0755601	0.00206008
645	0.0742287	0
655	0.0642427	0
665	0.0652413	0
675	0.056254	0
685	0.0499296	0
695	0.0456024	0
705	0.0339521	0.00206008
715	0.0322878	0
725	0.0252977	0.00206008
735	0.0223019	0
745	0.0166432	0
755	0.0149789	0
765	0.0143132	0
775	0.0113174	0.00412016
785	0.00632442	0
795	0.00532582	0
805	0.00565869	0.00618024
815	0.00266291	0.00412016
825	0.00233005	0
835	0.00133146	0.00412016
845	0.00166432	0.00618024
855	0.00266291	0
865	0.000998592	0
875	0.00133146	0
885	0	0.00206008
895	0.000998592	0
905	0.00166432	0
915	0.00133146	0
925	0.000332864	0
935	0.00299578	0.00824032
945	0.00166432	0
955	0.00233005	0.00412016
965	0.00133146	0.00206008
975	0.00266291	0.00206008
985	0.00266291	0.00412016
995	0.00233005	0
1005	0.000998592	0.00412016
1015	0.00233005	0.00206008
1025	0.00166432	0
1035	0.000332864	0.00206008
1045	0.00133146	0.00206008
1055	0.00133146	0.00206008
1065	0.000998592	0.00206008
1075	0.00133146	0
1085	0.000998592	0.00412016
1095	0.00199718	0
1105	0.000665728	0.00206008
1115	0.00166432	0
1125	0.00133146	0
1135	0.000998592	0.00206008
1145	0.000998592	0
1155	0.000998592	0.00206008
1165	0	0
1175	0.00199718	0
1185	0.00233005	0.00206008
1195	0.00166432	0
