FG time = 3244.43	BG time = 493.608
5	0	0
15	0	0
25	0	0
35	0	0
45	0.00523975	0
55	0.0376029	0.00607769
65	0.0909251	0.0040518
75	0.139316	0.00607769
85	0.17846	0.0101295
95	0.204659	0.0121554
105	0.226234	0.0040518
115	0.249042	0.00607769
125	0.25983	0.0101295
135	0.279864	0
145	0.269693	0.00810359
155	0.28233	0
165	0.298666	0.0020259
175	0.300515	0.0020259
185	0.325789	0.00810359
195	0.333187	0.00607769
205	0.3187	0.0040518
215	0.343666	0
225	0.355379	0.0020259
235	0.355995	0.0020259
245	0.354762	0.0040518
255	0.347673	0
265	0.336577	0
275	0.354146	0
285	0.338735	0.0020259
295	0.333495	0.0020259
305	0.345824	0
315	0.335652	0.0020259
325	0.339967	0
335	0.33781	0.0040518
345	0.310687	0.0020259
355	0.310995	0
365	0.323324	0
375	0.30668	0
385	0.291269	0
395	0.290652	0
405	0.303906	0.0040518
415	0.276474	0.0020259
425	0.266303	0.0020259
435	0.256131	0.0020259
445	0.250275	0.0020259
455	0.257056	0
465	0.257981	0.0020259
475	0.233015	0
485	0.208974	0
495	0.220378	0.0020259
505	0.202809	0
515	0.187706	0
525	0.168289	0.0020259
535	0.171987	0.0020259
545	0.165206	0.0020259
555	0.157501	0
565	0.144864	0
575	0.128836	0.0020259
585	0.123288	0
595	0.117432	0
605	0.111576	0
615	0.101405	0
625	0.0896922	0
635	0.0727401	0
645	0.0773634	0
655	0.0662675	0.0020259
665	0.0564044	0.0040518
675	0.0570208	0.00607769
685	0.0490071	0
695	0.0397605	0.0020259
705	0.039144	0
715	0.0252741	0
725	0.026507	0
735	0.0218837	0.00607769
745	0.0197261	0.0020259
755	0.015411	0.0020259
765	0.0120206	0.0040518
775	0.00678086	0.0040518
785	0.00801374	0
795	0.00339043	0.0040518
805	0.00462331	0
815	0.00215755	0
825	0.00215755	0.0020259
835	0.00246577	0
845	0.0015411	0
855	0.000616441	0
865	0.000924662	0.0020259
875	0	0
885	0.00123288	0.0020259
895	0.000616441	0.0020259
905	0.000616441	0.0020259
915	0.000924662	0.0020259
925	0.00123288	0
935	0.00184932	0.0020259
945	0.000616441	0
955	0.000924662	0
965	0.00123288	0.0020259
975	0.00123288	0
985	0.00123288	0
995	0.0015411	0
1005	0.00215755	0.0020259
1015	0.00123288	0
1025	0.000924662	0.00607769
1035	0.00123288	0
1045	0.00184932	0
1055	0.00123288	0.0040518
1065	0.000924662	0.0040518
1075	0.000924662	0
1085	0.000924662	0
1095	0.000308221	0
1105	0.000924662	0
1115	0.000308221	0.0020259
1125	0.00184932	0
1135	0.000308221	0
1145	0.00123288	0
1155	0.00215755	0.0020259
1165	0.000924662	0.0040518
1175	0.000616441	0
1185	0.00123288	0.0020259
1195	0.000616441	0
