FG time = 2417.96	BG time = 494.37
5	0	0
15	0	0
25	0	0
35	0	0
45	0	0
55	0.00496287	0
65	0.0293636	0.00404555
75	0.074443	0.0101139
85	0.0922266	0.00404555
95	0.103393	0.0080911
105	0.101739	0.00606833
115	0.0976031	0.0101139
125	0.119936	0.00202278
135	0.107942	0.0101139
145	0.133584	0.00606833
155	0.132343	0.00202278
165	0.152608	0.00606833
175	0.139787	0
185	0.127794	0
195	0.124899	0.00606833
205	0.143096	0
215	0.123658	0.00202278
225	0.138133	0
235	0.128621	0
245	0.146818	0.00202278
255	0.117041	0.00404555
265	0.13193	0
275	0.142682	0.00202278
285	0.124072	0
295	0.117455	0.00202278
305	0.126553	0.00404555
315	0.139374	0.00202278
325	0.12159	0
335	0.116214	0
345	0.12614	0.00202278
355	0.107115	0
365	0.112492	0
375	0.114146	0
385	0.106702	0.00202278
395	0.114146	0.00404555
405	0.111251	0
415	0.109183	0.00202278
425	0.094708	0
435	0.0971895	0.00202278
445	0.0963623	0
455	0.0789923	0
465	0.0930538	0.00202278
475	0.0827145	0
485	0.0839552	0.00202278
495	0.0752702	0.00202278
505	0.0748566	0
515	0.0632766	0
525	0.0727887	0.00404555
535	0.0674123	0
545	0.0574865	0
555	0.0525237	0
565	0.051283	0
575	0.0504558	0
585	0.0417708	0.00202278
595	0.0384622	0
605	0.0359808	0
615	0.0355672	0
625	0.0285365	0
635	0.0264686	0
645	0.0235736	0
655	0.0235736	0
665	0.0252279	0
675	0.0181972	0.00202278
685	0.0198515	0
695	0.0161293	0.00404555
705	0.0111665	0
715	0.00868502	0
725	0.0074443	0.00202278
735	0.00579001	0
745	0.00496287	0
755	0.00413572	0
765	0.00496287	0
775	0.00206786	0
785	0.00289501	0
795	0.00248143	0
805	0.00165429	0.00202278
815	0.00413572	0.00404555
825	0.00206786	0
835	0.000827145	0.00202278
845	0.000827145	0
855	0.00124072	0.00606833
865	0.00206786	0
875	0.000827145	0
885	0.000827145	0.00202278
895	0.00165429	0
905	0.00124072	0.00202278
915	0.00165429	0
925	0.00165429	0.00202278
935	0.00165429	0
945	0.000413572	0
955	0.00124072	0
965	0.000413572	0
975	0.00124072	0.00202278
985	0.00124072	0.00404555
995	0	0
1005	0.000413572	0
1015	0.00124072	0
1025	0.00165429	0
1035	0.00206786	0
1045	0.00124072	0
1055	0.000827145	0
1065	0.00124072	0.00202278
1075	0.00124072	0.00202278
1085	0.00124072	0
1095	0.00124072	0
1105	0.000413572	0.00202278
1115	0.000827145	0
1125	0.00124072	0
1135	0	0.00202278
1145	0.00124072	0
1155	0	0
1165	0.00206786	0.00202278
1175	0.000413572	0
1185	0.00289501	0.00202278
1195	0.000827145	0
