FG time = 3604.69	BG time = 485.064
5	0	0
15	0	0
25	0	0
35	0	0
45	0	0
55	0	0
65	0	0
75	0	0
85	0	0
95	0	0
105	0	0
115	0	0
125	0.000277416	0
135	0.000277416	0
145	0.000832248	0
155	0.000277416	0.00206158
165	0.00138708	0
175	0.000277416	0
185	0.00249674	0
195	0.0016645	0
205	0.00221933	0
215	0.00305158	0
225	0.00277416	0
235	0.00305158	0
245	0.00388382	0
255	0.00582574	0.00206158
265	0.00388382	0.00206158
275	0.00610315	0
285	0.00665799	0
295	0.00499349	0
305	0.00638057	0
315	0.00554832	0
325	0.00554832	0
335	0.00554832	0.00206158
345	0.00499349	0
355	0.00443866	0.00206158
365	0.00610315	0
375	0.0069354	0
385	0.00610315	0
395	0.00832248	0
405	0.00554832	0.00412316
415	0.00443866	0
425	0.00499349	0
435	0.00416124	0
445	0.00582574	0.00206158
455	0.0052709	0
465	0.0052709	0
475	0.00416124	0
485	0.00471607	0
495	0.00582574	0
505	0.00499349	0
515	0.00443866	0
525	0.0052709	0
535	0.00471607	0
545	0.00388382	0
555	0.00388382	0
565	0.00416124	0
575	0.00305158	0.00206158
585	0.00416124	0
595	0.00443866	0.00206158
605	0.00277416	0
615	0.00138708	0
625	0.00305158	0.00206158
635	0.00332899	0
645	0.00332899	0.00206158
655	0.00194191	0.00206158
665	0.00110966	0
675	0.0016645	0.00206158
685	0.00194191	0
695	0.000554832	0
705	0.00138708	0
715	0.00249674	0
725	0.000554832	0.00618475
735	0.000554832	0.00206158
745	0.00138708	0
755	0.00110966	0
765	0.00194191	0
775	0.000832248	0
785	0.00138708	0
795	0.000554832	0
805	0.000554832	0.00412316
815	0.000277416	0
825	0.000554832	0
835	0.000554832	0
845	0.000554832	0
855	0.000554832	0
865	0.0016645	0.00206158
875	0.000832248	0
885	0.000554832	0
895	0.000832248	0
905	0.000554832	0
915	0.000832248	0
925	0.000277416	0.00206158
935	0.000832248	0.00206158
945	0.000277416	0
955	0.00221933	0
965	0	0
975	0.000832248	0
985	0.000554832	0
995	0.00110966	0
1005	0.000554832	0.00206158
1015	0.000554832	0
1025	0.000554832	0.00206158
1035	0	0
1045	0.000277416	0.00206158
1055	0.000832248	0
1065	0.000277416	0
1075	0.000554832	0
1085	0.000554832	0
1095	0.00110966	0.00206158
1105	0.000554832	0
1115	0.000554832	0
1125	0.000832248	0
1135	0.00138708	0
1145	0.000832248	0
1155	0.00138708	0
1165	0.000554832	0
1175	0	0.00206158
1185	0.00110966	0.00206158
1195	0.000832248	0
