FG time = 2237.41	BG time = 494.457
5	0	0
15	0	0
25	0	0
35	0	0
45	0	0
55	0	0
65	0	0
75	0	0
85	0	0
95	0	0
105	0.000446946	0
115	0.00223473	0
125	0.00223473	0
135	0.00223473	0
145	0.00402251	0.00202242
155	0.00312862	0.00202242
165	0.00446946	0
175	0.00446946	0
185	0.00625724	0
195	0.00536335	0
205	0.0058103	0.00202242
215	0.00178778	0
225	0.00536335	0.00202242
235	0.00357557	0.00202242
245	0.00446946	0.00202242
255	0.00402251	0.00202242
265	0.00357557	0.00202242
275	0.00402251	0
285	0.00312862	0
295	0.00178778	0
305	0.00312862	0
315	0.00402251	0
325	0.00357557	0
335	0.00134084	0
345	0.00178778	0
355	0.000893892	0
365	0.00134084	0
375	0.00223473	0
385	0.00134084	0
395	0.000446946	0.00202242
405	0.000446946	0
415	0.000893892	0
425	0.000893892	0
435	0.000893892	0
445	0.00223473	0
455	0.00134084	0
465	0.000446946	0
475	0.00223473	0.00202242
485	0.000446946	0
495	0.000893892	0
505	0	0
515	0.000893892	0
525	0.000446946	0
535	0.000893892	0
545	0.000446946	0
555	0.000446946	0
565	0.000446946	0
575	0.000446946	0
585	0	0.00202242
595	0.000446946	0
605	0	0
615	0	0
625	0	0
635	0.000446946	0
645	0.000446946	0.00202242
655	0	0
665	0	0
675	0	0
685	0.000446946	0
695	0.000446946	0
705	0	0
715	0	0
725	0	0
735	0	0
745	0	0
755	0	0
765	0.000446946	0
775	0	0
785	0	0
795	0	0
805	0.000446946	0
815	0	0
825	0	0
835	0	0
845	0.000446946	0
855	0	0
865	0	0
875	0	0
885	0	0
895	0	0
905	0	0
915	0	0
925	0	0
935	0	0
945	0.000446946	0
955	0	0
965	0	0
975	0	0
985	0	0
995	0	0.00202242
1005	0	0
1015	0	0
1025	0.000446946	0
1035	0	0
1045	0	0
1055	0	0
1065	0	0
1075	0.000446946	0
1085	0	0
1095	0	0
1105	0.000446946	0
1115	0	0
1125	0	0
1135	0	0
1145	0	0
1155	0.000446946	0
1165	0	0
1175	0	0
1185	0	0
1195	0	0
