FG time = 2388.12	BG time = 494.845
5	0	0
15	0	0
25	0	0
35	0	0
45	0	0
55	0	0
65	0	0
75	0	0
85	0	0
95	0	0
105	0.000418739	0
115	0.00334991	0
125	0.00293117	0
135	0.00502487	0.00202083
145	0.00921226	0.00404167
155	0.00669982	0.00404167
165	0.00879352	0
175	0.0100497	0.00202083
185	0.00795604	0.00202083
195	0.0100497	0
205	0.00669982	0
215	0.00921226	0
225	0.00837478	0
235	0.00879352	0
245	0.00628109	0
255	0.00460613	0.00202083
265	0.00669982	0
275	0.00544361	0.00202083
285	0.00418739	0
295	0.00711856	0
305	0.00418739	0.00202083
315	0.00251243	0.00202083
325	0.000837478	0
335	0.00251243	0
345	0.00293117	0
355	0.00334991	0
365	0.00167496	0
375	0.00167496	0
385	0.00251243	0
395	0.00293117	0
405	0.00251243	0
415	0.00125622	0
425	0.00251243	0
435	0.0020937	0
445	0.00251243	0
455	0.00125622	0.00202083
465	0.000837478	0
475	0.00125622	0
485	0.000418739	0
495	0.00167496	0
505	0.00167496	0
515	0.000418739	0.00404167
525	0.00293117	0
535	0.000837478	0.00202083
545	0.00125622	0
555	0.000418739	0
565	0.000837478	0
575	0.00167496	0
585	0.000837478	0
595	0.000418739	0
605	0.000837478	0
615	0	0
625	0.000418739	0
635	0.000418739	0
645	0.00125622	0
655	0	0
665	0.000418739	0
675	0.000418739	0
685	0.000837478	0
695	0.000418739	0
705	0	0
715	0	0
725	0	0
735	0.000837478	0
745	0	0
755	0	0
765	0.000837478	0
775	0.000837478	0
785	0	0
795	0	0
805	0	0
815	0.000418739	0
825	0	0
835	0.000418739	0
845	0.000418739	0
855	0	0
865	0	0
875	0.000418739	0
885	0.000418739	0.00202083
895	0.000418739	0
905	0	0
915	0.000418739	0
925	0	0
935	0	0
945	0	0
955	0	0
965	0	0
975	0	0
985	0.000418739	0
995	0	0
1005	0	0
1015	0	0
1025	0	0
1035	0	0
1045	0	0
1055	0	0
1065	0	0
1075	0	0
1085	0	0
1095	0	0
1105	0	0
1115	0.000418739	0
1125	0	0
1135	0	0
1145	0.000418739	0
1155	0	0
1165	0	0
1175	0	0
1185	0	0
1195	0	0
