FG time = 2704.65	BG time = 424.879
5	0	0
15	0	0
25	0	0
35	0.000369733	0
45	0.00369733	0
55	0.0162683	0.00470722
65	0.0425193	0.00470722
75	0.0717283	0.0141217
85	0.0928031	0.00235361
95	0.107223	0.00470722
105	0.122012	0.00706083
115	0.159725	0.00235361
125	0.150851	0.00235361
135	0.179321	0.00470722
145	0.197068	0.00470722
155	0.205572	0
165	0.233302	0.00235361
175	0.237739	0.00235361
185	0.232932	0.00470722
195	0.259553	0.00235361
205	0.244024	0.00235361
215	0.273972	0.00235361
225	0.247352	0.00235361
235	0.275082	0
245	0.300593	0
255	0.261771	0
265	0.27767	0
275	0.274342	0
285	0.27693	0
295	0.273972	0
305	0.273233	0.00235361
315	0.269166	0
325	0.29135	0
335	0.275451	0
345	0.260292	0
355	0.271384	0.00235361
365	0.26362	0
375	0.283585	0
385	0.26325	0
395	0.240327	0
405	0.236999	0
415	0.234411	0
425	0.212597	0.00235361
435	0.229974	0
445	0.213336	0
455	0.20853	0
465	0.183388	0
475	0.194849	0
485	0.175623	0
495	0.181539	0
505	0.162683	0
515	0.170817	0.00235361
525	0.151591	0
535	0.1527	0
545	0.134583	0
555	0.116096	0
565	0.120163	0
575	0.114987	0.00235361
585	0.109811	0.00235361
595	0.0894755	0
605	0.0928031	0.00235361
615	0.0787532	0
625	0.0684007	0.00235361
635	0.0658125	0.00235361
645	0.0658125	0.00235361
655	0.0569389	0
665	0.0432588	0
675	0.0417799	0
685	0.0303181	0
695	0.0258813	0
705	0.0210748	0.00470722
715	0.0218143	0
725	0.0244024	0
735	0.0122012	0
745	0.0122012	0
755	0.0099828	0.00470722
765	0.00739467	0
775	0.00628547	0
785	0.00369733	0.00470722
795	0.00702493	0
805	0.0011092	0.00235361
815	0.00258813	0
825	0.00258813	0
835	0.0011092	0
845	0.00147893	0
855	0	0.00235361
865	0.00258813	0
875	0.0011092	0
885	0	0.00235361
895	0.000739467	0
905	0.000739467	0.00235361
915	0	0
925	0.000739467	0
935	0.000739467	0.00235361
945	0	0.00235361
955	0.000739467	0
965	0.0011092	0.00235361
975	0.000369733	0
985	0.0011092	0
995	0.000369733	0
1005	0.00147893	0
1015	0.000739467	0
1025	0.0011092	0.00235361
1035	0.000739467	0
1045	0.000369733	0.00470722
1055	0.000369733	0
1065	0.000369733	0.00706083
1075	0.0011092	0
1085	0.000739467	0
1095	0.000739467	0
1105	0.000739467	0
1115	0.000739467	0
1125	0.000369733	0
1135	0.00258813	0.00235361
1145	0.000369733	0.00235361
1155	0.000369733	0
1165	0	0.00235361
1175	0.000739467	0
1185	0.000739467	0.00470722
1195	0.000739467	0
