FG time = 2324.1	BG time = 480.27
5	0	0
15	0	0
25	0	0
35	0.000430274	0
45	0.00258164	0
55	0.0111871	0.00208216
65	0.0542145	0.00208216
75	0.0740071	0.00416433
85	0.0783099	0.00832865
95	0.09423	0
105	0.111871	0.012493
115	0.128652	0
125	0.135106	0.00624649
135	0.150166	0.00416433
145	0.164365	0.00624649
155	0.174261	0
165	0.165656	0.00208216
175	0.173831	0
185	0.18846	0.00416433
195	0.175122	0
205	0.173831	0.00208216
215	0.17254	0.00416433
225	0.17297	0.00208216
235	0.178564	0.00208216
245	0.184588	0.00416433
255	0.191042	0.00208216
265	0.185448	0.00208216
275	0.191042	0.00208216
285	0.178133	0
295	0.193623	0.00624649
305	0.178133	0
315	0.182436	0.00416433
325	0.190611	0.00416433
335	0.166946	0.00208216
345	0.157911	0
355	0.17254	0.00208216
365	0.178994	0
375	0.17211	0
385	0.154468	0.00208216
395	0.145002	0.00208216
405	0.149305	0
415	0.149305	0.00208216
425	0.131234	0
435	0.153608	0.00208216
445	0.131234	0.00208216
455	0.131234	0.00208216
465	0.132955	0
475	0.114453	0
485	0.113592	0
495	0.11058	0.00208216
505	0.11058	0.00208216
515	0.108429	0.00208216
525	0.0972419	0
535	0.0907878	0
545	0.0740071	0.00416433
555	0.0757282	0
565	0.0796007	0
575	0.0770191	0
585	0.0722861	0
595	0.0606686	0.00208216
605	0.0473302	0
615	0.048621	0
625	0.0503421	0
635	0.0400155	0
645	0.0395852	0
655	0.0322706	0.00208216
665	0.0331311	0.00208216
675	0.0228045	0
685	0.0258164	0
695	0.0232348	0.00208216
705	0.0202229	0.00208216
715	0.0176412	0
725	0.0107569	0.00208216
735	0.0146293	0.00208216
745	0.00731466	0.00208216
755	0.00774493	0.00208216
765	0.00774493	0.00208216
775	0.00387247	0
785	0.00516329	0.00208216
795	0.00559356	0.00208216
805	0.00344219	0
815	0.00129082	0
825	0.00215137	0
835	0.00129082	0.00416433
845	0.000430274	0
855	0.00258164	0
865	0.00129082	0
875	0.00258164	0
885	0.000860548	0
895	0.00258164	0
905	0.0017211	0
915	0.0017211	0
925	0.000430274	0.00416433
935	0.00129082	0
945	0.00215137	0
955	0.000430274	0
965	0.00129082	0
975	0.00129082	0
985	0.0017211	0
995	0.000430274	0
1005	0.000430274	0.00208216
1015	0.00129082	0
1025	0.000430274	0
1035	0.0017211	0
1045	0.00215137	0
1055	0.000430274	0.00416433
1065	0.000430274	0.00416433
1075	0.000430274	0
1085	0.000860548	0.00208216
1095	0.00301192	0
1105	0.000860548	0.00416433
1115	0.000430274	0
1125	0.00129082	0.00208216
1135	0.00129082	0
1145	0.00129082	0.00208216
1155	0	0
1165	0.0017211	0
1175	0.00129082	0
1185	0.00129082	0.00208216
1195	0.00129082	0
