FG time = 3312.24	BG time = 733.182
5	0	0
15	0	0
25	0	0
35	0	0
45	0.0027172	0.00136392
55	0.0178127	0.00272784
65	0.0501172	0.0122753
75	0.0941961	0.0122753
85	0.121368	0.00545567
95	0.143408	0.00818351
105	0.165749	0.00818351
115	0.164541	0.0150031
125	0.174806	0.00409175
135	0.184467	0.00681959
145	0.182958	0.00818351
155	0.197148	0.00409175
165	0.200771	0.00409175
175	0.209224	0.00272784
185	0.223112	0.00409175
195	0.22432	0.00272784
205	0.22281	0
215	0.220093	0
225	0.222508	0.00272784
235	0.244849	0
245	0.217074	0.00272784
255	0.222206	0
265	0.22432	0.00136392
275	0.231867	0.00136392
285	0.212847	0.00545567
295	0.213149	0.00409175
305	0.222206	0.00272784
315	0.226433	0
325	0.222206	0.00409175
335	0.224923	0
345	0.208016	0.00409175
355	0.198657	0.00681959
365	0.191109	0.00409175
375	0.201072	0.00409175
385	0.195336	0.00272784
395	0.185977	0.00818351
405	0.19443	0.00136392
415	0.180844	0.00136392
425	0.180241	0.00272784
435	0.166051	0.00272784
445	0.169372	0.00272784
455	0.152767	0.00272784
465	0.145823	0.00136392
475	0.152767	0
485	0.141898	0.00272784
495	0.128614	0
505	0.131331	0.00272784
515	0.128916	0.00409175
525	0.118349	0.00272784
535	0.11533	0.00136392
545	0.110801	0.00409175
555	0.0984228	0.00409175
565	0.0984228	0.00545567
575	0.0757796	0.00272784
585	0.0778929	0.00681959
595	0.0784968	0.00545567
605	0.0739681	0
615	0.0637031	0
625	0.0531363	0.00136392
635	0.0504191	0.00272784
645	0.0480038	0.00272784
655	0.0419656	0.00272784
665	0.0416637	0.00545567
675	0.030493	0.00272784
685	0.027172	0.00272784
695	0.0220395	0.00409175
705	0.0250586	0.00272784
715	0.0175108	0.00681959
725	0.0172089	0.00136392
735	0.0153974	0
745	0.0105669	0
755	0.00935923	0.00409175
765	0.0084535	0.00272784
775	0.00422675	0
785	0.00483057	0.00681959
795	0.00634012	0.00409175
805	0.00603821	0.00409175
815	0.00422675	0.00272784
825	0.00301911	0.00272784
835	0.00211337	0.00136392
845	0.00422675	0.00136392
855	0.00241528	0.00272784
865	0.000905732	0
875	0.00120764	0.00409175
885	0.00211337	0.00409175
895	0.000905732	0.00136392
905	0.00392484	0.00409175
915	0.00241528	0.00409175
925	0.00332102	0
935	0.0027172	0
945	0.00211337	0.00272784
955	0.00211337	0.00272784
965	0.0027172	0.00545567
975	0.00150955	0.00136392
985	0.00392484	0.00136392
995	0.0027172	0.00136392
1005	0.00120764	0
1015	0.00150955	0.00409175
1025	0.00301911	0.00272784
1035	0.00241528	0.00136392
1045	0.000905732	0.00136392
1055	0.00181146	0.00272784
1065	0.00211337	0.00272784
1075	0.00150955	0.00136392
1085	0.00211337	0.00136392
1095	0.00211337	0.00136392
1105	0.00362293	0.00272784
1115	0.0027172	0
1125	0.00150955	0.00409175
1135	0.00181146	0
1145	0.0027172	0.00136392
1155	0.000905732	0.00409175
1165	0.000905732	0.00272784
1175	0.000603821	0.00136392
1185	0.00211337	0.00272784
1195	0.00150955	0.00272784
