FG time = 3319.23	BG time = 734.561
5	0	0
15	0	0
25	0	0
35	0	0
45	0.000301275	0.00272271
55	0.00512167	0.00136136
65	0.012051	0
75	0.0265122	0.00544543
85	0.0352491	0.00680678
95	0.049409	0.00272271
105	0.0554345	0.00680678
115	0.0665817	0.00272271
125	0.0671842	0.00272271
135	0.073511	0.00544543
145	0.0756199	0.00544543
155	0.0882735	0.00272271
165	0.0864658	0.00272271
175	0.0930939	0.00136136
185	0.0936964	0
195	0.0994206	0.00136136
205	0.111773	0.00136136
215	0.0991193	0.00272271
225	0.106952	0.00680678
235	0.103638	0.00136136
245	0.104844	0
255	0.115689	0.00408407
265	0.115087	0.00136136
275	0.102132	0.00136136
285	0.110869	0.00272271
295	0.111472	0.00272271
305	0.105747	0
315	0.114484	0.00136136
325	0.0997219	0
335	0.100023	0.00136136
345	0.10394	0.00136136
355	0.0988181	0.00136136
365	0.094299	0.00408407
375	0.100626	0.00136136
385	0.097613	0
395	0.0979142	0.00136136
405	0.097613	0.00136136
415	0.0876709	0.00272271
425	0.0927926	0.00136136
435	0.0846582	0.00136136
445	0.080139	0.00272271
455	0.0876709	0
465	0.0810429	0.00136136
475	0.0750174	0
485	0.0659791	0.00136136
495	0.0650753	0.00136136
505	0.0659791	0.00272271
515	0.0620626	0
525	0.0572422	0.00136136
535	0.0551333	0.00136136
545	0.0524218	0.00272271
555	0.0527231	0.00136136
565	0.0448899	0
575	0.049409	0.00272271
585	0.042781	0.00408407
595	0.0439861	0.00136136
605	0.036153	0.00544543
615	0.0298262	0
625	0.0328389	0.00136136
635	0.0292236	0.00136136
645	0.0192816	0
655	0.0234994	0.00272271
665	0.0198841	0.00272271
675	0.0231981	0.00136136
685	0.0165701	0.00544543
695	0.018679	0.00680678
705	0.0126535	0.00136136
715	0.0105446	0
725	0.00753187	0
735	0.0102433	0.00136136
745	0.00662804	0
755	0.00482039	0.00272271
765	0.00512167	0.00408407
775	0.00662804	0.00272271
785	0.00391657	0.00136136
795	0.00271147	0
805	0.0012051	0.00408407
815	0.0036153	0
825	0.00180765	0
835	0.00180765	0
845	0.00150637	0.00136136
855	0.0024102	0.00136136
865	0.00180765	0.00136136
875	0.00150637	0.00136136
885	0.000903824	0.00136136
895	0.00271147	0.00136136
905	0.00271147	0.00272271
915	0.00180765	0.00544543
925	0.00210892	0.00272271
935	0	0
945	0.00180765	0.00408407
955	0.00331402	0.00272271
965	0.00150637	0
975	0.0024102	0.00136136
985	0.000602549	0.00272271
995	0.0012051	0.00136136
1005	0.000602549	0.00272271
1015	0.00180765	0.00136136
1025	0.0012051	0
1035	0.00180765	0.00136136
1045	0.000301275	0.00136136
1055	0.00150637	0.00136136
1065	0.0024102	0.00408407
1075	0.00150637	0.00136136
1085	0.00210892	0
1095	0.00271147	0
1105	0.0012051	0.00272271
1115	0.000602549	0
1125	0.000903824	0.00272271
1135	0.000602549	0.00272271
1145	0.000903824	0.00136136
1155	0.00150637	0.00272271
1165	0.000602549	0
1175	0.00150637	0.00136136
1185	0.000903824	0.00272271
1195	0.000903824	0.00136136
