FG time = 3004.76	BG time = 485.89
5	0	0
15	0	0
25	0	0
35	0	0
45	0.00565768	0
55	0.0352773	0.00205808
65	0.0702218	0.00411615
75	0.103502	0
85	0.125467	0.0123485
95	0.138114	0.00617423
105	0.151426	0.00411615
115	0.181046	0
125	0.184374	0.0102904
135	0.183375	0.00823231
145	0.181046	0.00205808
155	0.200681	0.00411615
165	0.203011	0.0102904
175	0.200349	0.00411615
185	0.19935	0.00617423
195	0.216989	0.00411615
205	0.213994	0.00205808
215	0.231632	0
225	0.200016	0.00205808
235	0.209667	0
245	0.200349	0.0102904
255	0.215658	0.00411615
265	0.190032	0.00205808
275	0.222979	0.00411615
285	0.21233	0.00205808
295	0.213661	0.00205808
305	0.216323	0
315	0.201014	0
325	0.205341	0.00205808
335	0.198019	0
345	0.198352	0.00205808
355	0.209334	0
365	0.203344	0
375	0.190364	0
385	0.194358	0.00411615
395	0.17206	0
405	0.177052	0
415	0.179049	0.00411615
425	0.177718	0.00205808
435	0.166735	0
445	0.164406	0.00205808
455	0.15542	0.00205808
465	0.143439	0
475	0.157084	0.00205808
485	0.131458	0
495	0.139112	0.00205808
505	0.1258	0
515	0.114485	0
525	0.124136	0.00205808
535	0.117147	0
545	0.0945166	0
555	0.095515	0.00205808
565	0.0898573	0
575	0.0951822	0
585	0.069889	0
595	0.0871949	0.00205808
605	0.0702218	0.00205808
615	0.0615689	0.00205808
625	0.0532488	0.00205808
635	0.0595721	0
645	0.0525832	0.00205808
655	0.044263	0
665	0.0389382	0
675	0.0339461	0.00205808
685	0.0326149	0.00205808
695	0.0296196	0.00205808
705	0.0212995	0.00205808
715	0.0212995	0.00411615
725	0.0189699	0.00205808
735	0.0166402	0.00411615
745	0.0133122	0
755	0.00898573	0
765	0.0116482	0.00205808
775	0.00732171	0
785	0.00565768	0.00617423
795	0.0066561	0
805	0.00332805	0
815	0.00332805	0
825	0.00432646	0.00411615
835	0.00532488	0.00205808
845	0.00166402	0.00205808
855	0.00133122	0
865	0.00299524	0
875	0.00232963	0.00205808
885	0.00266244	0
895	0.000998415	0.00205808
905	0.000998415	0.00205808
915	0.00199683	0.00205808
925	0.00166402	0
935	0.00199683	0
945	0.000332805	0
955	0.00166402	0.00411615
965	0.000998415	0.00205808
975	0.00199683	0.00205808
985	0.000998415	0.00205808
995	0.000332805	0
1005	0.00133122	0.00205808
1015	0.00199683	0.00205808
1025	0.00066561	0
1035	0.00199683	0
1045	0.00066561	0
1055	0.000998415	0.00205808
1065	0.000332805	0
1075	0.00133122	0
1085	0.00133122	0
1095	0.00166402	0
1105	0.00066561	0
1115	0.00133122	0
1125	0.000998415	0.00205808
1135	0.00232963	0.00617423
1145	0.00133122	0
1155	0.000998415	0.00617423
1165	0.00166402	0.00411615
1175	0.000332805	0
1185	0	0.00205808
1195	0.00066561	0
