FG time = 3599.34	BG time = 486.207
5	0	0
15	0	0
25	0.000555658	0
35	0.000833487	0
45	0.00583441	0
55	0.0305612	0.00205674
65	0.102519	0.0102837
75	0.176699	0.00617021
85	0.219485	0.00411348
95	0.231154	0.00411348
105	0.258103	0.0102837
115	0.259492	0.00822695
125	0.28922	0.00411348
135	0.280329	0.00205674
145	0.29172	0.00411348
155	0.299222	0
165	0.318392	0
175	0.319225	0
185	0.332561	0.0102837
195	0.327838	0.00411348
205	0.346731	0.00617021
215	0.335895	0
225	0.325893	0.00205674
235	0.337007	0.00411348
245	0.330061	0.00205674
255	0.360066	0
265	0.352565	0.00411348
275	0.34423	0
285	0.337007	0
295	0.349509	0.00205674
305	0.358677	0
315	0.315892	0
325	0.339229	0
335	0.333673	0
345	0.317836	0.00205674
355	0.324504	0
365	0.322837	0.00411348
375	0.308112	0.00205674
385	0.2995	0
395	0.294777	0.00205674
405	0.283663	0
415	0.285053	0.00205674
425	0.283386	0.00205674
435	0.261715	0
445	0.252824	0.00411348
455	0.270605	0
465	0.230042	0
475	0.234488	0
485	0.218096	0
495	0.22143	0.00205674
505	0.212817	0.00205674
515	0.195036	0
525	0.183645	0
535	0.174477	0.00205674
545	0.160585	0.00205674
555	0.159752	0
565	0.147527	0.00205674
575	0.134191	0.00205674
585	0.126968	0
595	0.124745	0.00205674
605	0.122523	0
615	0.103352	0
625	0.0955732	0.00205674
635	0.0939062	0.00205674
645	0.0766808	0.00205674
655	0.0802926	0
665	0.0652898	0
675	0.066679	0
685	0.0547323	0
695	0.0433413	0
705	0.0338951	0.00205674
715	0.0358399	0.00205674
725	0.0305612	0
735	0.0316725	0
745	0.022782	0.00205674
755	0.0202815	0
765	0.019448	0
775	0.00972401	0
785	0.00972401	0
795	0.00750138	0
805	0.00750138	0.00411348
815	0.00833487	0
825	0.00305612	0
835	0.00361178	0.00205674
845	0.00472309	0
855	0.0019448	0
865	0.000833487	0.00205674
875	0.00166697	0
885	0.00138914	0.00205674
895	0.00111132	0
905	0.00138914	0
915	0.000277829	0
925	0.00138914	0
935	0.00138914	0
945	0.000277829	0
955	0.000277829	0
965	0.00111132	0.00205674
975	0.000277829	0
985	0.00138914	0
995	0.00111132	0
1005	0.000833487	0
1015	0.00166697	0
1025	0.000833487	0
1035	0.00166697	0
1045	0.00111132	0
1055	0.000555658	0.00205674
1065	0.000555658	0.00205674
1075	0.00138914	0
1085	0.000833487	0
1095	0.000555658	0.00205674
1105	0.000277829	0
1115	0.00111132	0
1125	0.00138914	0.00205674
1135	0.0019448	0
1145	0.000833487	0
1155	0.000555658	0
1165	0.000555658	0.00205674
1175	0.000277829	0.00411348
1185	0.000555658	0
1195	0.000555658	0
