FG time = 2711.33	BG time = 425.37
5	0	0
15	0	0
25	0	0
35	0.000737646	0
45	0.0081141	0.00235089
55	0.0346694	0.0117545
65	0.064544	0.0188071
75	0.0914681	0.0164563
85	0.104746	0.00940357
95	0.124293	0.0117545
105	0.150111	0.0117545
115	0.153799	0.0117545
125	0.164864	0.00470179
135	0.168183	0.0117545
145	0.178141	0.00470179
155	0.178879	0.00940357
165	0.196583	0.00705268
175	0.185149	0.00940357
185	0.193632	0.00235089
195	0.208754	0.00705268
205	0.209123	0.00470179
215	0.20064	0
225	0.210229	0.00705268
235	0.217974	0.00470179
245	0.21318	0.00470179
255	0.205066	0.00470179
265	0.208016	0.00470179
275	0.216499	0.00470179
285	0.199533	0.00705268
295	0.208385	0.00235089
305	0.202484	0.00235089
315	0.207647	0.00235089
325	0.194001	0.00235089
335	0.19105	0
345	0.198427	0
355	0.195845	0.00235089
365	0.190681	0.00235089
375	0.186256	0
385	0.172978	0.00235089
395	0.18183	0.00235089
405	0.172609	0
415	0.180723	0
425	0.159331	0.00235089
435	0.152324	0.00235089
445	0.154537	0
455	0.149373	0.00470179
465	0.145685	0
475	0.14421	0
485	0.123924	0.00705268
495	0.112491	0
505	0.110647	0
515	0.118392	0
525	0.11286	0
535	0.0962628	0.00470179
545	0.0881487	0
555	0.0837228	0
565	0.0789281	0
575	0.0719205	0
585	0.0722893	0
595	0.0634375	0
605	0.0601181	0
615	0.060487	0
625	0.0564299	0
635	0.0427835	0
645	0.0390952	0
655	0.0343005	0
665	0.0361446	0
675	0.0320876	0
685	0.0280305	0.00235089
695	0.02508	0
705	0.0173347	0
715	0.0129088	0
725	0.010327	0.00235089
735	0.0121712	0.00235089
745	0.0114335	0.00235089
755	0.00663881	0
765	0.00590117	0.00235089
775	0.00442587	0
785	0.00442587	0.00705268
795	0.00405705	0.00235089
805	0.00368823	0.00235089
815	0.00295058	0
825	0.00221294	0
835	0.00147529	0
845	0.00110647	0.00470179
855	0.000737646	0
865	0.00147529	0.00235089
875	0.00184411	0.00235089
885	0.00184411	0.00235089
895	0.000737646	0
905	0.00221294	0.00470179
915	0.000368823	0.00470179
925	0.00110647	0
935	0.000368823	0.00470179
945	0.00110647	0
955	0.000737646	0
965	0.00258176	0.00235089
975	0.000368823	0.00235089
985	0.00184411	0
995	0.00221294	0
1005	0.000737646	0
1015	0.000737646	0.00235089
1025	0.00258176	0
1035	0.00147529	0
1045	0.00147529	0
1055	0.00110647	0.00235089
1065	0.000368823	0.00235089
1075	0.000737646	0
1085	0.00147529	0
1095	0.00147529	0
1105	0.000737646	0
1115	0.00110647	0
1125	0.00110647	0.00470179
1135	0.00110647	0.00470179
1145	0.00110647	0.00235089
1155	0.00110647	0.00235089
1165	0.00221294	0
1175	0.00110647	0.00235089
1185	0.00147529	0
1195	0.00147529	0
