FG time = 3604.19	BG time = 485.311
5	0	0
15	0	0
25	0	0
35	0	0
45	0.000277455	0
55	0.000277455	0
65	0.00110982	0.00206054
75	0.00055491	0
85	0.00138727	0
95	0.00138727	0
105	0.00194218	0
115	0.00166473	0.00206054
125	0.00360691	0
135	0.003052	0
145	0.00416182	0
155	0.00360691	0
165	0.00360691	0
175	0.00277455	0
185	0.00693637	0
195	0.0055491	0
205	0.00582655	0
215	0.00638146	0
225	0.00721383	0
235	0.00665892	0
245	0.00665892	0
255	0.0055491	0.00206054
265	0.00665892	0
275	0.003052	0
285	0.0055491	0
295	0.00443928	0
305	0.00610401	0
315	0.00471673	0.00206054
325	0.00471673	0
335	0.00416182	0
345	0.00388437	0
355	0.00499419	0
365	0.00221964	0
375	0.00332946	0
385	0.00249709	0
395	0.003052	0
405	0.00249709	0
415	0.00277455	0
425	0.003052	0
435	0.00249709	0
445	0.00194218	0
455	0.00360691	0
465	0.000832365	0
475	0.00138727	0
485	0.00332946	0
495	0.00332946	0
505	0.00221964	0
515	0.00138727	0
525	0.00194218	0
535	0.000277455	0
545	0.00138727	0
555	0.00110982	0
565	0.00138727	0
575	0.000832365	0
585	0.00138727	0
595	0.00110982	0
605	0.000277455	0
615	0.00055491	0
625	0.00055491	0
635	0.000832365	0
645	0.000277455	0
655	0.00138727	0
665	0.00055491	0.00206054
675	0	0
685	0.000277455	0.00206054
695	0.000277455	0
705	0	0
715	0.000277455	0
725	0	0
735	0.000277455	0
745	0	0
755	0.000277455	0
765	0	0
775	0	0
785	0	0
795	0	0
805	0	0
815	0	0
825	0	0
835	0	0
845	0.000277455	0
855	0	0
865	0	0
875	0	0
885	0	0
895	0	0
905	0	0
915	0	0
925	0.000277455	0
935	0.000277455	0
945	0	0
955	0	0
965	0	0
975	0	0
985	0	0
995	0	0
1005	0	0
1015	0	0.00206054
1025	0	0
1035	0	0
1045	0	0
1055	0	0
1065	0	0.00206054
1075	0	0
1085	0	0
1095	0	0
1105	0	0
1115	0	0
1125	0.000277455	0
1135	0	0
1145	0	0
1155	0	0
1165	0	0
1175	0	0
1185	0	0
1195	0	0
