FG time = 2334.55	BG time = 364.71
5	0	0
15	0	0
25	0	0
35	0	0
45	0.000428348	0
55	0.000856696	0
65	0.000856696	0
75	0.00128504	0
85	0.00385513	0.0027419
95	0.00342678	0
105	0.00385513	0
115	0.00599687	0
125	0.011137	0
135	0.00642522	0
145	0.00899531	0.0027419
155	0.0107087	0
165	0.00985201	0
175	0.00899531	0.0027419
185	0.0102804	0
195	0.0102804	0
205	0.0102804	0
215	0.0115654	0
225	0.00856696	0
235	0.00771027	0
245	0.00728192	0
255	0.00685357	0
265	0.00728192	0
275	0.00685357	0
285	0.00728192	0
295	0.00599687	0
305	0.00685357	0
315	0.00899531	0
325	0.00385513	0
335	0.00771027	0.0027419
345	0.00471183	0.0027419
355	0.00642522	0
365	0.00685357	0
375	0.00428348	0
385	0.00471183	0
395	0.00599687	0
405	0.00771027	0
415	0.00385513	0
425	0.00299844	0
435	0.00342678	0
445	0.00299844	0.0027419
455	0.00171339	0
465	0.00299844	0
475	0.00385513	0
485	0.00257009	0
495	0.00171339	0
505	0.00171339	0.0027419
515	0.000856696	0
525	0.00342678	0
535	0.00214174	0
545	0.000856696	0
555	0.000856696	0
565	0.00214174	0
575	0.000856696	0
585	0.00257009	0
595	0.00171339	0
605	0.000428348	0
615	0.00128504	0.0027419
625	0.000428348	0
635	0.000856696	0
645	0.00128504	0
655	0.00257009	0
665	0.000428348	0
675	0.000856696	0
685	0.00171339	0
695	0.000428348	0
705	0.000856696	0
715	0	0
725	0.000428348	0
735	0	0
745	0	0
755	0.000428348	0
765	0.00128504	0
775	0.000428348	0
785	0.000428348	0
795	0.000428348	0
805	0	0
815	0	0
825	0	0
835	0	0
845	0	0
855	0	0
865	0	0.0027419
875	0	0
885	0.000428348	0
895	0.00128504	0
905	0	0
915	0	0
925	0	0
935	0	0
945	0	0
955	0	0
965	0	0
975	0	0
985	0	0
995	0	0
1005	0.000428348	0
1015	0	0
1025	0	0
1035	0	0
1045	0	0
1055	0	0
1065	0	0
1075	0.000428348	0
1085	0	0
1095	0	0
1105	0	0
1115	0	0
1125	0.000428348	0
1135	0	0
1145	0	0
1155	0	0
1165	0	0
1175	0.000428348	0
1185	0	0
1195	0	0
