FG time = 3013.01	BG time = 613.762
5	0	0
15	0	0
25	0	0
35	0	0
45	0	0
55	0	0
65	0	0
75	0	0
85	0	0
95	0	0
105	0	0
115	0.000331894	0
125	0.000663788	0
135	0.000995682	0
145	0.00165947	0
155	0.00398273	0
165	0.00199136	0
175	0.00199136	0.0016293
185	0.00464652	0
195	0.00298705	0
205	0.00464652	0
215	0.00497841	0.0016293
225	0.00597409	0
235	0.00597409	0.0016293
245	0.00298705	0.0016293
255	0.00663788	0.0016293
265	0.00298705	0
275	0.00497841	0
285	0.00829735	0.00325859
295	0.00696977	0
305	0.0056422	0
315	0.00696977	0
325	0.00796546	0
335	0.00663788	0
345	0.00929303	0
355	0.00929303	0.0016293
365	0.00663788	0
375	0.0053103	0.0016293
385	0.00696977	0.00325859
395	0.00730167	0.0016293
405	0.00663788	0.0016293
415	0.0056422	0
425	0.00796546	0
435	0.00730167	0
445	0.00497841	0.0016293
455	0.00630599	0
465	0.00663788	0
475	0.00431462	0
485	0.0053103	0
495	0.00464652	0.0016293
505	0.0056422	0
515	0.00398273	0.0016293
525	0.00464652	0.0016293
535	0.00597409	0.0016293
545	0.00331894	0
555	0.00398273	0
565	0.0053103	0
575	0.00365083	0.00325859
585	0.00497841	0.00325859
595	0.00365083	0.00325859
605	0.00265515	0.00325859
615	0.00398273	0
625	0.00265515	0
635	0.00232326	0
645	0.00165947	0.00488789
655	0.00199136	0
665	0.00165947	0.0016293
675	0.00132758	0
685	0.00132758	0.0016293
695	0.00232326	0.00325859
705	0.00165947	0
715	0.00132758	0.0016293
725	0.00199136	0.0016293
735	0.00298705	0
745	0.000995682	0
755	0.000663788	0
765	0.000995682	0
775	0.00165947	0.0016293
785	0.000663788	0
795	0.00132758	0.00488789
805	0	0.0016293
815	0	0.0016293
825	0.00165947	0.0016293
835	0.000995682	0.0016293
845	0.000663788	0.00325859
855	0.000995682	0.0016293
865	0.00232326	0.0016293
875	0.00165947	0
885	0.00165947	0.0016293
895	0.000663788	0.0016293
905	0.00132758	0.00325859
915	0.000663788	0.0016293
925	0.000663788	0.00325859
935	0.000995682	0
945	0.000663788	0.00325859
955	0.00165947	0
965	0.00132758	0
975	0.000331894	0.0016293
985	0.00132758	0
995	0.000331894	0
1005	0.00132758	0.0016293
1015	0.00132758	0
1025	0.000663788	0.0016293
1035	0.000331894	0
1045	0.000663788	0
1055	0.000995682	0.00325859
1065	0.000663788	0
1075	0	0.0016293
1085	0.000663788	0
1095	0	0
1105	0	0.0016293
1115	0.000663788	0
1125	0.00132758	0
1135	0.000995682	0
1145	0.00132758	0
1155	0.00165947	0
1165	0.000663788	0.0016293
1175	0.000995682	0.0016293
1185	0.000331894	0
1195	0.000663788	0
