FG time = 3347.41	BG time = 614.22
5	0	0
15	0	0
25	0	0
35	0	0
45	0.0038836	0.00162808
55	0.0140407	0.00162808
65	0.0295751	0.00651232
75	0.0460057	0.00162808
85	0.0654237	0.00976848
95	0.0791657	0.00325616
105	0.0994799	0.00162808
115	0.0944013	0.00651232
125	0.0967912	0.00325616
135	0.108741	0.00488424
145	0.128756	0.00325616
155	0.13264	0.00162808
165	0.126964	0.00162808
175	0.128159	0.00488424
185	0.136822	0.00488424
195	0.146681	0
205	0.150863	0
215	0.137121	0
225	0.146083	0.00325616
235	0.155045	0.00488424
245	0.153253	0.00162808
255	0.151162	0
265	0.155941	0.00651232
275	0.145486	0
285	0.153253	0.00162808
295	0.149369	0
305	0.160422	0.00162808
315	0.163709	0.00162808
325	0.13503	0
335	0.148174	0.00162808
345	0.155045	0.00162808
355	0.146382	0
365	0.139511	0
375	0.141303	0.00162808
385	0.132341	0.00162808
395	0.132042	0.00325616
405	0.122184	0.00162808
415	0.121885	0.00162808
425	0.118002	0
435	0.122184	0.00162808
445	0.115313	0
455	0.115014	0.00488424
465	0.110533	0
475	0.105156	0.00162808
485	0.0964925	0
495	0.102169	0.00162808
505	0.0952975	0.00162808
515	0.0899202	0
525	0.0878291	0.00162808
535	0.090219	0
545	0.0779707	0.00162808
555	0.0809581	0
565	0.0678136	0.00162808
575	0.0600464	0
585	0.0591502	0.00162808
595	0.0555653	0.00162808
605	0.0564615	0
615	0.0510843	0.00325616
625	0.0495906	0.00325616
635	0.0439145	0.00162808
645	0.0418234	0
655	0.037641	0.00162808
665	0.03077	0.00162808
675	0.0292764	0
685	0.0244965	0.00162808
695	0.0215092	0.00162808
705	0.0212104	0
715	0.0131445	0.00162808
725	0.0134432	0.0081404
735	0.0113521	0
745	0.00926089	0
755	0.0119495	0.00325616
765	0.00567603	0
775	0.00358486	0.00651232
785	0.00358486	0.00325616
795	0.00448108	0
805	0.00448108	0
815	0.00209117	0
825	0.00149369	0
835	0.00268865	0
845	0.00179243	0.00162808
855	0.00268865	0
865	0.00119495	0.00162808
875	0.00179243	0.00488424
885	0.00119495	0
895	0.00268865	0.00162808
905	0.00358486	0.00162808
915	0.00328612	0.00325616
925	0.00179243	0
935	0.00179243	0
945	0.00179243	0
955	0.00209117	0.00325616
965	0.00298738	0.00162808
975	0.00328612	0
985	0.000896215	0.00162808
995	0.00238991	0.00325616
1005	0.00209117	0.00162808
1015	0.00238991	0
1025	0.00149369	0.00162808
1035	0.00238991	0
1045	0.00238991	0.00162808
1055	0.00209117	0.00162808
1065	0.00268865	0.00162808
1075	0.00149369	0
1085	0.00209117	0.00325616
1095	0.00149369	0.00162808
1105	0.00268865	0
1115	0.00149369	0.00325616
1125	0.000896215	0
1135	0.00119495	0
1145	0.000597477	0.00162808
1155	0.00179243	0.00162808
1165	0.00149369	0.00488424
1175	0.00119495	0.00162808
1185	0.00179243	0
1195	0.000896215	0
