FG time = 2224.59	BG time = 305.217
5	0	0
15	0	0
25	0	0
35	0.000449521	0
45	0.0107885	0.00655272
55	0.0301179	0.00327636
65	0.0678777	0
75	0.0912528	0.00655272
85	0.11238	0.00327636
95	0.14115	0.00327636
105	0.16947	0.00655272
115	0.163626	0.00655272
125	0.209027	0
135	0.208578	0
145	0.212624	0
155	0.217568	0
165	0.270162	0.00327636
175	0.245888	0.00655272
185	0.27241	0
195	0.296684	0.00655272
205	0.287694	0
215	0.29129	0.00655272
225	0.316014	0
235	0.289941	0
245	0.305225	0.00327636
255	0.285446	0.00655272
265	0.318711	0.00327636
275	0.307023	0
285	0.321857	0
295	0.31961	0.00327636
305	0.320509	0
315	0.289492	0
325	0.323655	0.00327636
335	0.315564	0
345	0.301179	0
355	0.289042	0.00327636
365	0.305225	0
375	0.311518	0.00327636
385	0.279153	0.00655272
395	0.30073	0
405	0.288593	0.00327636
415	0.278254	0
425	0.277804	0
435	0.244989	0.00327636
445	0.277355	0.00655272
455	0.259823	0.00327636
465	0.254879	0
475	0.227008	0
485	0.223862	0
495	0.222513	0
505	0.213073	0
515	0.188799	0
525	0.186551	0
535	0.173066	0.00327636
545	0.180258	0
555	0.173066	0
565	0.151938	0
575	0.142498	0
585	0.130361	0.00655272
595	0.136205	0
605	0.123169	0.00327636
615	0.114178	0.00327636
625	0.103839	0
635	0.0885557	0
645	0.0917024	0
655	0.0827119	0
665	0.08451	0
675	0.063832	0
685	0.0498969	0.00327636
695	0.0427045	0
705	0.0548416	0.00327636
715	0.0436036	0
725	0.0355122	0
735	0.0314665	0
745	0.0265218	0.00327636
755	0.0211275	0
765	0.0161828	0.00327636
775	0.0148342	0
785	0.0107885	0.00982908
795	0.00584378	0.00327636
805	0.011238	0
815	0.00584378	0
825	0.00494474	0
835	0.00359617	0.00327636
845	0.00314665	0.00327636
855	0.00224761	0
865	0.00359617	0.00327636
875	0.00269713	0.00655272
885	0.00134856	0
895	0.000449521	0
905	0.00134856	0
915	0.00134856	0.00327636
925	0.00134856	0
935	0	0
945	0.00314665	0
955	0	0
965	0.000899043	0.00327636
975	0.00134856	0
985	0.000449521	0
995	0.00134856	0.00327636
1005	0.00224761	0
1015	0.000449521	0
1025	0.00224761	0
1035	0.000449521	0
1045	0.00134856	0.00327636
1055	0.00134856	0.00327636
1065	0.00134856	0.00327636
1075	0.000449521	0
1085	0.000449521	0
1095	0.00179809	0.00327636
1105	0.000449521	0
1115	0.000449521	0
1125	0.00179809	0.00327636
1135	0.000899043	0
1145	0.00359617	0
1155	0.00134856	0.00327636
1165	0.000449521	0
1175	0.00134856	0
1185	0.00134856	0
1195	0.00134856	0
