FG time = 3207.43	BG time = 613.687
5	0	0
15	0	0
25	0	0
35	0	0
45	0.000623552	0.0016295
55	0.00592374	0.0016295
65	0.0205772	0.00651798
75	0.0380367	0.00488849
85	0.0567432	0.00488849
95	0.0804382	0.00814748
105	0.101327	0.016295
115	0.121904	0.0016295
125	0.139676	0.0016295
135	0.149341	0.00814748
145	0.150588	0.00325899
155	0.161188	0.00325899
165	0.168983	0.0016295
175	0.166488	0
185	0.181142	0.0016295
195	0.188313	0.0016295
205	0.18956	0.00651798
215	0.186442	0.00325899
225	0.190807	0.0016295
235	0.195795	0.00488849
245	0.192678	0.00977697
255	0.204525	0.0016295
265	0.211072	0
275	0.197354	0.0016295
285	0.204525	0.00325899
295	0.197978	0
305	0.200784	0.0016295
315	0.194236	0.00325899
325	0.19143	0.0016295
335	0.191742	0.00488849
345	0.187689	0.00325899
355	0.189872	0.00325899
365	0.168983	0.0016295
375	0.181142	0
385	0.162435	0
395	0.163994	0.0016295
405	0.164618	0
415	0.1721	0
425	0.153394	0.00325899
435	0.158382	0.0016295
445	0.149029	0
455	0.151835	0
465	0.155264	0.0016295
475	0.134999	0.00325899
485	0.129387	0.0016295
495	0.11754	0.0016295
505	0.122216	0.0016295
515	0.113175	0
525	0.110057	0
535	0.093221	0.0016295
545	0.0985212	0
555	0.0997683	0.0016295
565	0.0819971	0
575	0.0823089	0.00325899
585	0.0776322	0.0016295
595	0.0679672	0.0016295
605	0.0604845	0.0016295
615	0.0564315	0.00325899
625	0.0573668	0.0016295
635	0.0470782	0.00325899
645	0.051443	0
655	0.0386602	0
665	0.0411544	0.00325899
675	0.0233832	0.00488849
685	0.0330483	0.0016295
695	0.026501	0.0016295
705	0.0215125	0.00325899
715	0.0134064	0
725	0.0134064	0.00488849
735	0.018083	0.00651798
745	0.00997683	0.0016295
755	0.0109122	0
765	0.00748262	0
775	0.00592374	0.0016295
785	0.00530019	0.0016295
795	0.00342954	0.0016295
805	0.00561197	0
815	0.0012471	0
825	0.00218243	0.00651798
835	0.00249421	0.00325899
845	0.00249421	0.0016295
855	0.00280598	0.00325899
865	0.00218243	0
875	0.00155888	0
885	0.00342954	0
895	0.000935328	0.00325899
905	0.00155888	0.0016295
915	0.00155888	0.00325899
925	0.00155888	0.00651798
935	0.000935328	0.00325899
945	0.00187066	0
955	0.00218243	0.0016295
965	0.00187066	0
975	0.000311776	0.00325899
985	0.00218243	0.0016295
995	0.00155888	0.0016295
1005	0.00249421	0.0016295
1015	0.0012471	0
1025	0.0012471	0
1035	0.0012471	0.00488849
1045	0.00187066	0
1055	0.00155888	0
1065	0.00218243	0.0016295
1075	0.00155888	0
1085	0.00218243	0.0016295
1095	0.00155888	0
1105	0.00218243	0
1115	0.00155888	0.0016295
1125	0.00280598	0.0016295
1135	0	0
1145	0.00155888	0
1155	0.0012471	0.0016295
1165	0.000623552	0
1175	0.00187066	0
1185	0.0012471	0
1195	0.00280598	0
