FG time = 3602.93	BG time = 485.086
5	0	0
15	0	0
25	0	0
35	0	0
45	0	0
55	0	0
65	0	0
75	0	0
85	0	0
95	0	0
105	0	0
115	0.000277552	0
125	0	0
135	0.00166531	0
145	0.00249797	0
155	0.00138776	0
165	0.00305307	0
175	0.00777146	0
185	0.00527349	0
195	0.00832657	0
205	0.00749391	0
215	0.00777146	0
225	0.00888167	0
235	0.00888167	0
245	0.00749391	0
255	0.0152654	0
265	0.00832657	0
275	0.0113796	0
285	0.010547	0
295	0.00999188	0
305	0.0111021	0
315	0.0111021	0
325	0.0127674	0.00412298
335	0.0166531	0.00206149
345	0.0111021	0
355	0.0113796	0
365	0.0111021	0
375	0.0111021	0
385	0.013045	0
395	0.0124899	0
405	0.0133225	0.00206149
415	0.00804902	0
425	0.0116572	0.00412298
435	0.0116572	0
445	0.010547	0.00206149
455	0.0141552	0
465	0.0141552	0
475	0.00693881	0.00206149
485	0.0108245	0
495	0.00832657	0
505	0.0102694	0
515	0.00888167	0
525	0.00693881	0.00206149
535	0.00971433	0
545	0.00527349	0.00206149
555	0.00666125	0
565	0.00610615	0.00206149
575	0.0108245	0
585	0.00777146	0
595	0.0058286	0
605	0.00388573	0.00206149
615	0.00721636	0
625	0.00471839	0
635	0.00527349	0
645	0.00499594	0
655	0.00249797	0
665	0.00249797	0
675	0.00249797	0.00206149
685	0.00333063	0.00206149
695	0.00194287	0
705	0.00111021	0.00206149
715	0.00166531	0
725	0.00166531	0
735	0.00138776	0.00206149
745	0.00166531	0
755	0.00194287	0
765	0.00138776	0
775	0.00111021	0
785	0.000832657	0
795	0.00166531	0
805	0.00138776	0
815	0.000555104	0
825	0.000832657	0
835	0.000832657	0
845	0.000277552	0.00206149
855	0.00111021	0
865	0.000832657	0
875	0.000555104	0.00206149
885	0.000555104	0
895	0.000277552	0.00206149
905	0.000555104	0
915	0.000277552	0
925	0.000277552	0
935	0.00111021	0
945	0.000555104	0
955	0.000555104	0.00206149
965	0.000832657	0.00412298
975	0.000555104	0
985	0.000832657	0
995	0.000277552	0
1005	0	0
1015	0.000555104	0
1025	0.000277552	0
1035	0.000832657	0
1045	0.000555104	0.00412298
1055	0.00138776	0.00412298
1065	0.00138776	0
1075	0.000832657	0
1085	0.00166531	0
1095	0.000555104	0
1105	0.000277552	0
1115	0.000555104	0
1125	0.000277552	0.00206149
1135	0.000277552	0
1145	0.000277552	0.00206149
1155	0.000832657	0.00412298
1165	0.000555104	0.00206149
1175	0.00166531	0.00206149
1185	0.000277552	0.00206149
1195	0.000832657	0
