FG time = 2694.17	BG time = 544.87
5	0	0
15	0	0
25	0	0
35	0.00111352	0
45	0.0126199	0.0018353
55	0.0541911	0.00917651
65	0.104671	0.0073412
75	0.140303	0.0055059
85	0.156635	0.0128471
95	0.179276	0.0073412
105	0.212682	0.0073412
115	0.225301	0.0055059
125	0.241262	0.0036706
135	0.235694	0.0036706
145	0.245716	0.0036706
155	0.26613	0.0036706
165	0.276152	0.0018353
175	0.286174	0
185	0.280977	0.0018353
195	0.285803	0.0036706
205	0.294711	0.00917651
215	0.318837	0.0036706
225	0.299165	0.0055059
235	0.306217	0.0036706
245	0.327374	0.0018353
255	0.316239	0
265	0.307331	0.0036706
275	0.344077	0.0036706
285	0.298794	0.0055059
295	0.298794	0.0036706
305	0.311785	0
315	0.297309	0.0036706
325	0.28506	0
335	0.289143	0
345	0.292112	0.0018353
355	0.295824	0.0018353
365	0.284318	0.0018353
375	0.270213	0
385	0.255738	0.0018353
395	0.282462	0
405	0.258336	0.0018353
415	0.235323	0
425	0.229756	0.0018353
435	0.235323	0.0018353
445	0.226044	0.0018353
455	0.229384	0
465	0.213053	0.0018353
475	0.200062	0.0018353
485	0.206372	0.0036706
495	0.176307	0.0018353
505	0.189669	0.0018353
515	0.163687	0.0018353
525	0.177049	0.0018353
535	0.138076	0
545	0.152181	0
555	0.148098	0.0018353
565	0.121373	0.0018353
575	0.11729	0
585	0.105042	0
595	0.102815	0.0018353
605	0.0872254	0
615	0.0953912	0.0018353
625	0.0842561	0
635	0.0701515	0.0036706
645	0.0675533	0.0036706
655	0.0590164	0.0055059
665	0.0549335	0
675	0.0545623	0.0018353
685	0.032292	0.0036706
695	0.0337767	0
705	0.0267244	0
715	0.0263532	0
725	0.0248685	0
735	0.021528	0
745	0.00965048	0
755	0.00965048	0
765	0.010764	0.0018353
775	0.00816579	0
785	0.00705227	0
795	0.00334055	0
805	0.00371172	0
815	0.00334055	0.0018353
825	0.000742344	0.0018353
835	0.00111352	0.0018353
845	0.00185586	0.0036706
855	0.00222703	0.0036706
865	0.00185586	0.0036706
875	0.000742344	0
885	0.00334055	0
895	0.000742344	0
905	0.0025982	0.0018353
915	0.00148469	0.0018353
925	0.00185586	0.0018353
935	0.00222703	0
945	0.00185586	0
955	0.00111352	0.0018353
965	0.00296938	0.0018353
975	0.00185586	0.0018353
985	0.00334055	0.0036706
995	0.0025982	0.0036706
1005	0.000742344	0.0036706
1015	0.00222703	0
1025	0.00185586	0.0018353
1035	0.00111352	0.0018353
1045	0.00148469	0
1055	0.000742344	0.0036706
1065	0.00222703	0.0018353
1075	0.000742344	0.0018353
1085	0.000742344	0.0055059
1095	0.00185586	0
1105	0.000742344	0
1115	0.0025982	0.0018353
1125	0.00148469	0.0036706
1135	0.000742344	0.0018353
1145	0.0025982	0.0036706
1155	0.00296938	0
1165	0.00222703	0.0036706
1175	0.00148469	0
1185	0.00111352	0.0018353
1195	0.00148469	0.0018353
