FG time = 2824.2	BG time = 305.08
5	0	0
15	0	0
25	0	0
35	0.00212449	0.00327782
45	0.00920614	0
55	0.0375327	0.0131113
65	0.0548828	0.00983347
75	0.0761277	0.00655565
85	0.1041	0.00655565
95	0.132781	0.00655565
105	0.160753	0
115	0.181644	0
125	0.2082	0.00327782
135	0.213158	0
145	0.225905	0
155	0.247858	0.00983347
165	0.25069	0
175	0.262729	0
185	0.280433	0
195	0.305573	0.00327782
205	0.298137	0
215	0.307698	0.00327782
225	0.321861	0.00327782
235	0.297783	0
245	0.317966	0
255	0.33567	0
265	0.325048	0.00327782
275	0.336732	0
285	0.336732	0
295	0.315842	0.00327782
305	0.320799	0
315	0.30274	0
325	0.348063	0.00327782
335	0.338857	0
345	0.321861	0
355	0.290348	0
365	0.300262	0.00327782
375	0.309822	0.00327782
385	0.294597	0
395	0.297429	0
405	0.261313	0
415	0.280079	0
425	0.255293	0.00327782
435	0.251044	0
445	0.265562	0
455	0.246441	0.00327782
465	0.242192	0
475	0.240776	0.00655565
485	0.230508	0.00655565
495	0.219177	0
505	0.208909	0
515	0.185185	0
525	0.190496	0.00327782
535	0.166065	0
545	0.163232	0
555	0.147298	0
565	0.140217	0
575	0.132073	0
585	0.124283	0
595	0.122513	0
605	0.0956023	0
615	0.100205	0
625	0.0980808	0.00327782
635	0.0711706	0
645	0.0708165	0.00327782
655	0.064443	0
665	0.0701083	0
675	0.0655053	0
685	0.051342	0
695	0.0354082	0
705	0.0396572	0.00327782
715	0.0279725	0.00983347
725	0.0304511	0
735	0.0247858	0.00327782
745	0.012747	0
755	0.0141633	0
765	0.0116847	0
775	0.00920614	0
785	0.0109766	0.00327782
795	0.00566532	0.00327782
805	0.00424899	0
815	0.00247858	0.00327782
825	0.00283266	0
835	0.00247858	0
845	0.00141633	0.00655565
855	0.00177041	0
865	0.00177041	0
875	0.00177041	0.00327782
885	0.000354082	0
895	0.00177041	0
905	0.00141633	0.00655565
915	0.00212449	0.00327782
925	0.00247858	0
935	0.00141633	0.00327782
945	0.00141633	0
955	0.00177041	0
965	0.00106225	0
975	0.000708165	0
985	0.00212449	0
995	0.000708165	0
1005	0.00177041	0
1015	0.00177041	0
1025	0.00177041	0
1035	0.00106225	0.00327782
1045	0.00141633	0
1055	0.00177041	0
1065	0.00177041	0
1075	0.00212449	0
1085	0.000708165	0.00655565
1095	0.00141633	0
1105	0.00177041	0
1115	0.00106225	0
1125	0.000708165	0
1135	0.00106225	0
1145	0.00106225	0.00983347
1155	0.00106225	0
1165	0.00177041	0
1175	0.000354082	0
1185	0.000708165	0.00327782
1195	0.00318674	0
