FG time = 2844.94	BG time = 484.771
5	0	0
15	0	0
25	0	0
35	0	0
45	0	0
55	0	0
65	0	0
75	0	0
85	0	0
95	0	0
105	0	0
115	0	0
125	0	0
135	0	0
145	0.00210901	0
155	0.001406	0
165	0.00562402	0
175	0.00527252	0
185	0.00667852	0
195	0.00632702	0
205	0.00421801	0
215	0.00913903	0
225	0.0101935	0
235	0.00808453	0.00206283
245	0.0123025	0
255	0.0151145	0
265	0.00984203	0
275	0.00913903	0
285	0.0123025	0
295	0.00808453	0
305	0.0130055	0
315	0.00984203	0
325	0.01406	0
335	0.013357	0
345	0.0108965	0.00412566
355	0.0123025	0
365	0.012654	0.00206283
375	0.011248	0
385	0.00913903	0.00206283
395	0.011951	0
405	0.013357	0
415	0.00808453	0.00206283
425	0.013357	0
435	0.00984203	0
445	0.00949053	0
455	0.011951	0.00206283
465	0.00773303	0
475	0.00773303	0
485	0.00949053	0.00206283
495	0.00597552	0
505	0.00597552	0
515	0.00632702	0
525	0.00808453	0.00206283
535	0.00562402	0
545	0.00527252	0
555	0.00667852	0
565	0.00562402	0
575	0.00386651	0
585	0.00281201	0.00206283
595	0.00597552	0
605	0.00492102	0
615	0.00386651	0
625	0.00421801	0.00206283
635	0.00281201	0.00206283
645	0.00421801	0
655	0.00351501	0
665	0.00210901	0
675	0.00175751	0
685	0.000351501	0
695	0.00175751	0
705	0.00246051	0
715	0.00246051	0
725	0.00175751	0.00206283
735	0.00175751	0
745	0.0010545	0
755	0.000703002	0
765	0.000351501	0
775	0.000351501	0
785	0.0010545	0
795	0	0.00206283
805	0.0010545	0
815	0.0010545	0
825	0.000703002	0
835	0.000703002	0
845	0.000351501	0
855	0.000703002	0.00412566
865	0.000351501	0
875	0.000351501	0
885	0.0010545	0.00206283
895	0.000703002	0
905	0.000351501	0
915	0.000351501	0
925	0	0
935	0.000703002	0
945	0.000351501	0
955	0.000703002	0
965	0.0010545	0
975	0.000703002	0
985	0.000351501	0
995	0.000351501	0
1005	0.000703002	0
1015	0	0.00206283
1025	0.0010545	0
1035	0	0
1045	0.000351501	0
1055	0.000351501	0
1065	0.00175751	0
1075	0.000351501	0
1085	0.000703002	0
1095	0.0010545	0
1105	0.0010545	0
1115	0.0010545	0
1125	0.000703002	0
1135	0	0
1145	0.000351501	0
1155	0.000351501	0
1165	0.000703002	0
1175	0.000351501	0
1185	0.00175751	0
1195	0.001406	0.00206283
