FG time = 3613.26	BG time = 486.33
5	0	0
15	0	0
25	0	0
35	0.000276758	0
45	0.00359786	0.00205622
55	0.0107936	0.00205622
65	0.0293364	0.00205622
75	0.0370856	0.0102811
85	0.0553516	0.00616865
95	0.0647614	0.00205622
105	0.0733409	0.00616865
115	0.0841345	0
125	0.0830275	0.00205622
135	0.0929908	0.00411244
145	0.101017	0.00205622
155	0.114301	0.00616865
165	0.106552	0.00411244
175	0.114301	0.00411244
185	0.125648	0
195	0.118729	0.00616865
205	0.126202	0.00205622
215	0.122881	0.00205622
225	0.134228	0.00205622
235	0.138933	0.00411244
245	0.141423	0.00205622
255	0.141423	0
265	0.138379	0
275	0.138379	0.00205622
285	0.130353	0
295	0.14004	0
305	0.143914	0
315	0.126755	0
325	0.127032	0.00205622
335	0.139209	0
345	0.133951	0
355	0.120113	0
365	0.13063	0
375	0.123157	0
385	0.11956	0
395	0.12039	0.00411244
405	0.109873	0
415	0.117069	0
425	0.1298	0
435	0.10932	0.00205622
445	0.107659	0.00205622
455	0.100186	0
465	0.0921605	0
475	0.0993562	0
485	0.0841345	0
495	0.0747247	0
505	0.0761085	0
515	0.0844113	0
525	0.0785993	0
535	0.0722339	0
545	0.0653149	0
555	0.0642079	0.00205622
565	0.0606101	0
575	0.0528608	0
585	0.0564587	0
595	0.0525841	0.00411244
605	0.0495397	0
615	0.0420673	0
625	0.0451116	0.00205622
635	0.0428975	0
645	0.0290596	0
655	0.0296131	0
665	0.0235244	0
675	0.0235244	0
685	0.0177125	0
695	0.0152217	0
705	0.0174358	0
715	0.0138379	0
725	0.0124541	0
735	0.00940978	0
745	0.00553516	0
755	0.00553516	0.00205622
765	0.00525841	0.00205622
775	0.00470489	0
785	0.00304434	0
795	0.00525841	0
805	0.00221407	0
815	0.00193731	0
825	0.00110703	0.00205622
835	0.00166055	0.00205622
845	0.00221407	0.00205622
855	0.000830275	0
865	0.000830275	0
875	0.00193731	0
885	0.000276758	0
895	0.000276758	0
905	0.000553516	0
915	0.00166055	0
925	0.00138379	0.00205622
935	0.00193731	0
945	0.00166055	0.00411244
955	0.000830275	0.00205622
965	0.00110703	0
975	0.00110703	0
985	0.000553516	0
995	0.000553516	0
1005	0.00110703	0
1015	0	0.00205622
1025	0.00138379	0
1035	0.000553516	0
1045	0.00138379	0
1055	0.00110703	0
1065	0.000830275	0
1075	0.00138379	0
1085	0.000830275	0.00205622
1095	0.00110703	0.00205622
1105	0.00138379	0
1115	0.000276758	0
1125	0.000830275	0
1135	0.000830275	0
1145	0.000553516	0
1155	0.000276758	0
1165	0	0
1175	0.000553516	0
1185	0.000276758	0
1195	0.000553516	0
