FG time = 3312.29	BG time = 612.851
5	0	0
15	0	0
25	0	0
35	0.000301906	0
45	0.00120762	0
55	0.00694383	0.00163172
65	0.0208315	0.00326344
75	0.0443801	0.00489516
85	0.0585697	0.00652688
95	0.0664193	0.00489516
105	0.086345	0.00979032
115	0.0908736	0.00163172
125	0.0990251	0
135	0.113215	0.0081586
145	0.112007	0.00652688
155	0.106875	0
165	0.122272	0.00326344
175	0.129216	0.00163172
185	0.132839	0
195	0.1268	0.00163172
205	0.128914	0
215	0.13465	0.00163172
225	0.131329	0.00163172
235	0.138273	0.00489516
245	0.134046	0
255	0.137367	0.00163172
265	0.134046	0
275	0.124687	0
285	0.137367	0
295	0.141292	0.00163172
305	0.120762	0.00489516
315	0.127706	0.00489516
325	0.122574	0
335	0.137367	0
345	0.126499	0
355	0.12831	0.00163172
365	0.119857	0.00326344
375	0.12046	0.00163172
385	0.115328	0
395	0.113517	0.00163172
405	0.11412	0
415	0.102044	0
425	0.0969117	0.00326344
435	0.108686	0
445	0.10295	0
455	0.101742	0.00163172
465	0.0908736	0.00163172
475	0.0866469	0.00163172
485	0.0920812	0.00163172
495	0.0860431	0.00163172
505	0.0806088	0.00163172
515	0.0697402	0.00163172
525	0.076986	0
535	0.0724574	0
545	0.0685326	0.00163172
555	0.0624945	0.00163172
565	0.057664	0
575	0.0591735	0.00163172
585	0.0507202	0.00163172
595	0.0434744	0.00326344
605	0.044682	0
615	0.0413611	0.00163172
625	0.0440782	0
635	0.0298887	0.00163172
645	0.0323039	0
655	0.0274734	0
665	0.0292849	0
675	0.0238506	0.00652688
685	0.0190201	0
695	0.0166048	0.00163172
705	0.0169067	0
715	0.0132839	0
725	0.0102648	0
735	0.00966098	0
745	0.00664193	0
755	0.0051324	0.00489516
765	0.00362287	0
775	0.00332096	0
785	0.00332096	0
795	0.00271715	0
805	0.00392477	0
815	0.00271715	0
825	0.00120762	0
835	0.000603811	0.00163172
845	0.000301906	0
855	0.000603811	0
865	0.00120762	0.00163172
875	0.000905717	0.00163172
885	0.00120762	0.00163172
895	0.000603811	0.00163172
905	0.000603811	0
915	0.000301906	0
925	0	0
935	0.000301906	0
945	0.000301906	0.00163172
955	0.000301906	0.00163172
965	0.00120762	0
975	0.000603811	0
985	0.000905717	0.00163172
995	0.000603811	0
1005	0.000603811	0.00326344
1015	0.000603811	0
1025	0.000603811	0.00163172
1035	0.000905717	0
1045	0.000603811	0
1055	0.000301906	0
1065	0.00120762	0
1075	0.000301906	0.00163172
1085	0.000905717	0
1095	0.000905717	0
1105	0.000603811	0.00163172
1115	0.000301906	0
1125	0.000603811	0.00326344
1135	0.000301906	0
1145	0.000603811	0
1155	0.000603811	0
1165	0.000301906	0.00326344
1175	0.000301906	0.00163172
1185	0.000301906	0
1195	0.000905717	0
