FG time = 3319.12	BG time = 614.072
5	0	0
15	0	0
25	0	0
35	0	0
45	0	0
55	0	0
65	0	0
75	0	0
85	0	0
95	0	0
105	0	0
115	0	0
125	0.000301284	0
135	0	0
145	0.000602569	0
155	0.00120514	0
165	0.00120514	0
175	0.00271156	0
185	0.00241028	0
195	0.00451927	0.00162847
205	0.00241028	0
215	0.00210899	0
225	0.00662826	0
235	0.00482055	0
245	0.0057244	0.00162847
255	0.00512184	0
265	0.0057244	0
275	0.00662826	0
285	0.00723083	0
295	0.00723083	0
305	0.00602569	0
315	0.00662826	0
325	0.00843596	0
335	0.0096411	0
345	0.0057244	0
355	0.00723083	0
365	0.00542312	0.00162847
375	0.00933982	0
385	0.00542312	0
395	0.00723083	0.00162847
405	0.00723083	0
415	0.00542312	0
425	0.00542312	0
435	0.00512184	0
445	0.00542312	0.00162847
455	0.00482055	0
465	0.0057244	0
475	0.00451927	0
485	0.00512184	0
495	0.0057244	0
505	0.00482055	0
515	0.00542312	0
525	0.00241028	0
535	0.00210899	0
545	0.00512184	0.00162847
555	0.00482055	0.00162847
565	0.00241028	0
575	0.00271156	0
585	0.00180771	0.00162847
595	0.00271156	0
605	0.00210899	0
615	0.00241028	0
625	0.00180771	0.00162847
635	0.00150642	0
645	0.00180771	0
655	0.000903853	0
665	0.00120514	0
675	0.00180771	0
685	0.00241028	0
695	0.000903853	0
705	0.00210899	0
715	0.000602569	0
725	0.000903853	0.00162847
735	0.000602569	0
745	0.00210899	0.00162847
755	0.00150642	0
765	0.000602569	0
775	0.000903853	0
785	0.000903853	0
795	0.00150642	0.00325695
805	0.000602569	0
815	0.00150642	0
825	0.000903853	0
835	0.000602569	0.00162847
845	0.00120514	0
855	0.000903853	0
865	0	0
875	0.000602569	0
885	0.000903853	0
895	0.00120514	0
905	0.000903853	0.00162847
915	0.00120514	0
925	0	0
935	0.000602569	0
945	0.00120514	0
955	0.000602569	0.00162847
965	0.000602569	0
975	0.000301284	0
985	0.00120514	0.00162847
995	0.00120514	0
1005	0.000301284	0.00162847
1015	0.00150642	0
1025	0.000903853	0
1035	0.000602569	0.00162847
1045	0.00120514	0
1055	0.00120514	0
1065	0.000903853	0.00162847
1075	0.00120514	0.00325695
1085	0.00150642	0
1095	0	0.00162847
1105	0.000301284	0
1115	0.00120514	0.00162847
1125	0.000602569	0
1135	0.000602569	0.00488542
1145	0.000301284	0
1155	0	0
1165	0.000903853	0.00162847
1175	0.000903853	0.00325695
1185	0.00180771	0
1195	0.000903853	0
