FG time = 2704.55	BG time = 424.928
5	0	0
15	0	0
25	0	0
35	0	0
45	0.00517646	0
55	0.0225546	0.00235334
65	0.0783864	0.00706002
75	0.156773	0.0117667
85	0.196336	0.0164734
95	0.225916	0.00941336
105	0.235899	0.0211801
115	0.23368	0.00706002
125	0.269176	0.0117667
135	0.296907	0.00470668
145	0.298016	0.00235334
155	0.302823	0.00470668
165	0.315764	0.00235334
175	0.319092	0.00235334
185	0.325747	0.00941336
195	0.338688	0.00235334
205	0.334621	0
215	0.331294	0.00235334
225	0.337579	0
235	0.331663	0
245	0.346453	0.00941336
255	0.340907	0.00235334
265	0.316504	0.00470668
275	0.347932	0
285	0.303193	0.00235334
295	0.333512	0.00470668
305	0.325008	0
315	0.330924	0.00470668
325	0.32131	0.00706002
335	0.310588	0.00706002
345	0.32205	0.00235334
355	0.327966	0.00470668
365	0.300235	0
375	0.305781	0.00706002
385	0.285075	0.00235334
395	0.271025	0
405	0.260672	0.00235334
415	0.245512	0
425	0.264	0.00235334
435	0.241815	0
445	0.253647	0.00235334
455	0.231092	0
465	0.217042	0
475	0.211865	0.00235334
485	0.220739	0
495	0.206689	0.00470668
505	0.176	0.00235334
515	0.169344	0
525	0.169714	0
535	0.16158	0
545	0.149748	0.00235334
555	0.149008	0
565	0.137916	0
575	0.120538	0
585	0.119798	0.00470668
595	0.100571	0.00235334
605	0.0820839	0.00706002
615	0.0957645	0
625	0.0791259	0
635	0.0724705	0
645	0.0669242	0
655	0.0610083	0.00235334
665	0.0488066	0
675	0.0428907	0.00706002
685	0.0417814	0.00235334
695	0.030689	0.00235334
705	0.030689	0.00235334
715	0.0192269	0.00235334
725	0.0221848	0.00470668
735	0.0184874	0
745	0.0136806	0.00235334
755	0.0110924	0.00235334
765	0.00554621	0.00235334
775	0.00554621	0.00235334
785	0.00517646	0
795	0.00406722	0
805	0.00332773	0
815	0.00406722	0
825	0.00258823	0
835	0.00184874	0.00235334
845	0.00110924	0.00706002
855	0.00184874	0.00235334
865	0.00369747	0.00235334
875	0.00110924	0
885	0.00258823	0
895	0.00110924	0.00235334
905	0.00221848	0.00235334
915	0.00147899	0
925	0.00110924	0
935	0.00110924	0
945	0.00110924	0
955	0.00110924	0
965	0.00221848	0.00235334
975	0.000739494	0.00235334
985	0.000739494	0.00235334
995	0.00147899	0
1005	0.000739494	0
1015	0.00184874	0
1025	0.000739494	0
1035	0.00147899	0.00235334
1045	0.00258823	0.00235334
1055	0.00147899	0.00235334
1065	0.000739494	0.00235334
1075	0.000739494	0
1085	0.00147899	0.00470668
1095	0.00221848	0.00235334
1105	0.00258823	0.00470668
1115	0.00221848	0
1125	0.00221848	0.00235334
1135	0.00110924	0.00235334
1145	0.00258823	0.00235334
1155	0.00258823	0
1165	0.00332773	0
1175	0.00147899	0
1185	0.00258823	0
1195	0.00221848	0.00941336
