FG time = 2704.65	BG time = 424.879
5	0	0
15	0	0
25	0	0
35	0	0
45	0	0
55	0	0
65	0	0
75	0	0
85	0	0
95	0	0
105	0	0
115	0	0
125	0	0
135	0	0
145	0.000369733	0
155	0.000739467	0
165	0	0
175	0.0022184	0
185	0.0011092	0
195	0.00258813	0
205	0.00147893	0
215	0.0033276	0
225	0.0033276	0
235	0.00369733	0
245	0.0022184	0
255	0.00369733	0
265	0.00480653	0
275	0.00628547	0.00235361
285	0.0066552	0
295	0.00702493	0
305	0.0022184	0
315	0.00517627	0
325	0.00591573	0
335	0.00628547	0
345	0.0103525	0.00235361
355	0.005546	0.00235361
365	0.00739467	0
375	0.0088736	0
385	0.00813413	0
395	0.00739467	0
405	0.00961307	0
415	0.00702493	0
425	0.00850387	0.00470722
435	0.0077644	0
445	0.00591573	0
455	0.0077644	0
465	0.00813413	0
475	0.00295787	0
485	0.00702493	0.00235361
495	0.00702493	0
505	0.00480653	0
515	0.00258813	0
525	0.00480653	0.00235361
535	0.00517627	0
545	0.00480653	0
555	0.00295787	0.00235361
565	0.005546	0.00235361
575	0.00406707	0.00235361
585	0.00258813	0
595	0.00480653	0.00235361
605	0.00184867	0
615	0.0022184	0
625	0.00369733	0
635	0.00184867	0
645	0.0033276	0
655	0.00258813	0
665	0.0033276	0.00235361
675	0.00184867	0
685	0.0022184	0
695	0.00295787	0
705	0.000739467	0
715	0	0
725	0.00184867	0.00235361
735	0	0
745	0.00147893	0
755	0.00147893	0.00235361
765	0.00258813	0
775	0.000739467	0
785	0.000369733	0.00235361
795	0.000369733	0
805	0	0.00235361
815	0	0
825	0.0011092	0
835	0.000369733	0
845	0.000369733	0
855	0.00184867	0
865	0	0
875	0.000369733	0
885	0.000739467	0
895	0.000369733	0.00235361
905	0.000369733	0
915	0.00184867	0
925	0.0011092	0
935	0.000369733	0
945	0.000369733	0
955	0.000739467	0
965	0.000369733	0.00235361
975	0.000369733	0.00235361
985	0.000739467	0
995	0.000739467	0
1005	0	0
1015	0.000369733	0
1025	0.000369733	0
1035	0	0
1045	0.000369733	0
1055	0.000369733	0.00235361
1065	0.000369733	0.00235361
1075	0	0
1085	0.00147893	0.00235361
1095	0	0
1105	0.000369733	0.00235361
1115	0.000739467	0
1125	0.000369733	0
1135	0	0
1145	0.000739467	0
1155	0.0011092	0
1165	0.000739467	0
1175	0.000739467	0.00235361
1185	0.000369733	0
1195	0.00147893	0
