FG time = 3313.07	BG time = 733.136
5	0	0
15	0	0
25	0	0
35	0	0
45	0	0
55	0	0
65	0	0
75	0	0
85	0	0
95	0	0
105	0	0
115	0	0
125	0	0
135	0.000905504	0
145	0.000301835	0
155	0.000905504	0
165	0.00150917	0
175	0.00181101	0
185	0.00120734	0
195	0.00362202	0
205	0.00181101	0
215	0.00392385	0.001364
225	0.00150917	0
235	0.00513119	0
245	0.00332018	0
255	0.00332018	0
265	0.00724403	0
275	0.00724403	0
285	0.00633853	0
295	0.00573486	0
305	0.00422569	0.001364
315	0.00724403	0
325	0.00664036	0.001364
335	0.00603669	0
345	0.00603669	0
355	0.00603669	0.001364
365	0.00543302	0.001364
375	0.0069422	0
385	0.00482936	0.00272801
395	0.00633853	0
405	0.00543302	0
415	0.00724403	0.001364
425	0.00633853	0
435	0.00633853	0
445	0.00211284	0.00272801
455	0.00301835	0.00272801
465	0.00543302	0
475	0.00573486	0.001364
485	0.00452752	0
495	0.00452752	0
505	0.00513119	0
515	0.00482936	0.001364
525	0.00482936	0.00545602
535	0.00482936	0
545	0.00362202	0
555	0.00362202	0.00545602
565	0.00271651	0
575	0.00422569	0
585	0.00241468	0.001364
595	0.00332018	0.001364
605	0.00301835	0.00272801
615	0.00422569	0
625	0.00211284	0.001364
635	0.00332018	0.001364
645	0.00150917	0.001364
655	0.00271651	0
665	0.00271651	0.001364
675	0.00120734	0.001364
685	0.00211284	0
695	0.00120734	0
705	0.00332018	0
715	0.00211284	0
725	0.000301835	0
735	0.000905504	0.00272801
745	0.000301835	0.001364
755	0	0.001364
765	0.000603669	0.001364
775	0.00301835	0
785	0.00120734	0
795	0.00120734	0
805	0	0
815	0.000603669	0.001364
825	0.000603669	0
835	0.000905504	0
845	0.000603669	0
855	0.000905504	0
865	0.00120734	0.00272801
875	0.00150917	0.00272801
885	0.00150917	0.00272801
895	0.000905504	0
905	0.000603669	0
915	0.000603669	0
925	0.00181101	0
935	0.000603669	0
945	0.000603669	0.00272801
955	0.000603669	0.001364
965	0.000905504	0.00272801
975	0.000905504	0
985	0.000603669	0.001364
995	0.000905504	0
1005	0.000301835	0.001364
1015	0	0.00409201
1025	0.000905504	0.001364
1035	0.000905504	0
1045	0.00181101	0.001364
1055	0.000905504	0
1065	0.00120734	0
1075	0.000603669	0
1085	0.000603669	0
1095	0.000301835	0.001364
1105	0.000603669	0.001364
1115	0.000905504	0
1125	0.000905504	0.00272801
1135	0.000301835	0.001364
1145	0.000603669	0
1155	0	0
1165	0.00120734	0
1175	0.000905504	0
1185	0.000301835	0.001364
1195	0.000603669	0
