FG time = 3320.51	BG time = 735.438
5	0	0
15	0	0
25	0	0
35	0	0
45	0.00120464	0
55	0.0108417	0.0040792
65	0.0316217	0.00679867
75	0.056919	0.0149571
85	0.0876372	0.0108779
95	0.0906488	0.0135973
105	0.103599	0.0108779
115	0.0996835	0.0149571
125	0.112332	0.0081584
135	0.1039	0.0081584
145	0.12739	0.00543893
155	0.133112	0.0081584
165	0.14305	0.00679867
175	0.14305	0.00135973
185	0.126487	0.00951814
195	0.131305	0.0040792
205	0.141846	0.0040792
215	0.13522	0.00543893
225	0.152687	0
235	0.148471	0.00543893
245	0.133714	0.0040792
255	0.14305	0.00271947
265	0.143954	0.0122376
275	0.131606	0.00135973
285	0.141846	0.00679867
295	0.134317	0.00271947
305	0.137931	0.00135973
315	0.129498	0.0040792
325	0.124379	0.00543893
335	0.130101	0.00271947
345	0.131004	0.00135973
355	0.115946	0.0040792
365	0.120765	0.00271947
375	0.127089	0.00271947
385	0.112935	0.0040792
395	0.121066	0.00543893
405	0.110224	0.00135973
415	0.102695	0
425	0.104201	0.00271947
435	0.111429	0.00135973
445	0.101491	0.00543893
455	0.0969731	0.00543893
465	0.0879384	0
475	0.0954673	0.0040792
485	0.0849268	0.0040792
495	0.0783013	0.0040792
505	0.0849268	0.00543893
515	0.0822163	0.00135973
525	0.0767955	0.00271947
535	0.0665561	0.0040792
545	0.0680619	0.00135973
555	0.058726	0.0040792
565	0.0560155	0.00135973
575	0.0481854	0.00135973
585	0.0487877	0.00679867
595	0.0463784	0.0040792
605	0.0421622	0.00135973
615	0.0358379	0.00135973
625	0.0355367	0.00543893
635	0.0255985	0.00271947
645	0.0277066	0.00135973
655	0.0271043	0.00271947
665	0.0204788	0.00135973
675	0.0186718	0.00135973
685	0.0198765	0.00135973
695	0.0147568	0.00135973
705	0.0135521	0.00271947
715	0.013251	0.00135973
725	0.0117452	0.00135973
735	0.00783013	0
745	0.00813129	0.00135973
755	0.00602318	0.00271947
765	0.0051197	0
775	0.0051197	0.00271947
785	0.00481854	0
795	0.00451738	0.0040792
805	0.0051197	0.00543893
815	0.00391506	0
825	0.00210811	0.00135973
835	0.00271043	0.00135973
845	0.00150579	0.0040792
855	0.00361391	0.00135973
865	0.00180695	0.00135973
875	0.00240927	0.00543893
885	0.00240927	0.00271947
895	0.00361391	0.00135973
905	0.00180695	0.0040792
915	0.00331275	0.00135973
925	0.00391506	0.00271947
935	0.00150579	0
945	0.00271043	0.00271947
955	0.00210811	0.00271947
965	0.00120464	0.0040792
975	0.00210811	0.00271947
985	0.00271043	0.00271947
995	0.00240927	0
1005	0.000903476	0
1015	0.00150579	0.00135973
1025	0.00391506	0.0040792
1035	0.00210811	0.00135973
1045	0.00210811	0
1055	0.00180695	0.00271947
1065	0.00271043	0
1075	0.00361391	0.00135973
1085	0.00180695	0
1095	0.00271043	0.00135973
1105	0.00150579	0.00135973
1115	0.00240927	0
1125	0.00240927	0.00135973
1135	0.00331275	0.00135973
1145	0.00210811	0
1155	0.000301159	0
1165	0.00120464	0.00135973
1175	0.00210811	0.00135973
1185	0.00120464	0.0040792
1195	0.00120464	0
