FG time = 3551.36	BG time = 726.254
5	0	0
15	0	0
25	0	0
35	0.000281583	0
45	0.00112633	0.00137693
55	0.000844748	0
65	0.00112633	0.00137693
75	0.0016895	0
85	0.00253424	0
95	0.00366057	0.00275386
105	0.0047869	0
115	0.00506849	0
125	0.00563165	0.00137693
135	0.00366057	0.00413078
145	0.00535007	0.00137693
155	0.0064764	0.00137693
165	0.00732115	0
175	0.0081659	0
185	0.0081659	0.00137693
195	0.00563165	0
205	0.00591323	0
215	0.00732115	0.00137693
225	0.00732115	0
235	0.0064764	0.00137693
245	0.00675798	0.00137693
255	0.0064764	0.00137693
265	0.00506849	0
275	0.00450532	0
285	0.00591323	0
295	0.00506849	0
305	0.00591323	0
315	0.00703956	0
325	0.00506849	0
335	0.00506849	0
345	0.00225266	0.00413078
355	0.00366057	0
365	0.00563165	0
375	0.00394216	0
385	0.00450532	0
395	0.00366057	0.00137693
405	0.00394216	0
415	0.00253424	0
425	0.00140791	0
435	0.00197108	0
445	0.00197108	0
455	0.00197108	0.00137693
465	0.00366057	0
475	0.00112633	0
485	0.00225266	0
495	0.00197108	0
505	0.00197108	0
515	0.00225266	0
525	0	0
535	0.00140791	0
545	0.00112633	0
555	0.0016895	0
565	0.00112633	0
575	0.000844748	0
585	0.000563165	0
595	0.000844748	0
605	0.000563165	0
615	0.00112633	0
625	0.00112633	0
635	0.000281583	0.00137693
645	0.000563165	0
655	0.000563165	0
665	0.000563165	0
675	0.000563165	0
685	0.000281583	0
695	0.000281583	0.00275386
705	0.000281583	0
715	0	0
725	0.000281583	0
735	0.000563165	0
745	0.000281583	0
755	0.000563165	0.00137693
765	0	0
775	0.000281583	0
785	0	0
795	0.000844748	0
805	0.000281583	0
815	0	0
825	0.000281583	0
835	0.000281583	0
845	0	0.00137693
855	0	0
865	0	0.00137693
875	0	0
885	0	0
895	0	0
905	0.000563165	0
915	0.000281583	0
925	0	0
935	0	0
945	0	0
955	0.000281583	0
965	0	0
975	0	0
985	0.000281583	0
995	0.000281583	0
1005	0	0
1015	0.000281583	0
1025	0	0
1035	0.000281583	0
1045	0	0.00137693
1055	0	0
1065	0.000281583	0
1075	0	0
1085	0	0
1095	0.000281583	0
1105	0	0
1115	0	0
1125	0	0
1135	0	0
1145	0.000281583	0
1155	0	0
1165	0.000281583	0
1175	0	0.00137693
1185	0	0
1195	0	0
