FG time = 3019.28	BG time = 614.733
5	0	0
15	0	0
25	0	0
35	0	0
45	0	0
55	0	0
65	0	0
75	0	0
85	0	0
95	0	0
105	0	0
115	0.000331205	0
125	0	0
135	0.000993614	0
145	0.000662409	0
155	0.00165602	0
165	0.00132482	0
175	0.000993614	0
185	0.00298084	0
195	0.00231843	0
205	0.000662409	0
215	0.00198723	0
225	0.00397446	0.00162672
235	0.00364325	0.00325345
245	0.00430566	0.00488017
255	0.00331205	0.00162672
265	0.00430566	0.00162672
275	0.00397446	0
285	0.00364325	0.00325345
295	0.00463686	0
305	0.00430566	0
315	0.00629289	0
325	0.00397446	0
335	0.00331205	0
345	0.00264964	0.00162672
355	0.00430566	0.00162672
365	0.00331205	0
375	0.00596168	0.00162672
385	0.00463686	0
395	0.00463686	0.00162672
405	0.00430566	0
415	0.00397446	0.00325345
425	0.00397446	0
435	0.00463686	0
445	0.00563048	0.00162672
455	0.00496807	0
465	0.00231843	0.00162672
475	0.00463686	0
485	0.00231843	0
495	0.00397446	0.00162672
505	0.00198723	0
515	0.00331205	0.00162672
525	0.00397446	0.00325345
535	0.00198723	0
545	0.00364325	0
555	0.00364325	0
565	0.00198723	0
575	0.00198723	0
585	0.00397446	0
595	0.00198723	0
605	0.00231843	0
615	0.00132482	0.00162672
625	0.00264964	0
635	0.00231843	0
645	0.00165602	0
655	0.00132482	0
665	0.00198723	0
675	0.00198723	0.00162672
685	0.00198723	0
695	0.00198723	0
705	0	0
715	0.00132482	0
725	0.000993614	0.00488017
735	0.000993614	0.00162672
745	0.00165602	0.00162672
755	0.00132482	0
765	0.000331205	0
775	0.00165602	0
785	0.00198723	0
795	0.000993614	0.00162672
805	0.000331205	0.00162672
815	0.000662409	0.00325345
825	0.000331205	0
835	0.000331205	0
845	0.000993614	0.00325345
855	0.00132482	0
865	0.000331205	0.00162672
875	0.00132482	0
885	0.000331205	0
895	0.000662409	0
905	0.000331205	0
915	0.000662409	0.00325345
925	0.000662409	0
935	0.00132482	0.00488017
945	0.000331205	0
955	0.00132482	0.00325345
965	0.000331205	0
975	0.000331205	0.00162672
985	0.000331205	0
995	0.000662409	0.00162672
1005	0.000331205	0
1015	0.000331205	0
1025	0.00132482	0.00162672
1035	0.000662409	0.00162672
1045	0.000993614	0.00162672
1055	0.000331205	0
1065	0.000331205	0
1075	0.00165602	0
1085	0.000993614	0
1095	0.000662409	0
1105	0.000993614	0
1115	0.000331205	0.00162672
1125	0.000993614	0
1135	0.000662409	0
1145	0.000993614	0.00162672
1155	0.000331205	0
1165	0.000331205	0
1175	0.000662409	0.00162672
1185	0.000993614	0
1195	0.000662409	0
