FG time = 3544.45	BG time = 607.464
5	0	0
15	0	0
25	0	0
35	0.00733541	0.00164619
45	0.0392162	0.0148157
55	0.0541692	0.00823094
65	0.0758933	0.0131695
75	0.0939497	0.0131695
85	0.105799	0.0164619
95	0.113135	0.0115233
105	0.122163	0.0115233
115	0.123009	0.00987713
125	0.131191	0.0131695
135	0.135141	0.00658475
145	0.148401	0.0131695
155	0.142476	0.00658475
165	0.154326	0.00987713
175	0.159404	0.00329238
185	0.162225	0.00823094
195	0.151504	0.00658475
205	0.172382	0.00164619
215	0.183103	0
225	0.167586	0.00658475
235	0.182257	0.00329238
245	0.18141	0.00164619
255	0.171818	0.00329238
265	0.175204	0.00329238
275	0.180282	0.00493857
285	0.168714	0.00329238
295	0.173793	0.00164619
305	0.1642	0.00164619
315	0.175768	0.00329238
325	0.165047	0
335	0.174921	0.00164619
345	0.166175	0.00164619
355	0.154044	0.00164619
365	0.141912	0.00164619
375	0.149812	0.00164619
385	0.148683	0
395	0.150658	0.00164619
405	0.143323	0
415	0.133448	0.00493857
425	0.13768	0.00329238
435	0.124984	0
445	0.123291	0.00164619
455	0.12047	0.00164619
465	0.119906	0.00164619
475	0.119059	0.00164619
485	0.109467	0
495	0.111724	0
505	0.10326	0.00164619
515	0.101285	0.00493857
525	0.0868964	0.00329238
535	0.0832287	0.00164619
545	0.0809717	0
555	0.0758933	0.00164619
565	0.079561	0.00493857
575	0.0657366	0.00164619
585	0.0609404	0
595	0.0609404	0
605	0.0524764	0
615	0.0411912	0.00493857
625	0.0468338	0.00164619
635	0.0372413	0.00164619
645	0.0315987	0.00329238
655	0.0363949	0.00329238
665	0.0307523	0
675	0.0268025	0.00164619
685	0.0251097	0.00164619
695	0.0166457	0
705	0.0200313	0.00164619
715	0.0132602	0.00329238
725	0.0132602	0.00164619
735	0.00987459	0
745	0.00818181	0.00329238
755	0.00987459	0.00164619
765	0.00648902	0
775	0.00592476	0.00823094
785	0.00564263	0.00329238
795	0.00338558	0
805	0.00197492	0.00164619
815	0.00310344	0
825	0.00338558	0.00164619
835	0.00282131	0.00164619
845	0.00282131	0.00493857
855	0.00282131	0.00164619
865	0.00169279	0.00329238
875	0.00112853	0.00164619
885	0.00394984	0.00493857
895	0.00169279	0.00164619
905	0.00169279	0.00164619
915	0.00253918	0
925	0.00141066	0.00164619
935	0.00282131	0.00164619
945	0.00197492	0.00164619
955	0.00394984	0.00164619
965	0.000564263	0.00164619
975	0.00197492	0.00329238
985	0.000564263	0
995	0.00310344	0.00164619
1005	0.00310344	0.00164619
1015	0.00169279	0.00329238
1025	0.00197492	0
1035	0.00112853	0.00164619
1045	0.00197492	0.00164619
1055	0.00253918	0.00164619
1065	0.00141066	0
1075	0.00394984	0.00164619
1085	0.00310344	0.00493857
1095	0.00112853	0.00329238
1105	0.00141066	0.0115233
1115	0.00169279	0.00164619
1125	0.00282131	0
1135	0.00253918	0.00329238
1145	0.00141066	0.00658475
1155	0.00169279	0.00164619
1165	0.00282131	0.00329238
1175	0.00225705	0.00164619
1185	0.00197492	0.00329238
1195	0.00112853	0
