FG time = 3611.4	BG time = 486.203
5	0	0
15	0	0
25	0	0
35	0.000276901	0.00205675
45	0.00470732	0.00617026
55	0.011076	0.00411351
65	0.027967	0.00411351
75	0.0467963	0.00411351
85	0.0628566	0.00617026
95	0.0714405	0.00205675
105	0.083901	0.00617026
115	0.086947	0.00205675
125	0.106884	0.00822702
135	0.112976	0.00617026
145	0.112422	0.00617026
155	0.126544	0.00205675
165	0.132913	0.00205675
175	0.139004	0.00411351
185	0.156449	0
195	0.143435	0.00411351
205	0.155342	0.00411351
215	0.141496	0.00205675
225	0.163095	0
235	0.15728	0.00411351
245	0.177217	0
255	0.16974	0
265	0.170848	0
275	0.159218	0.00205675
285	0.154788	0.00205675
295	0.16171	0.00205675
305	0.164202	0.00411351
315	0.163925	0.00617026
325	0.166418	0.00205675
335	0.159218	0
345	0.153957	0.00205675
355	0.14122	0.00205675
365	0.148973	0
375	0.144265	0.00205675
385	0.14122	0.00205675
395	0.139281	0.00205675
405	0.136235	0.00205675
415	0.137343	0.00205675
425	0.129313	0.00205675
435	0.136235	0
445	0.123775	0.00205675
455	0.124882	0
465	0.126267	0.00411351
475	0.104392	0
485	0.112145	0.00411351
495	0.112976	0
505	0.104669	0.00205675
515	0.100792	0.00205675
525	0.0913774	0
535	0.0847317	0.00205675
545	0.0791937	0.00411351
555	0.0808551	0.00205675
565	0.0653487	0
575	0.0708867	0
585	0.0675639	0.00205675
595	0.0664563	0
605	0.055934	0.00205675
615	0.0509498	0
625	0.0365509	0
635	0.044858	0.00205675
645	0.036274	0.00205675
655	0.0321205	0
665	0.0321205	0.00411351
675	0.0238135	0
685	0.0285208	0.00205675
695	0.01966	0.00205675
705	0.0166141	0.00205675
715	0.0185524	0.00411351
725	0.0113529	0.00411351
735	0.0127375	0
745	0.011076	0
755	0.00775323	0.00411351
765	0.00553802	0
775	0.00609182	0
785	0.00553802	0.00205675
795	0.00415352	0
805	0.00249211	0
815	0.00332281	0
825	0.00193831	0
835	0.00221521	0.00205675
845	0.000276901	0
855	0.000830703	0.00205675
865	0.00276901	0.00205675
875	0.000830703	0
885	0.00138451	0.00205675
895	0.000830703	0
905	0.0011076	0
915	0.0011076	0.00205675
925	0.000830703	0.00822702
935	0.000276901	0.00822702
945	0.00359971	0.00411351
955	0.00249211	0.00205675
965	0.00193831	0.00205675
975	0.00138451	0.00205675
985	0.00249211	0
995	0.000830703	0.00205675
1005	0.00249211	0
1015	0.00193831	0.00411351
1025	0.00166141	0
1035	0.0011076	0
1045	0.0011076	0
1055	0.00221521	0.00411351
1065	0.00138451	0
1075	0.000553802	0.00411351
1085	0.0011076	0.00411351
1095	0.00276901	0.00205675
1105	0.00138451	0.00205675
1115	0.00166141	0
1125	0.00221521	0.00411351
1135	0.00166141	0.00205675
1145	0.00193831	0.00411351
1155	0.00166141	0.00205675
1165	0.00138451	0
1175	0.00138451	0
1185	0.00221521	0
1195	0.00221521	0.00205675
