FG time = 3607.36	BG time = 486.227
5	0	0
15	0	0
25	0	0
35	0	0
45	0	0
55	0.00110884	0
65	0.00110884	0
75	0.00110884	0
85	0.00360374	0
95	0.00221769	0
105	0.00304932	0
115	0.00609863	0
125	0.010534	0
135	0.00748469	0.00205665
145	0.00748469	0
155	0.00859353	0.00205665
165	0.00914795	0.00205665
175	0.0102568	0
185	0.00887074	0.00205665
195	0.00970237	0
205	0.00693027	0.00205665
215	0.00803911	0.00205665
225	0.0102568	0
235	0.010534	0
245	0.0110884	0
255	0.0108112	0
265	0.00970237	0
275	0.00831632	0
285	0.00997958	0.00205665
295	0.00831632	0
305	0.00637585	0
315	0.00859353	0.00205665
325	0.00997958	0
335	0.00803911	0
345	0.00720748	0
355	0.00582142	0
365	0.005267	0
375	0.00415816	0.00205665
385	0.00914795	0
395	0.00554421	0
405	0.00498979	0.00205665
415	0.00277211	0.00205665
425	0.00471258	0
435	0.00304932	0
445	0.00471258	0
455	0.00388095	0
465	0.00388095	0
475	0.00277211	0
485	0.00277211	0
495	0.00304932	0
505	0.0024949	0
515	0.00443537	0
525	0.000831632	0
535	0.0024949	0
545	0.000831632	0
555	0.00110884	0
565	0.00166326	0
575	0.000554421	0
585	0.000277211	0
595	0.00166326	0
605	0.000554421	0
615	0.00138605	0
625	0.000554421	0.00205665
635	0.000277211	0
645	0.00110884	0.00205665
655	0.000554421	0
665	0	0
675	0.000554421	0
685	0.000554421	0
695	0.000277211	0
705	0.000277211	0
715	0	0
725	0.000554421	0
735	0.000554421	0
745	0.000831632	0.00205665
755	0	0
765	0	0.00205665
775	0.000277211	0
785	0	0
795	0	0.00205665
805	0.000277211	0
815	0.000277211	0
825	0.000277211	0
835	0	0
845	0	0
855	0	0
865	0.000554421	0
875	0.000277211	0.00205665
885	0	0
895	0	0
905	0	0.00205665
915	0	0
925	0	0
935	0	0
945	0.000277211	0
955	0	0
965	0.000277211	0
975	0	0
985	0	0
995	0.000277211	0
1005	0	0
1015	0	0
1025	0	0
1035	0	0
1045	0	0
1055	0	0
1065	0	0
1075	0	0
1085	0	0
1095	0	0
1105	0	0
1115	0	0
1125	0	0
1135	0	0
1145	0	0
1155	0	0
1165	0	0
1175	0	0
1185	0	0
1195	0	0
