FG time = 3013.09	BG time = 613.328
5	0	0
15	0	0
25	0	0
35	0	0
45	0.000995655	0.00163045
55	0.00962466	0
65	0.0278783	0.00489135
75	0.0617306	0.0065218
85	0.0833031	0.0146741
95	0.0889452	0.0146741
105	0.095251	0.00489135
115	0.111181	0.0065218
125	0.127444	0.0065218
135	0.137068	0.00163045
145	0.143374	0.00163045
155	0.147357	0.00163045
165	0.155654	0.0032609
175	0.165611	0.00163045
185	0.165279	0.0032609
195	0.162624	0.00489135
205	0.191166	0.0032609
215	0.168266	0.00163045
225	0.19017	0
235	0.173244	0
245	0.185856	0
255	0.186851	0.00163045
265	0.165611	0.0032609
275	0.17789	0.00163045
285	0.176563	0.0032609
295	0.168929	0
305	0.177558	0.00163045
315	0.175567	0
325	0.193821	0.00163045
335	0.176231	0.0032609
345	0.174903	0
355	0.163951	0
365	0.163619	0.00163045
375	0.166274	0.00163045
385	0.158641	0
395	0.16196	0.0032609
405	0.15134	0
415	0.154658	0.0032609
425	0.137732	0.00163045
435	0.143374	0.0032609
445	0.129435	0.0032609
455	0.118815	0.00163045
465	0.137068	0.00163045
475	0.118483	0.00163045
485	0.113505	0.0032609
495	0.102884	0
505	0.108195	0.00163045
515	0.112841	0
525	0.103548	0
535	0.0823075	0.00163045
545	0.0819756	0
555	0.0816437	0.00163045
565	0.0756698	0
575	0.0680364	0
585	0.0680364	0
595	0.0597393	0
605	0.0590755	0
615	0.0497827	0.00163045
625	0.0554248	0
635	0.0408219	0.00163045
645	0.043145	0.0032609
655	0.0358436	0.00163045
665	0.0272146	0.00163045
675	0.0278783	0
685	0.028874	0
695	0.0272146	0
705	0.0169261	0.0032609
715	0.0162624	0.0032609
725	0.0152667	0.00163045
735	0.0129435	0.0032609
745	0.00763335	0.0032609
755	0.00829712	0
765	0.00531016	0.00163045
775	0.00531016	0
785	0.0043145	0
795	0.00199131	0
805	0.00232319	0
815	0.00165942	0
825	0.00265508	0.00163045
835	0.00232319	0
845	0.00132754	0
855	0.000995655	0
865	0.00066377	0
875	0.000995655	0.00163045
885	0.000331885	0.00163045
895	0.000995655	0.0032609
905	0.00199131	0.00163045
915	0.00066377	0.0032609
925	0.00066377	0.00163045
935	0.000331885	0
945	0.00199131	0.00163045
955	0.000995655	0
965	0.00066377	0.00163045
975	0.00066377	0
985	0.00199131	0
995	0.000995655	0
1005	0.000331885	0.00163045
1015	0.00165942	0.00163045
1025	0.00165942	0.00489135
1035	0.000331885	0
1045	0.000995655	0
1055	0.000995655	0
1065	0.000995655	0.0032609
1075	0.000995655	0.00163045
1085	0.00066377	0.00163045
1095	0.00132754	0
1105	0.00199131	0.00163045
1115	0.000995655	0
1125	0.000995655	0.0032609
1135	0.00066377	0
1145	0.000331885	0
1155	0.000995655	0.00163045
1165	0.00132754	0
1175	0.000331885	0
1185	0.00066377	0
1195	0.000331885	0.00163045
