FG time = 1507.25	BG time = 365.358
5	0	0
15	0	0
25	0	0
35	0	0.00273704
45	0.00331729	0.00273704
55	0.0205672	0.00547408
65	0.049096	0.0109482
75	0.065019	0.0109482
85	0.0908939	0.0246334
95	0.0875766	0.0164222
105	0.106817	0.00821112
115	0.130701	0.00821112
125	0.136673	0.00547408
135	0.143307	0.00821112
145	0.145961	0.00821112
155	0.158567	0
165	0.145298	0.00273704
175	0.157903	0.00547408
185	0.157903	0.00273704
195	0.171172	0.00273704
205	0.153259	0.00273704
215	0.15724	0.00821112
225	0.169845	0.00821112
235	0.151269	0.00273704
245	0.152596	0.00547408
255	0.169845	0.0109482
265	0.165865	0.00273704
275	0.155913	0.00273704
285	0.14198	0.00273704
295	0.142644	0
305	0.152596	0.00821112
315	0.161221	0.00273704
325	0.17847	0
335	0.162547	0.00273704
345	0.146624	0.00547408
355	0.151932	0.00273704
365	0.155249	0.00273704
375	0.14198	0.00547408
385	0.145961	0
395	0.147951	0
405	0.12473	0.00273704
415	0.123403	0.00547408
425	0.128711	0
435	0.137999	0
445	0.108807	0
455	0.132692	0.00273704
465	0.10549	0
475	0.112125	0.00547408
485	0.112788	0
495	0.100846	0
505	0.072317	0.00273704
515	0.0928843	0
525	0.0835958	0
535	0.0756343	0
545	0.0643555	0
555	0.0696632	0
565	0.0603748	0.00273704
575	0.0736439	0.00273704
585	0.0504229	0.00273704
595	0.0457787	0
605	0.0457787	0
615	0.0411345	0.00547408
625	0.0497594	0.0109482
635	0.0331729	0.00273704
645	0.031846	0
655	0.0291922	0.00273704
665	0.0338364	0.00273704
675	0.0205672	0
685	0.0278653	0.00273704
695	0.015923	0
705	0.0145961	0.00547408
715	0.0172499	0
725	0.0185769	0.00821112
735	0.00796151	0.00273704
745	0.0112788	0.00273704
755	0.00597113	0.00273704
765	0.00464421	0
775	0.00331729	0.00547408
785	0.00464421	0
795	0.00132692	0.00273704
805	0.00530767	0.00273704
815	0.00331729	0.0109482
825	0.000663459	0
835	0.00199038	0
845	0.00398075	0.00273704
855	0.00530767	0
865	0	0
875	0.00663459	0.00273704
885	0.00199038	0.00273704
895	0.00199038	0
905	0	0
915	0.00199038	0.00273704
925	0.00265384	0
935	0.00331729	0
945	0.00199038	0
955	0.00132692	0.00273704
965	0.00265384	0.00273704
975	0.00199038	0.00821112
985	0.000663459	0
995	0.00199038	0
1005	0.00132692	0
1015	0.00199038	0
1025	0.00265384	0.00273704
1035	0.00530767	0.00273704
1045	0.00464421	0.00547408
1055	0.000663459	0.00273704
1065	0.00132692	0.00273704
1075	0.00199038	0
1085	0	0.00547408
1095	0.00265384	0
1105	0.00331729	0.00547408
1115	0.00132692	0
1125	0.00199038	0
1135	0.00132692	0
1145	0.00199038	0.00273704
1155	0.00199038	0
1165	0.000663459	0.00821112
1175	0.000663459	0.00273704
1185	0.000663459	0
1195	0	0.00273704
