FG time = 3249.54	BG time = 600.423
5	0	0
15	0	0
25	0	0
35	0	0
45	0	0
55	0	0
65	0	0
75	0	0
85	0	0
95	0	0
105	0	0
115	0	0
125	0.000307736	0
135	0.000923208	0
145	0.00184642	0
155	0.00123094	0.00333098
165	0.00123094	0
175	0.00276962	0
185	0.00400057	0
195	0.00400057	0.00166549
205	0.00338509	0
215	0.00338509	0
225	0.00707793	0.00166549
235	0.00461604	0
245	0.00738566	0
255	0.00523151	0
265	0.00646245	0.00166549
275	0.00615472	0
285	0.00646245	0.00166549
295	0.00523151	0
305	0.00646245	0
315	0.00800113	0.00166549
325	0.00523151	0
335	0.00646245	0.00333098
345	0.0043083	0
355	0.00615472	0
365	0.00523151	0
375	0.00553925	0
385	0.00830887	0
395	0.00492377	0
405	0.00707793	0.00499648
415	0.0043083	0
425	0.00523151	0.00166549
435	0.00400057	0
445	0.00523151	0.00166549
455	0.0043083	0
465	0.00553925	0.00166549
475	0.00523151	0
485	0.00553925	0
495	0.0043083	0.00166549
505	0.00276962	0
515	0.00492377	0
525	0.00553925	0
535	0.00553925	0
545	0.00246189	0.00166549
555	0.00461604	0
565	0.00215415	0
575	0.00307736	0
585	0.00307736	0
595	0.00246189	0.00166549
605	0.000615472	0.00166549
615	0.00184642	0
625	0.00215415	0
635	0.00215415	0
645	0.00276962	0
655	0.00246189	0
665	0.00184642	0
675	0.00184642	0.00166549
685	0.00123094	0.00499648
695	0.000923208	0
705	0.00123094	0
715	0.000923208	0.00333098
725	0.000923208	0.00166549
735	0.00246189	0
745	0	0
755	0.000307736	0.00166549
765	0.00153868	0.00166549
775	0.000307736	0
785	0.000307736	0
795	0.00123094	0
805	0.00123094	0
815	0.000307736	0.00166549
825	0	0
835	0.000615472	0
845	0.000307736	0
855	0.00153868	0
865	0.00153868	0
875	0.000307736	0.00166549
885	0.00123094	0.00166549
895	0.000615472	0
905	0.000307736	0.00166549
915	0.00153868	0.00166549
925	0.000615472	0
935	0	0
945	0.000923208	0.00333098
955	0.00123094	0
965	0.00123094	0
975	0.00123094	0.00166549
985	0.00184642	0
995	0.00123094	0
1005	0.000307736	0.00333098
1015	0.000615472	0
1025	0.00153868	0
1035	0.00153868	0
1045	0.000615472	0
1055	0.000923208	0.00166549
1065	0.00153868	0
1075	0.000615472	0.00166549
1085	0.000307736	0
1095	0.00123094	0
1105	0.000307736	0
1115	0.000615472	0
1125	0.00153868	0.00166549
1135	0.00123094	0
1145	0.00153868	0
1155	0.000615472	0.00166549
1165	0.000923208	0.00166549
1175	0.000615472	0.00166549
1185	0.000923208	0
1195	0.000923208	0
