FG time = 3611.81	BG time = 486.662
5	0	0
15	0	0
25	0	0
35	0.00249182	0
45	0.0152278	0.00616444
55	0.0498365	0.00205481
65	0.080569	0.00410963
75	0.0971811	0.00205481
85	0.116008	0.00410963
95	0.139265	0.00410963
105	0.139542	0.00410963
115	0.161969	0
125	0.155047	0.00205481
135	0.169998	0.00205481
145	0.19104	0.00205481
155	0.171936	0.00205481
165	0.206821	0.00410963
175	0.195193	0.00410963
185	0.194085	0.00205481
195	0.215958	0.00205481
205	0.213743	0.00205481
215	0.208483	0
225	0.218727	0.00205481
235	0.207929	0
245	0.207652	0.00616444
255	0.232017	0.00616444
265	0.232017	0
275	0.218173	0
285	0.226479	0
295	0.222049	0.00205481
305	0.219004	0.00205481
315	0.225649	0.00205481
325	0.222326	0
335	0.194916	0.00205481
345	0.213189	0
355	0.187994	0
365	0.188825	0.00410963
375	0.18661	0.00205481
385	0.178304	0.00410963
395	0.197131	0
405	0.176089	0.00205481
415	0.179965	0
425	0.176643	0
435	0.16363	0.00205481
445	0.166398	0
455	0.156985	0.00205481
465	0.148125	0.00205481
475	0.140927	0
485	0.143972	0
495	0.130682	0
505	0.141757	0.00205481
515	0.121269	0.00410963
525	0.111578	0
535	0.123761	0
545	0.114347	0
555	0.109917	0.00205481
565	0.0993961	0
575	0.102165	0
585	0.0921975	0
595	0.078354	0.00205481
605	0.0753085	0
615	0.0658949	0
625	0.0650643	0
635	0.0672793	0
645	0.0600807	0
655	0.0526052	0.00205481
665	0.0404229	0.00205481
675	0.0406998	0.00205481
685	0.0332243	0.00205481
695	0.0379311	0
705	0.0312862	0
715	0.0293482	0
725	0.0235339	0
735	0.0204883	0.00205481
745	0.0124591	0
755	0.0157816	0.00205481
765	0.0110748	0
775	0.0099673	0.00205481
785	0.00775234	0
795	0.00664486	0.00205481
805	0.00526052	0.00205481
815	0.00249182	0
825	0.00332243	0
835	0.00332243	0.00205481
845	0.00276869	0
855	0.00304556	0
865	0.00193809	0.00205481
875	0.00221495	0
885	0.00138435	0.00410963
895	0.000553739	0
905	0.00166122	0.00205481
915	0.000830608	0.00205481
925	0.00138435	0
935	0.000276869	0.00205481
945	0.00110748	0
955	0.00110748	0.00205481
965	0.00110748	0
975	0.000830608	0.00205481
985	0.00166122	0.00205481
995	0.00110748	0.00205481
1005	0.000830608	0.00205481
1015	0.000276869	0
1025	0.00166122	0
1035	0.00110748	0.00205481
1045	0.000553739	0
1055	0.000553739	0.00205481
1065	0.00193809	0
1075	0.000830608	0
1085	0.00110748	0.00205481
1095	0.000553739	0
1105	0.000553739	0
1115	0.00193809	0
1125	0.00221495	0.00205481
1135	0	0
1145	0.00110748	0.00205481
1155	0.000553739	0.00616444
1165	0.000830608	0
1175	0.00166122	0.00205481
1185	0.000553739	0.00205481
1195	0.00166122	0
