FG time = 4785.46	BG time = 733.611
5	0	0
15	0	0
25	0	0
35	0	0
45	0.00167173	0.00136312
55	0.0102394	0.00272624
65	0.0386588	0.00545248
75	0.0741831	0.0122681
85	0.105946	0.0163574
95	0.121409	0.0149943
105	0.132067	0.0190837
115	0.141261	0.010905
125	0.146276	0.00954184
135	0.166755	0.0163574
145	0.166128	0.00954184
155	0.185771	0.00545248
165	0.17992	0.00408936
175	0.191413	0.00408936
185	0.180547	0.00136312
195	0.198936	0.00817872
205	0.195802	0.00408936
215	0.195384	0.00408936
225	0.208131	0.0068156
235	0.196219	0.00272624
245	0.193085	0.00272624
255	0.204578	0.00408936
265	0.204578	0.00545248
275	0.199981	0.00272624
285	0.204578	0.00272624
295	0.184308	0.00545248
305	0.19204	0.00817872
315	0.196219	0.00272624
325	0.200608	0.00136312
335	0.20019	0.00272624
345	0.17992	0.00136312
355	0.187443	0.00272624
365	0.172188	0.00136312
375	0.171143	0.00272624
385	0.17177	0
395	0.176159	0.00545248
405	0.166755	0.00408936
415	0.158605	0.00272624
425	0.148366	0.00136312
435	0.144814	0.00408936
445	0.140634	0.00272624
455	0.130604	0
465	0.13353	0
475	0.127887	0.00136312
485	0.113469	0.00408936
495	0.119738	0.00136312
505	0.101558	0.00272624
515	0.112424	0.00272624
525	0.0940349	0.00272624
535	0.0875569	0.00545248
545	0.0846314	0.00545248
555	0.0883928	0.00136312
565	0.0737651	0.00136312
575	0.0729293	0.00136312
585	0.0641527	0.0068156
595	0.0670782	0.00272624
605	0.0514057	0
615	0.0488981	0.00272624
625	0.0465995	0.00136312
635	0.0422112	0.00136312
645	0.0382408	0
655	0.0290463	0.00408936
665	0.0292553	0.00136312
675	0.0294643	0.0068156
685	0.0265387	0.00136312
695	0.0208966	0.00408936
705	0.0206877	0.0068156
715	0.0133738	0.00136312
725	0.0158814	0.00272624
735	0.0119111	0.00136312
745	0.0135828	0.00408936
755	0.00689589	0.0068156
765	0.00710486	0.00272624
775	0.00564209	0.00272624
785	0.00564209	0.00136312
795	0.00480623	0.00272624
805	0.00334346	0
815	0.00438829	0.00136312
825	0.0031345	0.00136312
835	0.00355243	0.00136312
845	0.00146276	0.00272624
855	0.00355243	0.00408936
865	0.00355243	0.00408936
875	0.00334346	0.00136312
885	0.00146276	0.00272624
895	0.00229863	0.00272624
905	0.00229863	0.00136312
915	0.00208966	0.00272624
925	0.0025076	0
935	0.0031345	0.00136312
945	0.00417933	0.00408936
955	0.00271656	0.00272624
965	0.00229863	0.00408936
975	0.0018807	0.00136312
985	0.000835866	0.00136312
995	0.00292553	0.00272624
1005	0.00167173	0.00545248
1015	0.00146276	0.00408936
1025	0.00208966	0.00136312
1035	0.00104483	0.00136312
1045	0.00167173	0.00272624
1055	0.0012538	0.00272624
1065	0.00208966	0.00136312
1075	0.00271656	0.00136312
1085	0.0031345	0
1095	0.00229863	0.00408936
1105	0.00167173	0.00136312
1115	0.0012538	0.00272624
1125	0.00397036	0.00136312
1135	0.00167173	0.00136312
1145	0.00146276	0
1155	0.0012538	0
1165	0.00146276	0.00136312
1175	0.00146276	0.00272624
1185	0.00167173	0
1195	0.00104483	0
