FG time = 3611.91	BG time = 486.734
5	0	0
15	0	0
25	0	0
35	0	0.00205451
45	0.00498352	0
55	0.0119051	0.00410902
65	0.0312854	0.00616353
75	0.0484509	0.00205451
85	0.0559261	0.00616353
95	0.072261	0.00821804
105	0.0880421	0
115	0.0955174	0.00205451
125	0.102993	0.00205451
135	0.118497	0.00410902
145	0.119604	0.00616353
155	0.120712	0.00616353
165	0.125972	0.00616353
175	0.125695	0.00205451
185	0.129295	0.00410902
195	0.127633	0.00410902
205	0.155873	0.00410902
215	0.147291	0.00205451
225	0.144799	0
235	0.151444	0.00205451
245	0.148121	0.00410902
255	0.160026	0.00205451
265	0.153935	0.00410902
275	0.153382	0
285	0.153105	0.00205451
295	0.150059	0
305	0.153658	0.00205451
315	0.144799	0
325	0.156981	0
335	0.147014	0
345	0.154212	0
355	0.151997	0
365	0.140092	0.00205451
375	0.158365	0
385	0.139538	0
395	0.145353	0.00205451
405	0.143415	0
415	0.135109	0
425	0.137047	0
435	0.130402	0.00205451
445	0.110745	0
455	0.113237	0
465	0.113237	0
475	0.107699	0
485	0.10327	0
495	0.0974555	0.00205451
505	0.100224	0
515	0.0916413	0
525	0.0913645	0
535	0.0927488	0.00205451
545	0.08029	0
555	0.0780751	0
565	0.0725379	0
575	0.0683849	0
585	0.0584179	0.00205451
595	0.0575873	0.00205451
605	0.0473434	0
615	0.0476203	0
625	0.0384838	0
635	0.0412524	0
645	0.0370995	0.00205451
655	0.0323929	0
665	0.0279631	0
675	0.030178	0
685	0.0213184	0
695	0.0196572	0
705	0.0149506	0.00205451
715	0.0171654	0.00410902
725	0.0110745	0
735	0.0121819	0
745	0.0102439	0
755	0.00609097	0.00205451
765	0.00775214	0.00205451
775	0.00553724	0
785	0.00276862	0
795	0.00387607	0
805	0.00332234	0
815	0.0022149	0
825	0.00193803	0.00410902
835	0.00193803	0
845	0.000830586	0.00410902
855	0.00110745	0
865	0.00138431	0
875	0.000276862	0
885	0.000830586	0.00410902
895	0.00110745	0
905	0.000276862	0
915	0.00110745	0
925	0.00166117	0
935	0.000553724	0.00205451
945	0.000276862	0.00205451
955	0.000830586	0.00205451
965	0.000830586	0.00205451
975	0.000276862	0.00205451
985	0.00138431	0
995	0.000830586	0.00410902
1005	0.00110745	0.00205451
1015	0.00138431	0
1025	0.00110745	0
1035	0.000276862	0
1045	0.000553724	0.00205451
1055	0.000553724	0
1065	0.00193803	0
1075	0.000830586	0.00205451
1085	0.000276862	0.00205451
1095	0.00110745	0
1105	0.00110745	0
1115	0.000830586	0.00205451
1125	0.000276862	0
1135	0	0
1145	0.00138431	0.00205451
1155	0.000553724	0.00205451
1165	0.000553724	0
1175	0.000553724	0.00205451
1185	0.00110745	0.00205451
1195	0.000553724	0
