FG time = 2883.86	BG time = 365.461
5	0	0
15	0	0
25	0	0
35	0.000693515	0
45	0.00416109	0.00547255
55	0.0284341	0.0109451
65	0.0554812	0.00547255
75	0.0835685	0.00820882
85	0.109922	0.00547255
95	0.138009	0.0109451
105	0.159508	0
115	0.19141	0
125	0.185862	0.00547255
135	0.225046	0.00547255
145	0.24273	0.00273627
155	0.24169	0.00273627
165	0.264229	0
175	0.280873	0
185	0.268737	0.00273627
195	0.278793	0.00273627
205	0.296824	0
215	0.314162	0.00273627
225	0.323178	0.00273627
235	0.312082	0.00273627
245	0.326992	0
255	0.314162	0.00273627
265	0.330807	0
275	0.322831	0
285	0.322831	0
295	0.34329	0
305	0.314509	0.00273627
315	0.330807	0.00547255
325	0.300639	0.00547255
335	0.31763	0
345	0.309654	0.00273627
355	0.328379	0.00273627
365	0.305147	0.00273627
375	0.302372	0.00273627
385	0.295437	0
395	0.282954	0
405	0.284341	0.00547255
415	0.287809	0
425	0.262149	0
435	0.264576	0
445	0.272551	0
455	0.248625	0
465	0.224699	0
475	0.221231	0
485	0.21707	0.00273627
495	0.212216	0.00273627
505	0.194531	0
515	0.205974	0
525	0.174766	0
535	0.17858	0.00273627
545	0.16679	0
555	0.155001	0
565	0.143558	0
575	0.142171	0.00273627
585	0.128994	0
595	0.110616	0
605	0.124833	0.00273627
615	0.102293	0.00273627
625	0.0977856	0
635	0.0884231	0
645	0.0759399	0
655	0.0683112	0
665	0.0620696	0.00273627
675	0.0502798	0.00273627
685	0.0461187	0
695	0.0395303	0
705	0.032942	0
715	0.0294744	0
725	0.0201119	0
735	0.0197652	0.00273627
745	0.0152573	0.00273627
755	0.0121365	0
765	0.00970921	0.00273627
775	0.0110962	0.00273627
785	0.00728191	0.00273627
795	0.00589488	0
805	0.0048546	0
815	0.00416109	0
825	0.00346757	0
835	0.00173379	0
845	0.00173379	0
855	0.0024273	0
865	0.00138703	0
875	0.0024273	0.00273627
885	0.00346757	0.00547255
895	0.00173379	0
905	0.000346757	0.00273627
915	0.00173379	0.00273627
925	0.00138703	0.00273627
935	0.00104027	0
945	0.00208054	0
955	0.00104027	0.00273627
965	0.00138703	0
975	0.000693515	0
985	0.00312082	0
995	0.0024273	0.00273627
1005	0.00173379	0
1015	0.000693515	0.00273627
1025	0.00138703	0
1035	0.00208054	0
1045	0.00173379	0
1055	0.00173379	0.00547255
1065	0.00173379	0.00547255
1075	0.00104027	0
1085	0.00138703	0.00273627
1095	0.0024273	0
1105	0.00173379	0
1115	0.00277406	0
1125	0.00138703	0.00273627
1135	0.00104027	0.00273627
1145	0.000346757	0
1155	0.000346757	0
1165	0.000346757	0
1175	0.00138703	0
1185	0.000693515	0
1195	0.00138703	0
