FG time = 3455.79	BG time = 486.137
5	0	0
15	0	0
25	0.000578739	0
35	0.00231496	0
45	0.0150472	0
55	0.047746	0.0061711
65	0.136004	0.0123422
75	0.202269	0.0061711
85	0.227734	0.0102852
95	0.262458	0.0123422
105	0.256382	0.00822813
115	0.280689	0.00822813
125	0.282425	0.00822813
135	0.306442	0.0061711
145	0.283293	0.00411406
155	0.3212	0.0061711
165	0.295446	0.00411406
175	0.307889	0.00205703
185	0.325541	0.00205703
195	0.317728	0
205	0.314545	0.00411406
215	0.319753	0.00205703
225	0.331039	0.00205703
235	0.319175	0.00205703
245	0.326698	0
255	0.314834	0.00205703
265	0.328724	0.00205703
275	0.314834	0.00411406
285	0.326988	0
295	0.314255	0
305	0.319753	0
315	0.310783	0
325	0.300655	0
335	0.288502	0.00205703
345	0.291685	0
355	0.288791	0
365	0.282135	0
375	0.265931	0.00205703
385	0.266509	0
395	0.268824	0.00205703
405	0.267956	0.00205703
415	0.24336	0
425	0.234968	0
435	0.245096	0
445	0.215002	0
455	0.214134	0.00205703
465	0.217895	0
475	0.204584	0.00205703
485	0.186065	0.00205703
495	0.190405	0.00411406
505	0.171017	0.00205703
515	0.159153	0
525	0.167256	0
535	0.152787	0.00411406
545	0.147289	0
555	0.132531	0
565	0.120957	0.00411406
575	0.120957	0
585	0.108803	0
595	0.0960707	0
605	0.0920196	0
615	0.0824704	0.00205703
625	0.0755255	0.00205703
635	0.0636613	0.00411406
645	0.0549802	0
655	0.0486141	0.00411406
665	0.0457204	0
675	0.0451417	0
685	0.0326988	0
695	0.0347244	0.00205703
705	0.0280689	0.00205703
715	0.0222815	0
725	0.0182303	0
735	0.00925983	0.00205703
745	0.0121535	0.00205703
755	0.00723424	0.00411406
765	0.00694487	0
775	0.00549802	0.00411406
785	0.00405118	0
795	0.00434054	0.00205703
805	0.00318307	0
815	0.00405118	0
825	0.00231496	0
835	0.00318307	0.00411406
845	0.00173622	0
855	0.00202559	0.00205703
865	0.000868109	0
875	0.000868109	0
885	0.00115748	0
895	0.00144685	0
905	0.00028937	0.00411406
915	0.00115748	0
925	0.000578739	0
935	0.00202559	0
945	0.000868109	0
955	0.000868109	0.00205703
965	0.000868109	0
975	0.000578739	0
985	0	0
995	0.00028937	0
1005	0.000868109	0.00205703
1015	0.000868109	0
1025	0.00028937	0
1035	0.000868109	0
1045	0.00028937	0
1055	0.00202559	0.00205703
1065	0.00144685	0
1075	0.00115748	0
1085	0.000578739	0
1095	0.00173622	0
1105	0.00144685	0.00205703
1115	0.000868109	0.00205703
1125	0.00202559	0.0061711
1135	0.00173622	0
1145	0.000868109	0.00205703
1155	0	0
1165	0.000868109	0
1175	0.00115748	0
1185	0.00115748	0
1195	0.00202559	0
