5	1	1
15	1	1
25	1	1
35	1	1
45	1	1
55	1	1
65	1	1
75	1	1
85	1	1
95	1	1
105	0.252046	0.204784
115	0.698383	0.610267
125	0.789235	0.397033
135	2.03543	1.68609
145	1.55922	0.708673
155	1.14857	0.297588
165	1.22494	0.280497
175	1.55816	0.388385
185	1.23856	0.216336
195	1.38426	0.24339
205	1.34606	0.209986
215	1.20928	0.157189
225	1.14213	0.132016
235	1.28651	0.157975
245	1.47098	0.197358
255	1.22984	0.132411
265	1.25674	0.133397
275	1.22082	0.121875
285	1.16024	0.107052
295	1.37001	0.145796
305	1.23602	0.116303
315	1.51962	0.172571
325	1.27863	0.120419
335	1.35404	0.133237
345	1.28949	0.119449
355	1.22951	0.108017
365	1.14365	0.0924043
375	1.22769	0.106226
385	1.18742	0.0992633
395	1.29427	0.117809
405	1.229	0.106477
415	1.18537	0.0992955
425	1.31769	0.123331
435	1.15926	0.0958569
445	1.27068	0.116483
455	1.22405	0.108529
465	1.3135	0.126804
475	1.18928	0.104801
485	1.17455	0.103739
495	1.36569	0.142327
505	1.25426	0.122199
515	1.75494	0.243394
525	1.14711	0.106838
535	1.2708	0.133228
545	1.19868	0.121653
555	1.20334	0.125347
565	1.48823	0.197026
575	1.1233	0.115653
585	1.29974	0.159915
595	1.46919	0.212624
605	1.38333	0.19463
615	1.12925	0.135274
625	1.1628	0.149408
635	1.01249	0.118419
645	1.15095	0.159864
655	1.32769	0.226501
665	1.06425	0.153434
675	1.24942	0.222593
685	1.17895	0.212123
695	1.21381	0.240582
705	1.52498	0.406785
715	1.49427	0.428374
725	1.23218	0.315295
735	0.977933	0.219672
745	1.482	0.55382
755	0.625575	0.110413
765	1.21359	0.47715
775	0.901945	0.298089
785	1.02698	0.448148
795	3.91999	7.75658
805	1.90076	2.13077
815	1.02087	0.711131
825	0.714283	0.429451
835	0.361543	0.140592
845	1.20716	1.95153
855	0.367392	0.228749
865	0.325588	0.269812
875	1	1
885	1	1
895	1	1
905	1	1
915	1	1
925	1	1
935	1	1
945	1	1
955	1	1
965	1	1
975	1	1
985	1	1
995	1	1
1005	1	1
1015	1	1
1025	1	1
1035	1	1
1045	1	1
1055	1	1
1065	1	1
1075	1	1
1085	1	1
1095	1	1
1105	1	1
1115	1	1
1125	1	1
1135	1	1
1145	1	1
1155	1	1
1165	1	1
1175	1	1
1185	1	1
1195	1	1
