5	1	1
15	1	1
25	1	1
35	1	1
45	1	1
55	1	1
65	0.683076	0.87011
75	1.89289	2.54258
85	3.87811	5.56324
95	7.01404	11.5036
105	-169.936	5029.57
115	7.02061	7.05025
125	14.3782	25.8072
135	-10.3772	12.2099
145	92.0383	899.71
155	-5.16207	2.65359
165	-9.9336	9.42226
175	-19.3136	34.6003
185	4.49076	1.81522
195	2.75827	0.671508
205	4.03154	1.41466
215	2.98532	0.766119
225	2.94043	0.740853
235	3.84728	1.26478
245	2.58193	0.56887
255	2.3047	0.45731
265	2.26309	0.443103
275	2.95635	0.763304
285	2.12586	0.399166
295	1.56351	0.218124
305	2.24408	0.456327
315	2.33145	0.502782
325	1.84971	0.321379
335	1.45077	0.20186
345	2.22294	0.481997
355	1.55867	0.241238
365	1.54194	0.242296
375	1.82228	0.345564
385	1.70049	0.308532
395	1.49474	0.243914
405	1.44245	0.232899
415	1.43891	0.238134
425	1.38093	0.223413
435	1.50542	0.273385
445	1.51813	0.286071
455	2.09852	0.563565
465	1.35482	0.24207
475	1.54991	0.326647
485	2.14776	0.641039
495	1.65388	0.393973
505	2.47261	0.912464
515	1.79174	0.491049
525	1.38131	0.305264
535	1.60363	0.422239
545	1.71324	0.502145
555	1.16889	0.241005
565	2.92911	1.58088
575	1.26379	0.308602
585	0.811839	0.13123
595	1.8546	0.72248
605	2.18096	1.0467
615	1.34844	0.414948
625	2.06326	1.03531
635	1.45713	0.544675
645	1.00044	0.273031
655	1.26641	0.452423
665	13.1678	52.4608
675	1.13521	0.422003
685	1.67311	0.963944
695	1.44049	0.782134
705	2.4638	2.43188
715	1.86953	1.49767
725	-2.56143	3.08586
735	0.662515	0.224274
745	0.616811	0.211559
755	1.18109	0.859581
765	1.37404	1.3049
775	0.644878	0.323611
785	-7.00006	43.5055
795	-1.0889	1.12659
805	-19.3427	401.686
815	1.26505	2.02656
825	0.25587	0.10208
835	0.302364	0.181441
845	1	1
855	1	1
865	1	1
875	1	1
885	1	1
895	1	1
905	1	1
915	1	1
925	1	1
935	1	1
945	1	1
955	1	1
965	1	1
975	1	1
985	1	1
995	1	1
1005	1	1
1015	1	1
1025	1	1
1035	1	1
1045	1	1
1055	1	1
1065	1	1
1075	1	1
1085	1	1
1095	1	1
1105	1	1
1115	1	1
1125	1	1
1135	1	1
1145	1	1
1155	1	1
1165	1	1
1175	1	1
1185	1	1
1195	1	1
