5	1	1
15	1	1
25	1	1
35	1	1
45	1	1
55	1	1
65	2.59108	13.3531
75	-3.30084	8.89563
85	22.9693	208.709
95	2.86218	2.02952
105	-9.22866	15.3272
115	-9.6207	13.4461
125	-3.29536	1.36227
135	-11.2423	14.3649
145	-13.0838	18.1976
155	18.4635	34.4768
165	-9.51013	8.82639
175	-6.53267	4.07361
185	-12.2968	14.2561
195	9.64005	8.67239
205	3.80061	1.35345
215	6.08514	3.47124
225	5.18377	2.54265
235	5.0246	2.42
245	7.09538	4.88012
255	2.43023	0.579675
265	3.49589	1.21908
275	2.10983	0.451249
285	2.91391	0.881894
295	5.60427	3.308
305	1.81386	0.352977
315	3.58896	1.41547
325	1.61014	0.290979
335	2.02069	0.469385
345	2.10911	0.520203
355	1.87583	0.421906
365	1.76341	0.380434
375	1.20686	0.182936
385	2.2341	0.640044
395	1.35043	0.239867
405	1.54282	0.317754
415	1.97746	0.533963
425	1.52686	0.328172
435	1.50839	0.32799
445	2.72665	1.10738
455	1.21352	0.225104
465	1.44029	0.326126
475	1.25445	0.255482
485	1.62057	0.440799
495	1.75263	0.529487
505	1.9101	0.647318
515	1.42497	0.373284
525	1.4371	0.395176
535	0.890296	0.1578
545	0.963229	0.192225
555	1.08661	0.250475
565	1.21404	0.326743
575	1.60793	0.597814
585	1.76937	0.761978
595	1.35959	0.470557
605	1.07165	0.3061
615	1.21563	0.414946
625	1.50256	0.673824
635	0.69752	0.152787
645	0.943422	0.295995
655	1.75447	1.09266
665	1.26316	0.610243
675	0.734493	0.217166
685	2.96188	3.77534
695	6.19669	18.0399
705	0.668586	0.224145
715	3.244	5.9284
725	0.883271	0.476159
735	0.556228	0.205037
745	1.67345	2.13721
755	2.64405	5.90068
765	0.420519	0.175558
775	-0.548651	0.315755
785	1.80585	4.4422
795	3.51809	18.719
805	0.252745	0.121238
815	0.822828	1.5976
825	1	1
835	1	1
845	1	1
855	1	1
865	1	1
875	1	1
885	1	1
895	1	1
905	1	1
915	1	1
925	1	1
935	1	1
945	1	1
955	1	1
965	1	1
975	1	1
985	1	1
995	1	1
1005	1	1
1015	1	1
1025	1	1
1035	1	1
1045	1	1
1055	1	1
1065	1	1
1075	1	1
1085	1	1
1095	1	1
1105	1	1
1115	1	1
1125	1	1
1135	1	1
1145	1	1
1155	1	1
1165	1	1
1175	1	1
1185	1	1
1195	1	1
