5	1	1
15	1	1
25	1	1
35	1	1
45	1.30109	0.88999
55	0.96123	0.107135
65	1.01777	0.0556428
75	0.996807	0.0353826
85	0.996529	0.0281007
95	1.02472	0.0256638
105	1.02483	0.0231401
115	1.06057	0.022874
125	1.05122	0.0210753
135	1.02457	0.0189657
145	1.03527	0.0184813
155	1.04225	0.0179877
165	1.06812	0.0182018
175	1.05071	0.0170619
185	1.01904	0.0155915
195	1.04976	0.0161294
205	1.0488	0.0157366
215	1.0083	0.0142534
225	1.03189	0.0146644
235	1.02721	0.0143105
245	1.03742	0.014387
255	1.03266	0.0141022
265	1.02683	0.0137964
275	1.00961	0.0132195
285	1.02432	0.0135122
295	1.02192	0.0133777
305	1.02088	0.0132849
315	1.03415	0.0135955
325	1.00888	0.0129209
335	1.04147	0.0137603
345	0.996953	0.0126229
355	0.999962	0.0127216
365	0.99241	0.0125692
375	1.00488	0.0129448
385	0.994861	0.0127494
395	1.00479	0.0130965
405	0.974148	0.0124029
415	0.993732	0.0130217
425	0.990633	0.0130687
435	0.979128	0.012904
445	0.976041	0.0129832
455	1.00365	0.0139177
465	0.986837	0.0136462
475	0.968494	0.0133595
485	0.98763	0.0141366
495	0.993933	0.0145781
505	0.962714	0.0139548
515	0.985173	0.0149311
525	1.01044	0.0160796
535	0.979908	0.0154956
545	1.0003	0.0165783
555	1.00066	0.0170615
565	0.993141	0.0173244
575	0.974962	0.0172496
585	1.00864	0.0190946
595	0.959239	0.0179063
605	0.965953	0.0188962
615	0.972353	0.019965
625	0.973061	0.0209218
635	0.958512	0.021278
645	0.941384	0.0216418
655	0.940017	0.0228088
665	0.948218	0.0246411
675	1.00734	0.0296642
685	0.932179	0.0271652
695	0.949392	0.0303465
705	0.902427	0.0298348
715	0.944902	0.0357309
725	0.980448	0.0420997
735	0.936421	0.0427891
745	0.984621	0.0528074
755	0.976483	0.0587565
765	1.00768	0.0712077
775	0.991089	0.0796726
785	1.05052	0.104457
795	0.958804	0.102804
805	0.973233	0.126609
815	0.857369	0.118753
825	1.07918	0.231743
835	1.49937	0.557751
845	0.894191	0.248344
855	1.75054	1.16811
865	1.12575	0.649982
875	3.42587	7.72655
885	0.857812	0.63381
895	-0.822155	0.845711
905	0.270602	0.105395
915	0.35548	0.24828
925	1	1
935	1	1
945	1	1
955	1	1
965	1	1
975	1	1
985	1	1
995	1	1
1005	1	1
1015	1	1
1025	1	1
1035	1	1
1045	1	1
1055	1	1
1065	1	1
1075	1	1
1085	1	1
1095	1	1
1105	1	1
1115	1	1
1125	1	1
1135	1	1
1145	1	1
1155	1	1
1165	1	1
1175	1	1
1185	1	1
1195	1	1
