5	1	1
15	1	1
25	1	1
35	1	1
45	0.997806	1.26423
55	1.03132	0.134167
65	1.03605	0.0523941
75	0.988798	0.0326794
85	1.00502	0.0279913
95	1.0522	0.0271754
105	1.04656	0.0245287
115	1.01335	0.021366
125	1.04246	0.0212599
135	1.00287	0.0186666
145	1.03954	0.0191396
155	1.01607	0.0175586
165	1.0103	0.0167392
175	1.04289	0.0172725
185	1.03477	0.0165177
195	1.01376	0.0154636
205	1.01668	0.0152125
215	0.984098	0.0139604
225	0.98593	0.0137593
235	1.00521	0.0140841
245	1.00337	0.0138377
255	0.999871	0.0135833
265	1.00797	0.0136694
275	0.98862	0.0130374
285	1.01765	0.0137197
295	0.996757	0.0130769
305	0.994376	0.0129604
315	1.00557	0.0132155
325	1.00558	0.0131925
335	0.999201	0.0130185
345	1.00392	0.0131646
355	0.983016	0.012642
365	0.953832	0.0119369
375	0.965096	0.0122789
385	0.970848	0.0124766
395	0.963687	0.012381
405	0.966634	0.0125613
415	0.964183	0.0125962
425	0.963312	0.012704
435	0.970034	0.013018
445	0.96682	0.0130903
455	0.990081	0.0139175
465	0.9761	0.0137315
475	0.986214	0.0142359
485	0.959107	0.0136962
495	0.966984	0.014183
505	0.978261	0.0148123
515	0.975563	0.0150549
525	0.960738	0.014946
535	0.948912	0.0149569
545	0.966439	0.0159134
555	0.955342	0.0159966
565	0.972008	0.0170704
575	0.976314	0.0177826
585	0.95879	0.01776
595	1.00396	0.0202129
605	0.929666	0.0179981
615	0.96073	0.020067
625	0.970161	0.0213755
635	0.960842	0.0220588
645	0.970825	0.0236702
655	0.976038	0.0253198
665	0.922411	0.024008
675	0.922666	0.0256543
685	0.909519	0.0266839
695	0.95452	0.0317321
705	0.936634	0.0332754
715	0.950454	0.0374197
725	0.944767	0.0407637
735	0.869475	0.0383684
745	0.969594	0.0535536
755	1.0151	0.0664607
765	0.950073	0.0670196
775	0.868915	0.0650811
785	0.974514	0.0961064
795	1.0314	0.128215
805	0.838787	0.102783
815	1.03309	0.193001
825	0.918695	0.189155
835	1.08921	0.336423
845	1.02133	0.380565
855	0.932413	0.425201
865	-2.1156	2.90651
875	-5.06554	23.2045
885	0.76194	0.73291
895	0.164738	0.0488369
905	1	1
915	1	1
925	1	1
935	1	1
945	1	1
955	1	1
965	1	1
975	1	1
985	1	1
995	1	1
1005	1	1
1015	1	1
1025	1	1
1035	1	1
1045	1	1
1055	1	1
1065	1	1
1075	1	1
1085	1	1
1095	1	1
1105	1	1
1115	1	1
1125	1	1
1135	1	1
1145	1	1
1155	1	1
1165	1	1
1175	1	1
1185	1	1
1195	1	1
