5	1	1
15	1	1
25	1	1
35	1	1
45	0.427496	0.153362
55	1.05835	0.12582
65	1.02182	0.0511404
75	0.973593	0.0320168
85	1.01518	0.0287032
95	1.01339	0.0251858
105	1.02778	0.0236006
115	1.01859	0.0215271
125	1.02956	0.0206697
135	1.03943	0.0199585
145	1.06618	0.0200446
155	1.03369	0.0180786
165	1.0307	0.0173118
175	1.01247	0.0161701
185	1.02066	0.0159426
195	1.00841	0.0151658
205	0.993013	0.0143596
215	1.01099	0.0145681
225	0.99297	0.0137969
235	1.00371	0.0138677
245	1.00226	0.013631
255	1.00704	0.0135984
265	1.0155	0.0136729
275	1.01247	0.0134634
285	1.01962	0.0135591
295	0.997111	0.0128863
305	1.00644	0.013064
315	1.00971	0.0131022
325	0.995781	0.0127139
335	1.0068	0.0129909
345	0.989511	0.0125559
355	0.98844	0.0125465
365	1.00107	0.0129123
375	0.982467	0.0124793
385	0.980575	0.012496
395	0.964753	0.012177
405	0.999466	0.0131615
415	0.978928	0.0127468
425	0.968251	0.012581
435	0.977662	0.0129675
445	0.967441	0.0128569
455	0.968614	0.0130533
465	0.983943	0.013672
475	0.975051	0.0136375
485	0.974507	0.0138532
495	0.950907	0.0134451
505	1.00131	0.0151996
515	0.985707	0.0150536
525	0.973727	0.01504
535	0.983996	0.0157263
545	0.976808	0.0159191
555	0.974009	0.0162637
565	0.953979	0.0160874
575	1.01629	0.0188595
585	0.987636	0.0184229
595	0.934723	0.0171321
605	0.958024	0.0187281
615	0.972712	0.0200986
625	0.951729	0.0201307
635	1.00714	0.023637
645	1.01517	0.0252654
655	0.939701	0.0229138
665	0.940249	0.0243602
675	0.979042	0.0281392
685	0.912482	0.026184
695	0.94251	0.0301015
705	0.962285	0.0339512
715	0.967604	0.0375162
725	0.943507	0.039209
735	0.968975	0.0458216
745	0.949513	0.0491097
755	0.899389	0.0496834
765	0.966983	0.0657396
775	0.947217	0.0722464
785	0.816511	0.0629586
795	1.09901	0.134747
805	0.931911	0.115103
815	1.0676	0.183305
825	1.24855	0.305329
835	0.72552	0.12853
845	0.698196	0.150938
855	1.05595	0.443658
865	1.10205	0.625576
875	1.01642	0.696867
885	0.383682	0.133027
895	0.471047	0.26665
905	0.133282	0.0297727
915	1	1
925	1	1
935	1	1
945	1	1
955	1	1
965	1	1
975	1	1
985	1	1
995	1	1
1005	1	1
1015	1	1
1025	1	1
1035	1	1
1045	1	1
1055	1	1
1065	1	1
1075	1	1
1085	1	1
1095	1	1
1105	1	1
1115	1	1
1125	1	1
1135	1	1
1145	1	1
1155	1	1
1165	1	1
1175	1	1
1185	1	1
1195	1	1
