5	1	1
15	1	1
25	1	1
35	1	1
45	1	1
55	1	1
65	-0.70913	1.22116
75	0.966023	0.783485
85	4.6209	8.04142
95	11.6931	31.7486
105	-27.1409	127.834
115	13.4	25.5433
125	-16.6217	34.7074
135	-4.71473	2.54676
145	-4.20734	1.89958
155	-13.6227	18.8587
165	225.232	4938.73
175	-6.40667	3.85096
185	15.9141	23.2507
195	-4.02137	1.45977
205	-14.0162	17.469
215	15.9785	22.4917
225	-82.5905	597.705
235	124.084	1343.23
245	-58.7146	301.127
255	16.6821	24.4201
265	-54.6547	264.117
275	8.29921	6.16723
285	5.82306	3.06539
295	-24.2264	53.6447
305	51.7087	247.865
315	17.8207	29.8722
325	39.4428	149.249
335	12.6427	15.6853
345	7.22513	5.1945
355	16.0503	26.2793
365	9.09076	8.59716
375	31.2545	103.834
385	12.8457	17.8938
395	17.7496	35.1274
405	4.21564	2.02831
415	2.47938	0.716151
425	3.6367	1.58865
435	3.58533	1.58149
445	15.0803	28.8746
455	3.16894	1.30364
465	3.26282	1.42534
475	3.74501	1.92846
485	5.5149	4.35604
495	2.52814	0.936732
505	2.27529	0.779351
515	1.6309	0.417483
525	1.9683	0.628655
535	2.47341	1.01817
545	3.38364	2.00486
555	12.5068	28.3149
565	5.36657	5.41162
575	1.70587	0.57088
585	2.66799	1.46662
595	2.35705	1.18724
605	8.15858	14.8417
615	3.59211	3.04224
625	2.97198	2.16738
635	4.36456	5.04145
645	1.21403	0.40539
655	3.10322	2.83231
665	9.41421	27.3246
675	1.28931	0.549715
685	27.4152	263.173
695	2.71908	2.80022
705	-2.07874	1.75532
715	4.12839	7.34221
725	-1.81738	1.62511
735	1.21012	0.770603
745	-28.0517	458.993
755	0.936456	0.545812
765	4.7415	15.5764
775	0.621928	0.296948
785	1.43157	1.76702
795	-0.996593	1.03071
805	-43.4097	2211.59
815	-0.262422	0.0960459
825	0.373524	0.240701
835	0.205815	0.0937492
845	1	1
855	-0.584362	1.01541
865	0.248468	0.173818
875	1	1
885	1	1
895	1	1
905	1	1
915	1	1
925	1	1
935	1	1
945	1	1
955	1	1
965	1	1
975	1	1
985	1	1
995	1	1
1005	1	1
1015	1	1
1025	1	1
1035	1	1
1045	1	1
1055	1	1
1065	1	1
1075	1	1
1085	1	1
1095	1	1
1105	1	1
1115	1	1
1125	1	1
1135	1	1
1145	1	1
1155	1	1
1165	1	1
1175	1	1
1185	1	1
1195	1	1
