5	1	1
15	1	1
25	1	1
35	1	1
45	1	1
55	1	1
65	1	1
75	1	1
85	1	1
95	1	1
105	-0.466798	0.416467
115	0.617179	0.528619
125	0.485328	0.222955
135	2.28773	3.64765
145	0.708188	0.269686
155	4.10281	7.3455
165	0.714238	0.180076
175	0.915461	0.253631
185	0.951616	0.241245
195	0.816894	0.15767
205	2.4543	1.30596
215	1.61207	0.525454
225	1.85861	0.661094
235	1.15068	0.239916
245	1.10182	0.213495
255	2.62405	1.17599
265	1.1324	0.215988
275	2.32009	0.892461
285	1.08991	0.196677
295	2.14062	0.759394
305	1.18722	0.234954
315	0.954722	0.152756
325	1.65416	0.460359
335	1.52864	0.40332
345	1.76854	0.543852
355	1.63449	0.470687
365	1.01843	0.18778
375	1.09539	0.221005
385	1.37626	0.356207
395	1.22489	0.29143
405	1.38511	0.380512
415	1.27748	0.331179
425	1.35801	0.38463
435	1.84371	0.722977
445	2.82353	1.75668
455	1.49919	0.515948
465	90.8997	1941.65
475	7.98829	15.2455
485	2.18123	1.1752
495	1.30846	0.436975
505	2.01804	1.09378
515	20.2109	111.667
525	3.13497	2.7904
535	1.36497	0.537668
545	1.56604	0.733484
555	1.19853	0.454099
565	1.42307	0.65677
575	2.93607	2.97546
585	1.49862	0.793435
595	3.85449	5.45986
605	2.11523	1.74243
615	2.16617	1.85668
625	2.01557	1.7067
635	1.65248	1.18492
645	1.80983	1.47275
655	5.25777	13.3275
665	-1.6086	1.30107
675	0.963983	0.504379
685	1.02473	0.594411
695	1.15849	0.82306
705	6.20972	24.365
715	-0.861168	0.498553
725	0.981306	0.718224
735	0.774966	0.476525
745	1.39619	1.69339
755	-1.65166	2.59596
765	41.5689	1721.53
775	2.06306	4.50664
785	-0.636618	0.495311
795	-1.57994	3.31365
805	0.947839	1.41743
815	3.11844	17.173
825	0.540122	0.675052
835	0.146903	0.048565
845	1	1
855	1	1
865	1	1
875	1	1
885	1	1
895	1	1
905	1	1
915	1	1
925	1	1
935	1	1
945	1	1
955	1	1
965	1	1
975	1	1
985	1	1
995	1	1
1005	1	1
1015	1	1
1025	1	1
1035	1	1
1045	1	1
1055	1	1
1065	1	1
1075	1	1
1085	1	1
1095	1	1
1105	1	1
1115	1	1
1125	1	1
1135	1	1
1145	1	1
1155	1	1
1165	1	1
1175	1	1
1185	1	1
1195	1	1
