5	1	1
15	1	1
25	1	1
35	1	1
45	1	1
55	1	1
65	0.948171	1.20259
75	-1.6804	1.40694
85	-12.0803	41.3814
95	5.50273	6.08277
105	3.72343	2.21166
115	7.6369	7.96431
125	-4.9518	3.02505
135	4.5914	2.38653
145	-10.1494	11.0207
155	3.79039	1.46796
165	-49.3964	241.45
175	-24.4416	57.9397
185	12.8791	15.913
195	25.194	60.3524
205	4.23717	1.71248
215	5.82642	3.25204
225	9.41903	8.52841
235	5.68232	3.12545
245	3.04374	0.914524
255	9.75487	9.45509
265	2.71117	0.74683
275	2.72664	0.765343
285	2.27735	0.543694
295	2.34998	0.591597
305	2.51408	0.688605
315	3.12843	1.08511
325	2.29598	0.596163
335	2.10688	0.514526
345	2.11872	0.533249
355	2.83545	0.973567
365	2.09006	0.541485
375	1.42389	0.255955
385	2.38681	0.739642
395	0.970395	0.125018
405	1.21853	0.201777
415	1.94151	0.525988
425	1.63139	0.381256
435	1.91643	0.535546
445	1.4432	0.312464
455	1.74016	0.466686
465	2.25979	0.813314
475	1.3928	0.316333
485	1.92392	0.627265
495	1.86087	0.601531
505	1.21888	0.267836
515	1.14252	0.241591
525	1.35068	0.352662
535	1.13069	0.252822
545	0.923647	0.173853
555	1.1151	0.270184
565	1.1096	0.276726
575	1.11133	0.289295
585	2.26399	1.25611
595	1.49899	0.572218
605	3.26019	2.88677
615	1.10329	0.346106
625	0.95238	0.269844
635	1.07042	0.360085
645	1.33042	0.589453
655	1.1991	0.511676
665	0.873716	0.289489
675	0.554943	0.124031
685	1.50766	0.983118
695	1.20986	0.681766
705	5.06393	12.9801
715	16.2159	146.444
725	1.24784	0.927639
735	0.945	0.591925
745	2.43828	4.43614
755	1.70498	2.37946
765	1.27639	1.55029
775	2.73773	7.80693
785	0.482342	0.259539
795	-10.3349	148.475
805	0.236226	0.0876798
815	1.47332	4.48512
825	0.383292	0.375621
835	-0.364088	0.387252
845	1	1
855	1	1
865	1	1
875	1	1
885	1	1
895	1	1
905	1	1
915	1	1
925	1	1
935	1	1
945	1	1
955	1	1
965	1	1
975	1	1
985	1	1
995	1	1
1005	1	1
1015	1	1
1025	1	1
1035	1	1
1045	1	1
1055	1	1
1065	1	1
1075	1	1
1085	1	1
1095	1	1
1105	1	1
1115	1	1
1125	1	1
1135	1	1
1145	1	1
1155	1	1
1165	1	1
1175	1	1
1185	1	1
1195	1	1
