5	1	1
15	1	1
25	1	1
35	1	1
45	1	1
55	1	1
65	1	1
75	1	1
85	1	1
95	0.194231	0.129673
105	-19.4754	781.709
115	1.07938	1.59779
125	7.98294	59.395
135	1.37416	1.30844
145	1.30783	0.898705
155	8.32595	28.9778
165	1.36891	0.643149
175	0.849958	0.210703
185	0.824758	0.173198
195	1.45448	0.478171
205	1.25078	0.325482
215	1.01033	0.196222
225	1.13516	0.233572
235	1.20378	0.251775
245	1.46027	0.356713
255	1.38725	0.315415
265	2.25269	0.815729
275	1.71979	0.467727
285	0.940405	0.140507
295	1.09515	0.192041
305	1.45678	0.338991
315	1.35226	0.292816
325	1.29956	0.274931
335	1.4611	0.351392
345	1.59588	0.42337
355	1.48126	0.375863
365	1.13728	0.224995
375	2.02254	0.726522
385	1.50966	0.412816
395	1.10133	0.225366
405	1.10288	0.232387
415	1.6421	0.529995
425	1.09118	0.23962
435	1.8624	0.720194
445	2.20564	1.04855
455	1.48655	0.483909
465	2.50815	1.41221
475	3.19902	2.40894
485	1.18834	0.340251
495	-4.5236	5.06176
505	49.4275	630.108
515	1.48667	0.590765
525	17.3759	82.8533
535	-41.2813	484.897
545	2.12921	1.32689
555	1.46005	0.646733
565	3.11017	3.01767
575	1.05403	0.367776
585	1.36659	0.63879
595	-6.68862	15.9808
605	3.55387	4.64776
615	2.89715	3.26137
625	0.715549	0.205576
635	1.67193	1.17721
645	-5.91673	15.5106
655	2.39569	2.67296
665	2.00202	1.97652
675	-3.65872	6.84037
685	8.58436	41.1907
695	2.48477	3.68034
705	0.719004	0.326452
715	0.504059	0.170644
725	0.971522	0.653857
735	0.979292	0.735172
745	3.97965	12.901
755	0.987877	0.873765
765	-14.6957	210.16
775	-0.643662	0.467621
785	-4.5924	25.2465
795	-1.23591	2.01092
805	-0.308607	0.14583
815	-0.650122	0.721241
825	0.73129	1.05421
835	-5.18943	66.0566
845	1	1
855	1	1
865	1	1
875	1	1
885	1	1
895	1	1
905	1	1
915	1	1
925	1	1
935	1	1
945	1	1
955	1	1
965	1	1
975	1	1
985	1	1
995	1	1
1005	1	1
1015	1	1
1025	1	1
1035	1	1
1045	1	1
1055	1	1
1065	1	1
1075	1	1
1085	1	1
1095	1	1
1105	1	1
1115	1	1
1125	1	1
1135	1	1
1145	1	1
1155	1	1
1165	1	1
1175	1	1
1185	1	1
1195	1	1
