5	1	1
15	1	1
25	1	1
35	1	1
45	1	1
55	1	1
65	1.55934	3.37602
75	2.43577	3.40913
85	-5.93014	11.2745
95	-6.66081	9.58408
105	19.0771	60.6256
115	3.07351	1.3162
125	-3.88104	1.84194
135	-9.8592	10.8996
145	-14.5189	21.8919
155	-11.8064	13.768
165	-18.2496	31.5757
175	-9.27918	7.8654
185	-4.5182	1.81801
195	-12.2493	13.0953
205	86.7892	651.419
215	38.6493	127.805
225	-34.5784	101.257
235	12.9791	14.2821
245	17.7132	26.5632
255	59.8566	304.449
265	22.6827	44.2386
275	-16.2523	22.8906
285	9.00992	7.1009
295	11.0158	10.7714
305	-21.7606	42.529
315	6.8621	4.33584
325	23.8545	52.8499
335	39.3648	147.237
345	-270.647	7096.93
355	6.27147	3.89238
365	4.22889	1.81226
375	2.87545	0.855718
385	11.868	14.8835
395	4.98426	2.69813
405	8.33732	7.72983
415	7.57093	6.54198
425	3.84956	1.73076
435	3.75057	1.68192
445	3.93692	1.90949
455	2.24672	0.636826
465	4.02475	2.11725
475	1.61626	0.349241
485	6.85768	6.49325
495	11.208	17.9616
505	4.29547	2.72813
515	1.8886	0.544955
525	2.14013	0.720452
535	2.29784	0.858344
545	1.54118	0.404605
555	2.38179	1.00292
565	3.5042	2.25032
575	1.96635	0.740496
585	4.60407	4.25862
595	4.34652	3.90278
605	2.26952	1.11955
615	1.81151	0.755633
625	2.75927	1.84245
635	3.43058	2.98874
645	8.38301	18.986
655	107.374	3303.25
665	1.78002	0.96413
675	3.3377	3.53645
685	-10.5042	37.9641
695	2.49783	2.29911
705	1.85934	1.37394
715	8.14173	28.8185
725	-1.96338	1.75249
735	2.18458	2.42576
745	1.13994	0.728992
755	1.07021	0.713336
765	-1.86673	2.31484
775	4.22899	13.135
785	-2.64764	5.88452
795	-3.12307	9.25432
805	1.38431	2.14518
815	1.61431	3.23947
825	1.86842	5.36752
835	0.222079	0.0984519
845	0.393296	0.334977
855	1	1
865	1	1
875	1	1
885	1	1
895	1	1
905	1	1
915	1	1
925	1	1
935	1	1
945	1	1
955	1	1
965	1	1
975	1	1
985	1	1
995	1	1
1005	1	1
1015	1	1
1025	1	1
1035	1	1
1045	1	1
1055	1	1
1065	1	1
1075	1	1
1085	1	1
1095	1	1
1105	1	1
1115	1	1
1125	1	1
1135	1	1
1145	1	1
1155	1	1
1165	1	1
1175	1	1
1185	1	1
1195	1	1
