5	1	1
15	1	1
25	1	1
35	1	1
45	-14.4868	244.078
55	0.808871	0.0841801
65	1.06386	0.0572333
75	1.02027	0.0354883
85	1.02526	0.0293595
95	0.99212	0.0242145
105	1.01302	0.0229588
115	1.06212	0.0234336
125	1.05342	0.0216629
135	0.992995	0.0182661
145	1.0172	0.0182919
155	1.0455	0.0185446
165	1.0482	0.0179771
175	1.02135	0.0165277
185	1.00667	0.0156085
195	1.00586	0.0151903
205	1.02112	0.0153154
215	1.01475	0.0148039
225	0.976071	0.0134601
235	1.0021	0.0139635
245	1.00223	0.0137811
255	1.01036	0.0138437
265	0.998049	0.0133677
275	0.998242	0.0132589
285	0.996789	0.0131264
295	1.00661	0.013321
305	0.986578	0.012735
315	1.00573	0.0131925
325	1.00512	0.0131556
335	0.981492	0.012544
345	0.969937	0.0122578
355	1.01476	0.0134373
365	0.975048	0.0124437
375	0.983955	0.0127294
385	0.975526	0.0125723
395	0.977094	0.0127001
405	0.973345	0.0126936
415	0.974076	0.0128325
425	0.944196	0.0121754
435	0.962405	0.0127912
445	0.952527	0.0126757
455	0.998726	0.0141387
465	0.963336	0.0133484
475	0.976523	0.013928
485	0.952371	0.0134828
495	0.998255	0.0150919
505	0.963843	0.0143543
515	0.944658	0.0140859
525	0.968728	0.0151658
535	0.945805	0.0148017
545	0.965767	0.0158506
555	0.988824	0.0170947
565	0.985891	0.0175194
575	0.973821	0.0176412
585	0.966056	0.0179863
595	0.957166	0.0183198
605	0.945501	0.0186032
615	0.994419	0.021433
625	0.946222	0.0203323
635	0.989015	0.0232983
645	0.940656	0.0222163
655	0.908986	0.0218939
665	0.93419	0.0245489
675	0.906137	0.0246983
685	0.951432	0.0292171
695	0.952453	0.0315393
705	0.892899	0.0301033
715	0.928153	0.0356035
725	0.946663	0.0408801
735	0.93168	0.0441266
745	0.93697	0.0501287
755	1.07375	0.0746606
765	0.998765	0.0741986
775	1.0569	0.0972216
785	1.01855	0.106095
795	0.867033	0.0926078
805	0.816226	0.100416
815	0.938532	0.164793
825	0.741735	0.126369
835	1.55921	0.734961
845	0.516582	0.103071
855	2.0394	2.16517
865	1.19396	0.971079
875	1.1206	1.15295
885	0.5294	0.38089
895	0.33946	0.215904
905	1	1
915	1	1
925	1	1
935	1	1
945	1	1
955	1	1
965	1	1
975	1	1
985	1	1
995	1	1
1005	1	1
1015	1	1
1025	1	1
1035	1	1
1045	1	1
1055	1	1
1065	1	1
1075	1	1
1085	1	1
1095	1	1
1105	1	1
1115	1	1
1125	1	1
1135	1	1
1145	1	1
1155	1	1
1165	1	1
1175	1	1
1185	1	1
1195	1	1
