5	1	1
15	1	1
25	1	1
35	1	1
45	0.488025	0.263339
55	1.19286	0.164675
65	1.01359	0.0486147
75	1.05932	0.037023
85	1.0242	0.0288315
95	1.06064	0.0273509
105	1.01841	0.0229872
115	1.09085	0.0244576
125	1.06365	0.0218337
135	1.05012	0.0201571
145	1.07757	0.0202361
155	1.07268	0.0192291
165	1.08303	0.0188809
175	1.02682	0.0164205
185	1.03943	0.0163321
195	1.04942	0.0162241
205	1.02644	0.0151655
215	1.05882	0.0158031
225	1.01197	0.0141722
235	1.02188	0.0142184
245	1.02267	0.0140384
255	1.03497	0.0142133
265	1.02963	0.0139173
275	1.03535	0.0139516
285	1.03497	0.013848
295	1.02819	0.0135833
305	1.00157	0.0128345
315	1.0475	0.0140025
325	1.02527	0.0133852
335	1.01311	0.0130615
345	1.02264	0.0133133
355	1.00903	0.0130034
365	0.985653	0.0124258
375	0.982325	0.0124028
385	0.9861	0.0125649
395	0.987167	0.012677
405	0.983928	0.0126922
415	0.991424	0.012998
425	0.973082	0.0126479
435	0.996237	0.0134023
445	0.97602	0.0130243
455	0.986513	0.0134873
465	0.976226	0.0134038
475	0.992696	0.0140793
485	0.992364	0.0143114
495	0.995586	0.0146828
505	0.967747	0.0141563
515	0.970932	0.0145515
525	0.995153	0.0156543
535	0.998767	0.0161557
545	0.986487	0.0161906
555	0.967289	0.015984
565	0.988965	0.0172557
575	1.00486	0.018392
585	0.981209	0.0181316
595	0.980174	0.018781
605	0.960938	0.0187835
615	0.941819	0.0188209
625	0.97463	0.0210892
635	0.974547	0.0220949
645	0.972118	0.0231824
655	1.00463	0.0261805
665	0.964226	0.025604
675	0.992228	0.0288537
685	0.979022	0.0301988
695	0.969483	0.0319345
705	0.948905	0.0331858
715	0.944589	0.0359696
725	0.955685	0.0404957
735	0.987995	0.0481132
745	0.966416	0.0517664
755	0.946479	0.0561869
765	0.93615	0.0630651
775	0.883958	0.0650252
785	0.766987	0.0575547
795	0.95904	0.107293
805	1.03277	0.150773
815	0.923819	0.14757
825	1.13403	0.277504
835	1.48393	0.604936
845	0.997544	0.354443
855	0.704127	0.23352
865	0.428225	0.112543
875	0.936338	0.721186
885	-1.0935	1.39008
895	0.361244	0.222387
905	2.25634	9.67297
915	1	1
925	1	1
935	1	1
945	1	1
955	1	1
965	1	1
975	1	1
985	1	1
995	1	1
1005	1	1
1015	1	1
1025	1	1
1035	1	1
1045	1	1
1055	1	1
1065	1	1
1075	1	1
1085	1	1
1095	1	1
1105	1	1
1115	1	1
1125	1	1
1135	1	1
1145	1	1
1155	1	1
1165	1	1
1175	1	1
1185	1	1
1195	1	1
