5	1	1
15	1	1
25	1	1
35	1	1
45	1	1
55	1	1
65	1	1
75	1	1
85	1	1
95	1	1
105	1	1
115	0.392154	0.273856
125	24.7024	493.151
135	1.2164	0.68902
145	2.12813	1.43743
155	0.971091	0.227305
165	1.38344	0.373314
175	0.987432	0.161879
185	1.37355	0.271668
195	1.10391	0.158035
205	1.26949	0.190239
215	1.26922	0.175653
225	1.25431	0.161353
235	1.35484	0.177203
245	1.43311	0.189312
255	1.42428	0.179129
265	1.31564	0.146606
275	1.36895	0.153903
285	1.23471	0.121673
295	1.18425	0.109534
305	1.23435	0.116402
315	1.3806	0.14256
325	1.35757	0.136017
335	1.18429	0.102293
345	1.61645	0.187753
355	1.1227	0.0902405
365	1.18967	0.100467
375	1.2641	0.11289
385	1.32732	0.124192
395	1.18851	0.099407
405	1.2873	0.117286
415	1.09509	0.0846237
425	0.999341	0.0708177
435	1.32196	0.124972
445	1.30229	0.122017
455	1.19467	0.103479
465	1.17872	0.101695
475	1.25739	0.117246
485	1.59144	0.190191
495	1.19028	0.108245
505	1.49551	0.173626
515	1.48793	0.174573
525	1.5275	0.188498
535	1.21832	0.122067
545	1.21212	0.124513
555	1.10759	0.106483
565	1.25421	0.140695
575	1.19439	0.130559
585	1.20008	0.136571
595	1.33339	0.174352
605	1.39787	0.199018
615	1.22557	0.158822
625	1.0536	0.12225
635	1.27581	0.188504
645	1.02915	0.128004
655	1.20432	0.184734
665	1.3192	0.233511
675	1.27087	0.231279
685	0.979152	0.14676
695	1.51258	0.37489
705	1.40956	0.352912
715	1.20761	0.277721
725	1.42014	0.427437
735	1.08706	0.274861
745	1.0637	0.287809
755	1.01259	0.2968
765	2.27867	1.66713
775	1.26361	0.58913
785	1.14491	0.578651
795	0.485698	0.119322
805	1.65206	1.63991
815	0.784945	0.436125
825	0.623095	0.361486
835	0.986689	1.07325
845	0.776681	0.932507
855	0.270415	0.128699
865	0.267631	0.189519
875	1	1
885	1	1
895	1	1
905	1	1
915	1	1
925	1	1
935	1	1
945	1	1
955	1	1
965	1	1
975	1	1
985	1	1
995	1	1
1005	1	1
1015	1	1
1025	1	1
1035	1	1
1045	1	1
1055	1	1
1065	1	1
1075	1	1
1085	1	1
1095	1	1
1105	1	1
1115	1	1
1125	1	1
1135	1	1
1145	1	1
1155	1	1
1165	1	1
1175	1	1
1185	1	1
1195	1	1
