5	1	1
15	1	1
25	1	1
35	1	1
45	1	1
55	1	1
65	1	1
75	1	1
85	1	1
95	1	1
105	1	1
115	0.250141	0.108135
125	1.22992	1.23344
135	0.514886	0.126752
145	0.73019	0.174435
155	1.25873	0.386992
165	1.24153	0.307006
175	1.44138	0.350367
185	1.59264	0.371023
195	1.10402	0.160299
205	1.47024	0.258106
215	1.21723	0.163171
225	1.2084	0.150302
235	1.34038	0.17393
245	1.10365	0.112059
255	1.16314	0.119426
265	1.45622	0.180576
275	1.34251	0.148553
285	1.19515	0.114353
295	1.32156	0.136362
305	1.45535	0.161404
315	1.18828	0.105998
325	1.4391	0.152576
335	1.23971	0.112139
345	1.37192	0.135675
355	1.3035	0.121379
365	1.34437	0.128177
375	1.28445	0.116064
385	1.47243	0.152421
395	1.46644	0.151077
405	1.26749	0.112851
415	1.23637	0.107831
425	1.40042	0.138621
435	1.12882	0.0906614
445	1.21248	0.105836
455	1.21426	0.106553
465	1.22783	0.110449
475	1.26843	0.118476
485	1.30245	0.127419
495	1.39156	0.147533
505	1.44702	0.16189
515	1.42553	0.160037
525	1.19436	0.114582
535	1.0786	0.0960389
545	1.3346	0.150335
555	1.32853	0.152668
565	1.47911	0.194231
575	1.56972	0.225765
585	1.28725	0.156629
595	1.07538	0.113186
605	1.51451	0.233763
615	1.19509	0.151461
625	1.34647	0.199415
635	1.22929	0.174189
645	1.0461	0.132419
655	1.39261	0.247376
665	1.61464	0.351899
675	0.987121	0.139489
685	1.01426	0.15546
695	1.27959	0.264893
705	1.09025	0.207933
715	1.20238	0.271801
725	1.05084	0.227982
735	1.02101	0.23425
745	1.08576	0.294584
755	0.900511	0.226526
765	0.983714	0.300775
775	1.02082	0.367682
785	0.870887	0.302561
795	0.508417	0.117457
805	1.57449	1.36339
815	2.10816	2.84057
825	-1.06141	0.860783
835	1.3028	1.6188
845	-1.58571	3.01442
855	0.379353	0.18929
865	0.22295	0.0884326
875	6.75443	96.7111
885	1	1
895	1	1
905	1	1
915	1	1
925	1	1
935	1	1
945	1	1
955	1	1
965	1	1
975	1	1
985	1	1
995	1	1
1005	1	1
1015	1	1
1025	1	1
1035	1	1
1045	1	1
1055	1	1
1065	1	1
1075	1	1
1085	1	1
1095	1	1
1105	1	1
1115	1	1
1125	1	1
1135	1	1
1145	1	1
1155	1	1
1165	1	1
1175	1	1
1185	1	1
1195	1	1
