5	1	1
15	1	1
25	1	1
35	1	1
45	1	1
55	1	1
65	0.740008	0.773525
75	-7.64222	32.0798
85	-6.72034	13.8767
95	4.76731	4.82977
105	14.8486	36.2589
115	9.04485	11.3475
125	-8.74505	9.44414
135	-9.06326	9.34973
145	-5.47163	3.19232
155	-31.9288	103.77
165	21.7504	46.7382
175	6.03762	3.52139
185	19.7764	37.2326
195	22.0798	46.2663
205	14.3581	19.5712
215	6.67244	4.22867
225	3.48603	1.16705
235	5.62009	3.05193
245	4.66369	2.13856
255	1.78456	0.318011
265	3.0581	0.943734
275	2.10131	0.455258
285	3.38208	1.20109
295	3.74392	1.49518
305	6.57972	4.73658
315	1.78219	0.352445
325	2.06514	0.484054
335	2.28905	0.60701
345	1.4591	0.251815
355	3.43724	1.42607
365	1.75848	0.386316
375	1.44319	0.263659
385	1.56884	0.319036
395	1.29777	0.223136
405	1.61701	0.355286
415	1.25322	0.218634
425	1.51375	0.327564
435	2.28703	0.762515
445	2.79373	1.1782
455	1.42797	0.315537
465	1.33554	0.284151
475	1.2976	0.275219
485	1.7792	0.53612
495	1.31057	0.301869
505	1.08528	0.212401
515	1.43541	0.384214
525	1.31636	0.336018
535	1.57597	0.494632
545	1.5247	0.483928
555	1.12168	0.270882
565	2.01939	0.920212
575	1.05739	0.263984
585	1.52763	0.57244
595	1.12058	0.322054
605	1.20989	0.396369
615	1.23902	0.433554
625	2.1121	1.34247
635	0.981986	0.30094
645	1.13782	0.435258
655	1.09408	0.425297
665	0.925998	0.330297
675	0.928327	0.353898
685	2.20392	2.15676
695	2.09339	2.07881
705	0.946451	0.458354
715	1.20017	0.808221
725	2.92836	5.32091
735	0.924045	0.593183
745	0.672889	0.334253
755	1.404	1.6947
765	-0.902246	0.779215
775	1.10656	1.36791
785	0.356075	0.161441
795	0.229058	0.0723705
805	0.99297	1.73843
815	0.195178	0.0776313
825	1	1
835	1	1
845	1	1
855	1	1
865	1	1
875	1	1
885	1	1
895	1	1
905	1	1
915	1	1
925	1	1
935	1	1
945	1	1
955	1	1
965	1	1
975	1	1
985	1	1
995	1	1
1005	1	1
1015	1	1
1025	1	1
1035	1	1
1045	1	1
1055	1	1
1065	1	1
1075	1	1
1085	1	1
1095	1	1
1105	1	1
1115	1	1
1125	1	1
1135	1	1
1145	1	1
1155	1	1
1165	1	1
1175	1	1
1185	1	1
1195	1	1
