19899 Sn 65.4719 69.3023 60.6847 69.6029 52.659 63.1497 58.1272 55.6702
19900 Sn 66.445 69.2808 57.5346 70.8001 51.6323 64.163 58.6402 55.678
19902 Sn 65.2798 71.2556 58.2979 71.0669 52.8387 63.0149 57.479 55.6556
19904 Sn 67.2309 70.1423 59.0568 71.5667 52.0274 64.0356 57.1238 44.5202
19924 Sn 59.454 77.1762 67.599 63.8843 56.2266 62.2375 61.5301 55.6527
19925 Sn 60.2214 77.0555 64.3141 60.1565 55.2545 55.995 57.6292 55.6784
19927 Sn 63.2612 78.3702 63.711 60.1311 54.9436 56.0518 57.225 55.6627
19929 Sn 62.1659 76.5968 64.2627 60.5692 55.4095 56.6354 58.6231 44.5202
19952 Sn 61.3713 76.9932 64.6343 60.3614 55.0074 54.8782 57.2121 44.5202
19954 Sn 62.2761 78.1364 63.722 60.1159 56.4839 55.6104 57.4672 55.7372
19956 Sn 63.1251 78.2259 62.604 59.3985 56.7782 55.3389 57.5416 55.7805
19958 Sn 62.1338 77.9169 65.1969 60.851 56.3436 56.229 56.6931 55.6552
19959 Sn 61.9351 76.6424 63.7347 59.9297 56.8337 55.1297 57.6911 55.8071
