18357 Ce 80.6432 81.1668 83.9608 76.8842 81.9768 78.0342 81.6065 32.7839
18358 Ce 80.7442 81.4787 83.9933 79.6591 83.8529 79.2614 82.7426 83.9753
18359 Ce 81.7554 80.6251 82.8881 81.2087 81.9523 79.4045 81.3299 81.9355
18359 Sn 316.911 316.855 319.536 311.852 318.544 317.448 319.273 318.689
18360 Ce 81.6348 80.5972 82.7035 81.301 82.4137 81.5826 81.6641 81.9664
18360 Sn 315.878 317.785 319.57 313.285 319.707 317.213 319.007 319.873
18361 Ce 82.35 80.1143 81.1089 82.8722 82.2273 81.5422 81.1126 81.7325
18361 Sn 316.864 318.422 320.74 317.161 319.475 315.439 319.411 317.754
18361 Bi1 927.169 923.691 929.288 916.889 929.554 925.483 928.14 926.891
18361 Bi2 455.469 451.394 440.212 497.127 442.264 459.022 449.067 446.296
18362 Ce 81.9499 77.381 82.5805 83.7046 79.9352 82.9059 82.1077 118.5
18362 Sn 319.749 317.369 319.284 316.708 318.534 320.472 318.291 317.325
18362 Bi1 925.544 924.507 928.917 921.545 928.04 923.425 927.795 926.83
18362 Bi2 450.531 449.998 447.816 476.503 444.419 443.068 447.727 447.021
18363 Ce 81.0154 77.0991 81.6188 82.7282 80.1285 82.6791 80.6229 80.7129
18363 Sn 318.692 315.417 319.32 318.002 319.686 320.111 317.733 318.292
18363 Bi1 924.635 925.035 929.577 925.05 928.924 926.165 928.902 925.896
18363 Bi2 449.176 454.992 445.222 461.285 445.958 450.884 447.098 445.319
18364 Sn 318.484 318.741 316.829 319.207 319.111 320.107 319.06 318.187
18364 Bi1 924.481 921.641 928.961 925.978 929.461 926.367 926.413 925.444
18364 Bi2 449.537 453.148 446.003 453.645 447.216 443.604 446.699 444.811
18365 Sn 318.049 314.938 317.316 319.235 317.562 318.479 318.413 318.526
18365 Bi1 927.772 923.204 926.907 926.775 928.708 927.406 925.847 926.71
18365 Bi2 447.605 456.813 445.356 450.516 445.549 446.662 442.9 446.202
18367 Bi1 925.605 915.267 925.794 927.703 926.291 928.369 927.915 926.022
18367 Bi2 450.691 492.583 451.009 448.694 448.648 444.504 447.817 446.431
18370 In 121.431 119.606 122.047 121.702 128.785 129.171 129.166 -2.93178e+06
18371 In 120.318 121.07 123.271 119.061 129.665 126.483 128.441 -3.11085e+06
18372 In 121.121 119.523 122.79 118.528 129.511 125.723 129.349 -2.11722e+06
18373 In 120.894 120.941 123.015 120.21 129.854 127.67 128.635 -1.64753e+06
18374 In 120.902 120.504 122.04 121.54 129.631 128.233 128.752 -1.54651e+06
18375 In 121.136 119.098 120.504 121.936 127.925 129.559 129.435 -2.05332e+06
18376 In 120.543 118.09 119.807 123.172 127.573 129.531 128.324 -1.37427e+06
18380 In 126.524 122.999 125.58 129.218 120.849 122.6 121.464 -1.21587e+06
18381 In 128.218 124.895 126.418 128.894 121.135 122.488 121.708 -1.10231e+06
18382 In 127.866 125.232 127.971 128.664 122.269 122.439 122.082 -1.51142e+06
18383 In 127.84 125.393 129.085 126.952 122.236 121.462 122.024 -1.29073e+06
18384 In 127.701 127.362 130.091 125.88 121.991 121.483 121.391 -1.23021e+06
18385 In 127.322 126.753 129.628 124.113 122.606 120.021 122.086 -1.33813e+06
18386 In 127.16 126.303 129.936 122.79 122.757 120.211 121.604 -1.76305e+06
