21914 Bi1 122.439 132.897 108.659 147.934 100.064 122.252 98.9017 138.311
21914 Bi2 94.1333 99.8943 88.8904 108.442 87.8102 97.3555 86.5763 106.143
21915 Bi1 118.24 125.888 107.097 134.232 98.6703 115.171 101.274 121.205
21915 Bi2 96.2958 97.2082 89.273 101.607 85.7323 91.4933 87.9665 94.5172
21916 Bi1 113.636 127.661 109.438 121.402 99.0212 108.148 100.251 117.09
21916 Ce 40.8321 43.6496 37.5059 48.8926 34.553 42.9487 33.9872 46.4372
21916 Bi2 91.882 98.4169 91.2093 94.5742 87.9278 89.9474 87.0998 91.5904
21917 Bi1 108.445 136.135 117.973 111.463 104.252 101.446 98.7432 118.981
21917 Ce 41.2406 42.083 36.6785 44.6139 34.3825 39.8462 36.4693 40.9145
21917 Bi2 89.5974 102.519 92.5831 92.0857 88.992 87.9441 87.8236 95.8382
21918 Bi1 103.843 145.074 126.526 103.681 110.09 96.9716 94.4925 124.609
21918 Ce 39.1819 43.0556 38.0245 41.2686 34.2772 37.1475 35.3065 39.6326
21918 Sn 69.7588 75.0616 63.1705 87.6327 56.8395 70.705 53.9165 80.7273
21918 Bi2 86.4662 108.797 96.5225 87.5171 91.9671 84.5017 84.4081 96.8017
21919 Bi1 107.633 159.514 135.564 97.8473 115.938 91.7744 94.8295 131.281
21919 Ce 38.0042 45.625 39.8149 37.3113 35.2628 34.2291 35.5731 41.4255
21919 Sn 68.2956 75.8299 56.6209 79.487 51.9185 66.1689 55.4792 73.3614
21919 Bi2 89.2619 114.585 102.991 85.4154 96.6639 84.2463 86.494 100.144
21920 Bi1 119.277 177.51 144.077 94.3558 118.101 92.1545 99.6446 134.446
21920 Ce 37.175 48.7074 41.9362 35.3163 37.2375 31.6377 32.8792 42.6743
21920 Sn 66.0739 74.0461 58.4005 70.368 51.8218 61.5589 56.1874 68.5861
21920 Bi2 95.523 122.275 109.574 86.9909 95.8562 87.0305 84.5605 102.426
21921 Ce 37.0525 51.5104 45.4447 33.2871 40.2592 30.8172 33.0903 43.3313
21921 Sn 63.634 78.4389 62.8827 62.6534 55.5361 56.4246 55.6521 67.9132
21922 Ce 39.55 55.2543 47.9663 31.5162 40.2565 30.8775 33.955 44.3002
21922 Sn 59.4855 85.358 68.8624 56.8962 59.2425 51.705 52.0039 71.1062
21923 Sn 59.4794 89.6302 77.2836 53.0374 65.3016 49.458 50.4485 74.1837
21924 Sn 65.2111 99.4516 83.5082 51.7173 67.5797 48.368 53.5036 77.0513
21931 In 53.8438 55.1686 47.8903 68.2179 45.2787 53.5641 42.0828 61.0537
21932 In 54.284 56.6545 44.3246 63.6414 39.8061 49.0381 42.5577 54.3653
21933 In 51.5668 55.8124 44.8961 56.139 40.9414 46.4091 43.3341 53.3658
21934 In 51.1926 59.6545 48.5119 50.7747 42.748 41.6142 42.8281 52.682
21935 In 46.2699 62.2821 52.7996 45.0006 46.5099 39.786 40.5466 55.7217
21936 In 46.6222 68.1951 58.4835 42.6653 49.5232 36.9736 39.3836 55.8984
21937 In 50.485 71.9782 60.5497 41.4257 52.2398 37.6595 40.514 59.5035
