21914 Bi1 926.192 911.744 913.849 970.368 902.814 877.662 925.16 867.41
21914 Bi2 447.746 436.807 448.67 461.97 450.137 426.912 463.697 828.749
21915 Bi1 919.368 912.257 913.192 974.874 908.918 901.043 919.362 914.143
21915 Bi2 446.547 445.215 450.644 465.272 451.854 442.353 451.532 449.79
21916 Bi1 911.803 910.649 908.391 944.73 910.375 908.121 929.269 911.835
21916 Ce 80.8844 77.9231 82.4868 92.6193 79.2227 72.1859 83.101 72.6686
21916 Bi2 441.697 445.543 447.106 455.488 452.742 447.436 460.297 450.443
21917 Bi1 910.581 895.304 905.569 900.6 913.982 909.683 910.079 909.397
21917 Ce 78.4177 79.8206 80.9949 86.1777 79.0516 77.515 80.8833 79.7798
21917 Bi2 443.51 429.881 444.338 436.258 449.556 449.574 443.662 445.8
21918 Bi1 906.948 923.652 911.307 900.341 922.493 915.754 913.225 914.834
21918 Ce 78.045 78.7873 79.413 81.0746 79.1478 80.286 82.9071 81.8352
21918 Sn 311.455 308.63 312.936 318.964 317.947 297.356 323.292 297.216
21918 Bi2 440.437 443.417 444.177 433.485 451.726 450.708 455.379 449.402
21919 Bi1 909.8 902.695 908.116 907.709 901.874 910.578 901.12 890.476
21919 Ce 77.4796 75.3584 80.1044 73.8091 79.1102 80.034 78.86 80.6804
21919 Sn 306.09 310.401 317.677 322.458 311.974 307.262 304.42 310.359
21919 Bi2 441.015 432.426 440.749 437.004 441.977 454.639 451.632 435.861
21920 Bi1 905.911 878.968 906.137 919.097 897.333 906.666 886.025 882.728
21920 Ce 76.6171 76.2141 78.5462 72.9577 79.1159 82.186 80.247 75.9556
21920 Sn 306.129 309.571 312.723 317.719 312.917 308.499 312.216 311.42
21920 Bi2 423.847 410.068 437.26 438.68 441.028 451.117 437.165 428.875
21921 Ce 78.7953 74.1307 77.1927 74.496 80.893 83.7109 79.9805 76.8157
21921 Sn 305.041 315.132 314.351 307.134 313.584 311.921 308.082 314.681
21922 Ce 80.8024 72.1561 77.7348 75.3948 81.9682 84.9318 82.0732 75.1366
21922 Sn 308.326 311.903 311.225 300.011 313.133 317.126 317.212 306.151
21923 Sn 310.651 307.867 311.624 307.037 309.271 318.847 313.207 309.557
21924 Sn 312.264 301.253 310.348 311.094 302.035 316.554 310.319 300.469
21931 In 120.837 116.614 119.067 105.409 133.692 134.07 143.625 130.711
21932 In 124.371 123.894 125.969 112.437 123.106 129.021 131.172 126.946
21933 In 118.135 116.077 117.645 105.002 130.23 136.811 139.82 134.626
21934 In 125.18 124.233 124.732 110.429 122.432 128.926 130.701 127.591
21935 In 117.147 115.71 117.572 104.457 129.032 135.821 139.829 132.031
21936 In 122.424 120.726 122.497 114.981 122.107 129.435 129.337 125.4
21937 In 120.99 112.694 113.194 108.979 129.885 137.979 137.555 130.966
