21679 Bi1 940.256 891.761 879.153 55.5 946.767 908.95 943.075 55.5
21679 Bi2 451.33 468.608 459.844 250.5 463.432 449.428 464.524 250.5
21680 Bi1 947.201 876.812 873.132 55.5 943.324 919.755 928.154 55.5
21680 Bi2 453.818 430.794 454.648 250.5 459.106 443.965 447.228 250.5
21681 Bi1 935.465 878.116 879.532 55.5 950.488 933.935 942.71 55.5
21681 Ce 81.9759 73.9605 72.7651 55.5 82.7469 83.6191 84.572 55.5
21681 Bi2 448.591 446.082 460.463 250.5 464.942 453.233 458.171 250.5
21682 Bi1 906.09 891.364 901.48 55.5 945.051 935.074 936.066 55.5
21682 Ce 82.8503 74.7633 72.9905 55.5 80.9011 82.5107 81.1949 55.5
21682 Bi2 438.622 453.972 475.24 250.5 457.909 454.984 449.758 250.5
21683 Bi1 898.924 921.426 939.587 55.5 931.494 944.978 939.751 55.5
21683 Ce 80.472 73.5958 72.0877 55.5 81.1673 83.4055 82.5854 55.5
21683 Sn 314.382 321.389 319.492 55.5 332.334 316.114 328.704 55.5
21683 Bi2 444.788 474.164 502.526 250.5 452.586 452.256 462.171 250.5
21684 Bi1 922.505 945.919 983.128 55.5 902.081 935.468 925.984 55.5
21684 Ce 80.2182 68.7804 72.4301 55.5 82.4998 80.8651 83.5617 55.5
21684 Sn 320.375 325.016 320.925 55.5 330.308 311.578 323.741 55.5
21684 Bi2 449.045 470.076 512.61 250.5 441.626 450.315 450.953 250.5
21685 Bi1 945.436 985.718 1018.89 55.5 890.274 920.88 888.2 55.5
21685 Ce 83.0617 75.7826 74.0107 55.5 83.2399 81.6125 82.0433 55.5
21685 Sn 319.445 318.447 322.883 55.5 328.688 318.457 320.846 55.5
21685 Bi2 492.772 485.8 552.427 250.5 428.191 443.556 436.715 250.5
21686 Ce 83.5359 72.9728 67.8888 55.5 82.1517 80.0804 81.5441 55.5
21686 Sn 315.862 320.429 334.032 55.5 330.771 321.398 321.009 55.5
21687 Ce 88.0908 76.4563 79.1912 55.5 81.8248 77.849 78.0596 55.5
21687 Sn 317.78 328.141 348.415 55.5 323.874 328.031 323.547 55.5
21688 Sn 322.359 336.266 371.045 55.5 312.813 321.8 321.062 55.5
21689 Sn 332.171 359.736 379.509 55.5 308.192 317.969 315.774 55.5
21701 In 112.213 109.167 116.412 55.5 128.779 126.634 126.333 55.5
21702 In 121.1 118.555 124.463 55.5 120.696 118.965 119.711 55.5
21703 In 123.272 124.586 125.108 55.5 120.91 121.285 117.726 55.5
21704 In 115.617 114.785 116.333 55.5 128.555 127.57 123.822 55.5
21705 In 113.663 113.051 113.684 55.5 127.803 127.906 124.645 55.5
21706 In 118.86 119.464 120.999 55.5 122.936 121.113 119.83 55.5
21707 In 119.904 118.391 124.902 55.5 119.669 120.081 117.811 55.5
21708 In 113.657 113.224 117.441 55.5 126.509 126.634 122.733 55.5
21709 In 112.771 112.844 118.645 55.5 124.533 127.367 123.245 55.5
21710 In 120.332 120.847 127.586 55.5 117.863 120.341 116.139 55.5
21711 In 122.951 123.806 136.086 55.5 112.158 117.255 115.231 55.5
21712 In 115.04 118.074 126.184 55.5 118.968 125.085 123.34 55.5
21713 In 119.056 121.279 134.118 55.5 115.509 124.778 119.801 55.5
21714 In 124.527 129.004 142.647 55.5 110.382 117.563 114.066 55.5
