22767 Bi1 1292.4 942.441 1283.06 634.093 1411.5 671.218 1174.96 840.015
22767 Bi2 629.378 442.334 631.649 286.777 695.434 336.434 576.676 -50
22768 Bi1 1390.39 1099.12 1318.7 844.446 1485.19 811.448 1047.98 1486.07
22768 Bi2 674.339 531.044 650.852 393.565 728.928 403.714 506.683 732.297
22769 Bi1 1534.59 1069.3 1195.33 1051.59 1401.97 976.37 1098.24 1600.49
22769 Ce 107.046 87.7734 113.98 41.5458 129.505 70.7069 105.921 103.974
22769 Bi2 742.838 520.927 589.767 501.656 687.28 490.587 533.203 796.214
22770 Bi1 1758.43 881.569 992.324 1304.22 1205.95 1137.97 1147.52 1474.28
22770 Ce 112.562 99.3873 117.538 53.0663 136.983 83.7022 92.9931 147.641
22770 Bi2 858.104 415.613 481.165 627.477 593.829 565.54 550.8 728.853
22771 Bi1 1967.2 778.446 836.998 1551.05 1042.79 1333.63 1349.46 1358.17
22771 Ce 123.539 94.3795 104.497 67.6789 130.16 98.5134 97.5267 158.033
22771 Sn 422.068 325.668 408.252 182.886 464.037 229.979 399.333 343.532
22771 Bi2 967.641 372.788 409.464 746.156 509.427 661.913 660.974 668.591
22772 Bi1 1744.85 642.551 701.795 1861.49 904.839 1541.79 1263.68 1198.24
22772 Ce 129.531 72.5034 96.0689 89.9726 122.156 119.224 95.7758 144.406
22772 Sn 437.118 322.352 502.183 236.582 551.586 264.726 359.54 427.399
22772 Bi2 855.66 309.904 339.103 904.544 438.718 773.05 614.119 596.369
22773 Bi1 1272.23 5.94687 606.596 2061.96 862.873 1489.92 1117.89 1104.84
22773 Ce 145.225 64.9051 76.1351 114.18 105.558 141.406 110.274 129.456
22773 Sn 474.094 339.231 458.057 322.59 532.906 321.735 358.86 514.38
22773 Bi2 585.421 5.94687 292.597 998.048 422.103 742.419 534.179 544.75
22774 Ce 146.736 55.5416 60.4116 135.495 88.1224 156.817 110.584 121.993
22774 Sn 509.069 306.14 393.78 415.764 466.595 400.211 356.666 520.189
22776 Ce 112.587 41.8959 52.2526 146.373 86.9737 155.905 107.121 111.928
22776 Sn 601.588 263.423 316.579 515 390.679 475.451 417.632 456.047
22777 Sn 607.668 226.46 246.538 598.096 316.144 534.655 436.837 434.414
22778 Sn 514.289 183.773 215.256 643.541 289.598 528.534 415.251 385.95
22785 In 151.552 126.124 165.986 54.8329 188.172 106.477 169.144 165.805
22786 In 148.96 126.156 174.24 68.2994 223.711 128.032 159.625 227.074
22787 In 171.873 130.941 173.244 103.494 205.02 143.316 156.056 233.486
22788 In 178.223 104.142 136.365 130.486 188.883 186.413 163.247 244.325
22789 In 220.649 95.6151 113.045 180.443 151.532 205.334 178.907 209.378
22790 In 204.287 76.1287 81.2049 200.723 134.95 239.379 190.484 208.943
22791 In 171.582 63.1222 73.6217 233.613 123.903 223.054 172.84 181.055
