17233 Ce 40.293 44.1894 34.5746 45.7139 36.2178 0 30.6024 33.9604
17234 Ce 38.7191 41.4819 34.7885 42.4448 34.7549 0.514729 32.1709 31.2539
17235 Ce 37.023 42.7769 36.2311 40.9655 34.013 0.578674 31.3719 30.5453
17235 Sn 71.0792 79.0172 61.1162 83.3126 64.6316 0.571814 49.9972 57.8529
17236 Ce 37.6308 44.3671 38.6213 38.7977 35.1517 0.606038 30.2149 30.5683
17236 Sn 69.1353 73.6856 59.6181 75.3058 57.3795 0.603292 49.5748 50.0835
17237 Ce 36.4815 47.6075 41.3596 38.0907 37.3516 0 28.4443 31.4674
17237 Sn 66.0065 75.8454 61.9694 72.5778 55.6435 0.62843 50.4082 48.2719
17237 Bi1 140.212 162.81 175.079 156.233 205.66 0 102.328 160.54
17237 Bi2 92.9407 93.6104 90.6866 96.1103 98.8388 0 76.2544 84.3333
17238 Ce 38.7091 52.2027 44.2598 35.2131 36.5049 0.593047 27.1468 32.2923
17238 Sn 68.2181 86.0938 67.9204 67.2729 55.0007 0.550575 48.4263 49.7732
17238 Bi1 135.662 155.216 123.818 146.537 131.064 0.0360504 100.89 131.554
17238 Bi2 88.6608 95.4775 83.6534 95.4428 81.322 0.259016 77.3562 77.6048
17239 Ce 44.1275 56.239 43.7733 33.3677 35.0736 0 27.7586 30.1034
17239 Sn 65.3626 91.1819 71.5217 61.789 56.8896 0 47.0876 50.8674
17239 Bi1 129.022 153.742 120.721 140.671 110.595 0 97.7486 108.167
17239 Bi2 92.4428 100.577 85.998 91.2658 78.3931 0 76.7263 72.3704
17240 Sn 71.0739 97.3709 75.8862 58.2557 59.9619 0 46.5884 50.6526
17240 Bi1 136.006 163.8 127.722 135.571 108.753 0 98.0444 101.033
17240 Bi2 86.9267 101.224 87.9391 86.5391 78.4287 0 75.1471 74.1448
17241 Sn 85.1816 103.036 81.4373 61.3284 59.5897 0.592657 48.0936 52.3508
17241 Bi1 130.294 161.612 134.909 123.895 114.795 0 103.978 103.057
17241 Bi2 87.3184 103.393 92.0481 86.4828 76.5256 0 71.7797 72.9781
17242 Bi1 152.79 172.936 146.38 121.214 113.673 0 102.042 98.0633
17242 Bi2 89.9947 110.165 96.3446 84.1265 78.2864 0 72.6364 76.2619
17243 Bi1 222.287 191.073 152.017 129.452 108.054 1.60057 121.417 100.551
17243 Bi2 100.343 117.831 97.9538 87.0583 77.7287 39.7022 68.4211 77.0683
17245 Ce 39.6136 52.6661 43.3795 35.1858 36.4871 0 27.9139 31.9706
17245 Sn 67.9581 85.7571 65.9165 66.2519 53.659 0.442839 49.0437 48.3579
17245 Bi1 132.387 205.883 113.708 154.529 115.349 0 103.996 177.857
17245 Bi2 90.3995 103.44 82.9881 94.2181 75.4423 0 76.4246 81.4821
17246 Ce 41.7544 54.6687 44.1254 34.6634 36.9624 0.590905 28.7727 31.4958
17246 Sn 64.6392 91.1319 69.6125 61.0479 54.8403 0.447228 47.9638 50.6601
17246 Bi1 128.397 186.696 110.85 147.84 102.159 0 97.907 138.699
17246 Bi2 89.2148 99.4445 79.175 92.7017 77.4756 0 75.2684 76.8333
17247 Ce 42.5382 53.168 43.5882 35.4967 35.9557 0.584194 29.3945 32.5903
17247 Sn 66.2741 88.394 67.7635 64.4918 56.3657 0 49.0892 50.6146
17247 Bi1 132.813 158.973 118.811 144.254 117.212 0.588081 99.1579 123.432
17247 Bi2 92.9461 99.4333 86.0477 95.9223 78.9733 1.14961 74.8324 76.5409
17248 Ce 36.8768 52.8369 43.5588 36.8566 36.9003 0 28.1249 30.0642
17248 Sn 64.3628 79.0975 65.8795 67.7189 56.7988 11895 49.8577 46.2578
17248 Bi1 137.7 153.611 143.61 147.549 170.587 0 107.472 142.035
17248 Bi2 93.0441 95.1221 86.6059 93.9994 84.3643 0 76.5673 76.8476
17249 Ce 37.5408 53.6085 43.074 36.9181 36.3852 0.58768 28.7567 31.1434
17249 Sn 67.6938 82.0813 64.5564 67.9647 54.7685 0.493387 50.0725 49.1328
17249 Bi1 133.806 226.952 120.672 159.588 129.872 1.84417 104.803 215.92
17249 Bi2 95.0191 116.956 80.4958 99.3134 81.809 39.3337 77.2368 80.8459
