21274 In 118.002 119.496 120 55.5 133.661 131.774 126.869 55.5
21275 In 118.122 119.904 119.741 55.5 133.983 131.994 127.258 55.5
21276 In 118.492 119.844 119.965 55.5 133.617 131.876 127.213 55.5
21277 In 118.27 120.044 120.037 55.5 133.809 130.923 127.172 55.5
21278 In 118.177 119.955 120.019 55.5 134.086 131.415 127.105 55.5
21279 In 118.095 120.038 119.545 55.5 133.227 131.469 126.777 55.5
21280 In 118.484 118.755 120.146 55.5 134.098 131.485 127.218 55.5
21281 In 118.341 119.021 120.163 55.5 133.766 130.325 128.288 55.5
21282 In 117.433 119.532 119.834 55.5 133.88 130.536 128.04 55.5
21283 In 118.386 118.577 119.963 55.5 133.863 130.113 127.606 55.5
21284 In 118.561 118.377 120.026 55.5 133.683 130.388 127.302 55.5
21285 In 117.963 118.509 120.297 55.5 133.557 131.055 127.083 55.5
21286 In 117.694 119.209 120.495 55.5 134.253 130.971 127.624 55.5
21287 In 117.644 119.296 119.925 55.5 133.306 130.796 127.718 55.5
21288 In 117.844 119.481 119.92 55.5 133.313 130.764 126.985 55.5
21289 In 118.058 119.707 119.632 55.5 133.385 130.793 127.986 55.5
21290 In 118.034 119.972 120.061 55.5 133.446 129.56 127.518 55.5
21291 In 117.808 119.637 120.123 55.5 133.207 130.647 127.328 55.5
21292 In 117.359 119.383 119.736 55.5 133.26 130.823 127.047 55.5
21293 In 118.063 119.781 119.842 55.5 133.46 130.693 126.927 55.5
21294 In 117.761 119.225 119.808 55.5 133.945 130.245 127.968 55.5
21295 In 117.739 119.457 119.627 55.5 133.66 130.113 127.543 55.5
21296 In 117.838 118.79 119.973 55.5 134.018 131.373 127.087 55.5
21297 In 117.442 118.226 119.541 55.5 133.215 130.87 127.015 55.5
21298 In 118.397 118.956 123.595 55.5 129.186 133.221 133.593 55.5
21303 In 118.832 119.015 120.88 55.5 134.567 132.903 131.217 55.5
21304 In 127.817 128.689 129.266 55.5 124.371 125.66 121.345 55.5
21305 In 119.798 116.835 118.676 55.5 131.054 132.395 126.658 55.5
21306 In 126.387 124.499 124.899 55.5 120.433 126.437 120.439 55.5
21307 In 117.848 120.211 120.447 55.5 126.273 126.804 120.789 55.5
21308 In 131.757 130.57 130.633 55.5 115.985 120.027 117.574 55.5
21309 In 127.296 124.652 124.832 55.5 120.078 125.306 122.689 55.5
21311 Sn 316.012 309.26 312.446 55.5 335.542 326.08 334.902 55.5
21312 Sn 329.332 309.188 316.058 55.5 324.002 326.2 328.805 55.5
21313 Sn 323.341 307.171 317.297 55.5 319.51 323.868 322.338 55.5
21313 Ce 84.9264 81.8131 81.6316 55.5 85.2198 86.6827 84.6771 55.5
21314 Sn 318.471 308.991 321.617 55.5 337.27 331.304 327.72 55.5
21314 Ce 89.1316 82.9064 85.2924 55.5 85.3028 87.985 85.822 55.5
21315 Sn 314.903 314.737 324.91 55.5 330.059 324.055 320.781 55.5
21315 Ce 86.566 84.3594 84.9436 55.5 83.8461 85.1579 84.2254 55.5
21315 Bi1 921.469 910.983 907.231 55.5 947.927 925.801 944.782 55.5
21315 Bi2 453.411 473.073 439.625 250.5 468.708 448.548 468.182 250.5
21316 Sn 320.638 328.079 327.905 55.5 315.609 317.413 320.301 55.5
21316 Ce 84.3528 81.3523 80.9774 55.5 86.7645 88.0198 85.0642 55.5
21316 Bi1 936.638 914.718 909.088 55.5 932.062 930.945 936.375 55.5
21316 Bi2 462.84 444.717 446.813 250.5 457.541 451.589 457.495 250.5
21317 Sn 343.334 349.12 344.305 55.5 313.029 314.032 314.406 55.5
21317 Ce 82.8406 81.6686 80.6452 55.5 82.3097 81.8431 82.5311 55.5
21317 Bi1 931.468 910.696 910.865 55.5 909.427 931.662 935.23 55.5
21317 Bi2 460.006 439.048 432.743 250.5 440.22 449.669 463.805 250.5
21318 Ce 84.512 80.5876 82.1908 55.5 82.7482 82.2595 82.4594 55.5
21318 Bi1 926.035 905.86 927.798 55.5 937.03 942.905 951.101 55.5
21318 Bi2 460 441.926 448.5 250.5 454.39 467.267 462.885 250.5
21319 Ce 91.7319 85.3784 86.7479 55.5 82.9147 80.921 82.7384 55.5
21319 Bi1 904.951 940.533 959.536 55.5 942.679 938.745 911.481 55.5
21319 Bi2 442.627 459.328 459.108 250.5 456.41 449.992 452.114 250.5
21320 Bi1 925.94 961.333 981.942 55.5 934.025 933.053 914.625 55.5
21320 Bi2 461.851 471.728 471.579 250.5 456.354 449.581 451.815 250.5
21321 Bi1 951.802 1000.37 997.597 55.5 929.519 922.092 906.108 55.5
21321 Bi2 479.263 486.912 485.377 250.5 451.808 437.946 452.777 250.5
21323 Sn 317.906 325.39 327.876 55.5 316.228 319.207 318.201 55.5
21323 Ce 85.4052 79.7826 79.6873 55.5 83.0182 85.9031 84.1194 55.5
21323 Bi1 928.695 911.185 904.128 55.5 926.876 922.598 933.115 55.5
21323 Bi2 456.01 445.836 436.668 250.5 455.191 448.625 456.777 250.5
21324 Sn 318.634 328.885 327.745 55.5 314.873 321.155 317.696 55.5
21324 Ce 86.131 83.191 82.7199 55.5 85.8939 88.1255 85.3468 55.5
21324 Bi1 934.883 916.522 908.456 55.5 923.194 930.828 929.276 55.5
21324 Bi2 460.206 450.135 437.162 250.5 456.749 453.611 456.713 250.5
21325 Sn 316.982 325.672 328.867 55.5 315.732 320.046 321.702 55.5
21325 Ce 84.4889 78.9452 80.0934 55.5 83.3182 86.9528 85.6976 55.5
21325 Bi1 928.355 915.052 905.211 55.5 921.329 928.358 931.219 55.5
21325 Bi2 452.802 450.274 436.668 250.5 453.377 456.201 452.777 250.5
21326 Sn 320.101 325.985 326.654 55.5 313.407 318.805 320.143 55.5
21326 Ce 84.9915 83.1421 82.6918 55.5 85.221 88.3809 86.2515 55.5
21326 Bi1 936.699 912.286 910.502 55.5 925.459 928.676 937.136 55.5
21326 Bi2 458.014 446.724 441.89 250.5 454.689 453.39 455.346 250.5
21327 Sn 319.454 329.431 327.663 55.5 316.415 318.913 320.393 55.5
21327 Ce 84.8618 79.9757 79.3881 55.5 84.1872 86.1539 86.1914 55.5
21327 Bi1 933.672 917.131 901.919 55.5 924.761 921.37 933.707 55.5
21327 Bi2 455.264 451.682 435.919 250.5 450.757 453.558 459.637 250.5
21328 Sn 316.977 327.85 327.213 55.5 315.376 319.916 323.154 55.5
21328 Ce 85.5652 82.9387 82.0096 55.5 84.9529 87.439 85.781 55.5
21328 Bi1 927.44 914.691 913.3 55.5 932.094 930.519 938.868 55.5
21328 Bi2 450.912 435.775 437.347 250.5 460.714 453.183 459.034 250.5
