5	-0.05616113537	0.1503760008
15	-0.05742485147	0.04944350376
25	-0.03095241408	0.02202685964
35	-0.04697054421	0.01540780036
45	-0.02326595324	0.01110701253
55	-0.02255724568	0.008600517935
65	-0.01614285461	0.006695282913
75	-0.03147853036	0.005690373484
85	-0.0303480813	0.005282187925
95	-0.03215235775	0.005039523812
105	-0.02691620213	0.004859113321
115	-0.02625197841	0.004719254983
125	-0.04311669189	0.004637346443
135	-0.03676442713	0.004528774052
145	-0.04034543214	0.004452256872
155	-0.03910755035	0.004371516438
165	-0.03646078653	0.004310430453
175	-0.04478507846	0.004253427831
185	-0.04242520703	0.004242358496
195	-0.03846586413	0.004192799371
205	-0.0475077738	0.004176362355
215	-0.04053231092	0.004163588991
225	-0.04681474026	0.00414840513
235	-0.04269385474	0.004146039691
245	-0.04377204067	0.004128158275
255	-0.04799972958	0.004122450754
265	-0.04509701411	0.004124899677
275	-0.04517714826	0.004147404025
285	-0.05541667325	0.004154340374
295	-0.04726912585	0.004170963598
305	-0.04259833794	0.004193743596
315	-0.04564011213	0.00421210152
325	-0.048431266	0.00422709244
335	-0.04740256433	0.00426062099
345	-0.05357338018	0.004302087533
355	-0.05343220387	0.004326755725
365	-0.04774156795	0.004363077652
375	-0.05007078754	0.004418903129
385	-0.04682622088	0.00447202271
395	-0.04725647618	0.004526754889
405	-0.04982860501	0.004583424845
415	-0.04278656803	0.004647230019
425	-0.04517152748	0.004705489413
435	-0.04955897974	0.004796116298
445	-0.05412929467	0.004853857945
455	-0.05268431827	0.004981079334
465	-0.05305201455	0.00506021682
475	-0.05139558635	0.005182078211
485	-0.05043294727	0.005274495019
495	-0.05554772639	0.005379984542
505	-0.04862122382	0.005542604793
515	-0.05732351003	0.00566884071
525	-0.05308961358	0.00584212983
535	-0.05236286452	0.005979625469
545	-0.05302206906	0.006164474992
555	-0.05115515907	0.006386181238
565	-0.04514987234	0.006631375173
575	-0.05318525017	0.006853721192
585	-0.04848415955	0.007152733498
595	-0.0616415095	0.007411099418
605	-0.05580802588	0.007716298998
615	-0.04827223776	0.008229780436
625	-0.05401250874	0.008591615991
635	-0.04849444559	0.009068299419
645	-0.05929625487	0.009660984618
655	-0.06332975515	0.01025451523
665	-0.05379506206	0.01099248019
675	-0.05913248265	0.01207942583
685	-0.0584285618	0.01295463618
695	-0.06012700587	0.01420330937
705	-0.05510408174	0.01591880882
715	-0.05527193341	0.01824269049
725	-0.04841534863	0.02034803854
735	-0.09299414787	0.02446895557
745	-0.0450118788	0.0302483007
755	-0.07930039967	0.03960761156
765	-0.07003886417	0.05433942432
775	-0.06919195543	0.0935300494
785	0.1760215903	0.2077395699
795	-nan	-nan
805	-nan	-nan
815	-nan	-nan
825	-nan	-nan
835	-nan	-nan
845	-nan	-nan
855	-nan	-nan
865	-nan	-nan
875	-nan	-nan
885	-nan	-nan
895	-nan	-nan
905	-nan	-nan
915	-nan	-nan
925	-nan	-nan
935	-nan	-nan
945	-nan	-nan
955	-nan	-nan
965	-nan	-nan
975	-nan	-nan
985	-nan	-nan
995	-nan	-nan
