5	-0.06084278881	0.1117638718
15	0.01565533118	0.04945285881
25	-0.059840691	0.0228213015
35	-0.04785849254	0.01543466888
45	-0.03059133499	0.01124483872
55	-0.02366932867	0.008574247686
65	-0.02838031588	0.006747806665
75	-0.03424050248	0.005709866762
85	-0.02726735415	0.005289143503
95	-0.03003149707	0.005045280408
105	-0.02928922398	0.004844566469
115	-0.04074749522	0.004739153438
125	-0.02790066688	0.004648250681
135	-0.03819952376	0.004523244588
145	-0.0351233599	0.004474138834
155	-0.03310871393	0.004404700984
165	-0.03197732581	0.004333233495
175	-0.04385984283	0.004277454734
185	-0.04030370497	0.004221228804
195	-0.03625502105	0.004203632084
205	-0.04412990929	0.004185133096
215	-0.04549102505	0.00415752563
225	-0.03931566844	0.004138373758
235	-0.04172871796	0.004138549616
245	-0.04714190695	0.004129440912
255	-0.04403117118	0.004123886022
265	-0.04681537982	0.004128680146
275	-0.05370607875	0.00413948867
285	-0.04401008263	0.004157452924
295	-0.04941346142	0.004156510965
305	-0.04169868154	0.004191930263
315	-0.05053736085	0.004212544177
325	-0.04943863592	0.004236057027
335	-0.04706488112	0.004257246568
345	-0.04724834705	0.004309410951
355	-0.04227059342	0.004330985586
365	-0.05631751301	0.00435540346
375	-0.05451336448	0.004406851342
385	-0.05004566179	0.004452103158
395	-0.05418048824	0.004530369841
405	-0.04823758166	0.004574225762
415	-0.04866972331	0.004637867331
425	-0.04750837467	0.004721427755
435	-0.05405976992	0.004782082046
445	-0.05433750476	0.004891125183
455	-0.0461300557	0.004970478082
465	-0.04947711083	0.00507150004
475	-0.05887014535	0.005134148086
485	-0.05207487124	0.005252415771
495	-0.05198099124	0.005391695417
505	-0.05293208806	0.005525222434
515	-0.05709984566	0.005662612957
525	-0.05289787549	0.005812967462
535	-0.05723533689	0.005996187786
545	-0.04853570888	0.006165957227
555	-0.05022308176	0.006408012731
565	-0.04410999233	0.006586121593
575	-0.04794327788	0.006839639905
585	-0.05972847782	0.00715056855
595	-0.05517076001	0.007389820057
605	-0.06512086431	0.007695444582
615	-0.04847687821	0.008151320949
625	-0.05849085146	0.008584080496
635	-0.04711506994	0.009109060543
645	-0.06500254701	0.00964999216
655	-0.05986049798	0.01019553506
665	-0.06689917188	0.0110252858
675	-0.05836132757	0.01189407021
685	-0.04860549892	0.01313066576
695	-0.03308694039	0.01443605864
705	-0.04108087822	0.01581443543
715	-0.0345110002	0.01788692204
725	-0.07183390319	0.02020726684
735	-0.07643954582	0.02428205403
745	-0.06887528175	0.03036827234
755	-0.03645732398	0.03895899339
765	-0.04711645478	0.05440288071
775	-0.1327857055	0.08699035154
785	0.06787888807	0.1907062565
795	-nan	-nan
805	-nan	-nan
815	-nan	-nan
825	-nan	-nan
835	-nan	-nan
845	-nan	-nan
855	-nan	-nan
865	-nan	-nan
875	-nan	-nan
885	-nan	-nan
895	-nan	-nan
905	-nan	-nan
915	-nan	-nan
925	-nan	-nan
935	-nan	-nan
945	-nan	-nan
955	-nan	-nan
965	-nan	-nan
975	-nan	-nan
985	-nan	-nan
995	-nan	-nan
