5	0.01859378678	0.1398742251
15	-0.02797218008	0.04673959298
25	-0.02768371752	0.02333687289
35	-0.03083496256	0.01547048
45	0.008552971543	0.0112426025
55	-0.04319982886	0.008541537633
65	-0.02629423112	0.006724776525
75	-0.03362205186	0.005715364201
85	-0.02324335149	0.005277623164
95	-0.04204685578	0.005034684299
105	-0.04056318898	0.004868507372
115	-0.02966167405	0.004724424766
125	-0.04112959997	0.00464627268
135	-0.03909459661	0.004541873403
145	-0.03346385029	0.004450650622
155	-0.03760903561	0.004370458165
165	-0.04593551989	0.004323668343
175	-0.0354785159	0.004269016103
185	-0.04658846434	0.004241646375
195	-0.03611185633	0.004203273447
205	-0.04707726148	0.004164275207
215	-0.04511126219	0.004153895597
225	-0.03825172806	0.004144334625
235	-0.04789755737	0.004141600651
245	-0.05039979956	0.004131961449
255	-0.04174073438	0.00413880871
265	-0.04113960518	0.004142535482
275	-0.04245816903	0.004150095469
285	-0.03728357342	0.004143942175
295	-0.0388321746	0.004176986081
305	-0.04539180579	0.004171485276
315	-0.0462749842	0.004198055982
325	-0.04581198588	0.004219625883
335	-0.05025383824	0.004269362975
345	-0.05056637436	0.004299742573
355	-0.04932601163	0.004314629014
365	-0.05313621712	0.004371333192
375	-0.0450717546	0.00441079315
385	-0.03806133854	0.004468885608
395	-0.05489601283	0.004536077083
405	-0.04221439208	0.004575382419
415	-0.05664007524	0.004648788591
425	-0.05505062284	0.004718975866
435	-0.05775793835	0.004777432296
445	-0.05436603391	0.004887787742
455	-0.05107584379	0.004976798382
465	-0.05236210064	0.005041659398
475	-0.04581806145	0.005169732871
485	-0.05201437341	0.005260123994
495	-0.05452261039	0.005389147694
505	-0.0441452138	0.005538594193
515	-0.04631628266	0.005678634349
525	-0.04588588007	0.00582047379
535	-0.05126365908	0.005982232476
545	-0.05575231101	0.006196171935
555	-0.05561872106	0.00639787682
565	-0.04849920766	0.006593729145
575	-0.05009748588	0.006845847785
585	-0.04906974721	0.007129433815
595	-0.06441893106	0.00746855189
605	-0.05038924516	0.007760632657
615	-0.04935879846	0.008129381166
625	-0.05539178788	0.008514018654
635	-0.05100239981	0.009070401005
645	-0.04111621882	0.00968198726
655	-0.05694910337	0.01031002687
665	-0.04835480504	0.0110915741
675	-0.0711648804	0.01179818371
685	-0.05928596517	0.01303986868
695	-0.07432095577	0.01425347659
705	-0.04486782505	0.01602702165
715	-0.03802641429	0.01799901977
725	-0.0637559488	0.02095210427
735	-0.05501534231	0.02459364319
745	-0.03865415995	0.03008210903
755	-0.08606387602	0.03837604688
765	-0.1413196251	0.05389654414
775	0.005119588107	0.09236565577
785	0.1558711	0.2270827944
795	-nan	-nan
805	-nan	-nan
815	-nan	-nan
825	-nan	-nan
835	-nan	-nan
845	-nan	-nan
855	-nan	-nan
865	-nan	-nan
875	-nan	-nan
885	-nan	-nan
895	-nan	-nan
905	-nan	-nan
915	-nan	-nan
925	-nan	-nan
935	-nan	-nan
945	-nan	-nan
955	-nan	-nan
965	-nan	-nan
975	-nan	-nan
985	-nan	-nan
995	-nan	-nan
