5	0.1409655102	0.1498300841
15	0.08172051767	0.04610876241
25	-0.03752410729	0.02260638284
35	-0.04187950353	0.01505444277
45	-0.04013893083	0.01112388133
55	-0.03321264505	0.008567928773
65	-0.02861736997	0.006717597918
75	-0.02827974854	0.005708395108
85	-0.02877584857	0.005313099157
95	-0.03139264719	0.005063431507
105	-0.02580031257	0.00485679151
115	-0.03474564932	0.004724028359
125	-0.0376101768	0.004623481426
135	-0.03285974239	0.00451548398
145	-0.04192388514	0.004442356183
155	-0.03189274867	0.004388028246
165	-0.03716584381	0.004319986815
175	-0.04345157177	0.004273042598
185	-0.05128628456	0.004227106481
195	-0.05303819584	0.004211573978
205	-0.03746603453	0.004182231182
215	-0.03463030486	0.004156128149
225	-0.04382883243	0.004134115339
235	-0.0403167641	0.004159161341
245	-0.05147240425	0.004120597572
255	-0.04476760402	0.004128572163
265	-0.04348605966	0.004144825827
275	-0.04197507883	0.004134509275
285	-0.04178477992	0.004160986597
295	-0.04481735414	0.004174279857
305	-0.05271438026	0.004180764846
315	-0.05321032372	0.004214680697
325	-0.0442731013	0.004238328435
335	-0.04018139374	0.00427054549
345	-0.053038416	0.004293563477
355	-0.0442653423	0.004335296443
365	-0.04057925471	0.004382524294
375	-0.04742003928	0.004423402689
385	-0.04264702652	0.004479536355
395	-0.05654337004	0.004523299698
405	-0.0543234956	0.004569549372
415	-0.04856924689	0.004638831297
425	-0.05283001554	0.004716057825
435	-0.04937861701	0.0047877498
445	-0.0413318174	0.004890206539
455	-0.05030495682	0.004969547458
465	-0.05216427439	0.005063618308
475	-0.05851778998	0.005156776776
485	-0.05095875225	0.005268536814
495	-0.04353185853	0.005415759866
505	-0.05710761015	0.005526250219
515	-0.04804208336	0.0056771728
525	-0.0606172197	0.005834610822
535	-0.05349820356	0.006013995975
545	-0.05301962235	0.0062100817
555	-0.05469454673	0.006422212962
565	-0.05014325638	0.006595913882
575	-0.06309366226	0.006872051224
585	-0.05024391044	0.007178803311
595	-0.0577254799	0.007459116633
605	-0.05569709734	0.007720755195
615	-0.06374001256	0.008169972125
625	-0.05679490884	0.008600952106
635	-0.05707519136	0.009062473406
645	-0.05276359628	0.009623510642
655	-0.06387710902	0.01032536498
665	-0.06014187689	0.0110282247
675	-0.04834135652	0.01188542235
685	-0.05429401234	0.013011624
695	-0.0847712351	0.01434464296
705	-0.06760360401	0.01608805661
715	-0.04389636717	0.01805652661
725	-0.07091828182	0.02062547647
735	-0.0478501998	0.02443703995
745	-0.06758753313	0.02982834813
755	0.01516514929	0.03905719072
765	-0.05864253586	0.05480667495
775	0.0008356551797	0.09141420914
785	-0.08893315644	0.2277028455
795	-nan	-nan
805	-nan	-nan
815	-nan	-nan
825	-nan	-nan
835	-nan	-nan
845	-nan	-nan
855	-nan	-nan
865	-nan	-nan
875	-nan	-nan
885	-nan	-nan
895	-nan	-nan
905	-nan	-nan
915	-nan	-nan
925	-nan	-nan
935	-nan	-nan
945	-nan	-nan
955	-nan	-nan
965	-nan	-nan
975	-nan	-nan
985	-nan	-nan
995	-nan	-nan
