5	0.007692762912	0.1355906294
15	0.01318652149	0.04794058569
25	0.00463380387	0.02311784039
35	-0.03242208811	0.01522845152
45	-0.03236831529	0.0110681946
55	-0.009565314564	0.008611042861
65	-0.02866342093	0.006771883005
75	-0.02235934972	0.00570926607
85	-0.02315547261	0.00529907246
95	-0.03596008533	0.005049211685
105	-0.04094800474	0.004868055774
115	-0.03607912257	0.004730794512
125	-0.02898820538	0.004634238156
135	-0.03995547256	0.00453358755
145	-0.04133664577	0.004430823969
155	-0.04226295571	0.00437775934
165	-0.03950500565	0.004323493733
175	-0.04314591144	0.004298587618
185	-0.04110897699	0.004241690774
195	-0.04321733672	0.004194782591
205	-0.04289570043	0.004173368249
215	-0.04373153452	0.004154858608
225	-0.04138413171	0.004157485576
235	-0.04472453857	0.004132810706
245	-0.04666253348	0.004125420863
255	-0.03997109097	0.004139867095
265	-0.0416945789	0.004129434402
275	-0.04733548455	0.004147222081
285	-0.038192242	0.004150081939
295	-0.04390202809	0.004171525442
305	-0.04867337714	0.004184683469
315	-0.03551290435	0.004195517927
325	-0.04658194454	0.00423509526
335	-0.04824225591	0.004236170538
345	-0.05512003348	0.004293558004
355	-0.05117471506	0.004326474459
365	-0.05459495867	0.004392369053
375	-0.04704875534	0.004421116943
385	-0.04828633607	0.004467028439
395	-0.0499500498	0.004516833222
405	-0.06064616675	0.004589203617
415	-0.03886760964	0.00464570297
425	-0.04413733033	0.004716219916
435	-0.05431513164	0.004788222151
445	-0.05688300205	0.004866791712
455	-0.05786011165	0.004968730857
465	-0.05731554269	0.005051557463
475	-0.06202586065	0.005160433675
485	-0.05579910734	0.005280927879
495	-0.05758267963	0.005397016024
505	-0.06016354056	0.005518023441
515	-0.05430841234	0.005648073354
525	-0.05355109137	0.005851502714
535	-0.0523406271	0.00600329722
545	-0.05502346551	0.006170948833
555	-0.05674390094	0.006407688507
565	-0.06499407242	0.006599411515
575	-0.04364715402	0.00684325736
585	-0.05303862074	0.007162921051
595	-0.04308161787	0.007448637398
605	-0.04928178294	0.007810411744
615	-0.05828614818	0.008193502931
625	-0.06140976655	0.008508064128
635	-0.03730355021	0.009079409437
645	-0.05478379256	0.009645367311
655	-0.05386198123	0.01023149942
665	-0.06062073488	0.01094785641
675	-0.0726951598	0.0119775044
685	-0.06854442277	0.01309050503
695	-0.0517065055	0.01415936009
705	-0.05924907312	0.01597042851
715	-0.05207237794	0.01792247532
725	-0.01628986069	0.02058664694
735	-0.0336785248	0.02481748452
745	-0.029888711	0.0300739002
755	-0.07315943994	0.03856269607
765	-0.1074949633	0.05397360408
775	-0.203351873	0.08883265018
785	-0.3333333333	0.2796234976
795	-nan	-nan
805	-nan	-nan
815	-nan	-nan
825	-nan	-nan
835	-nan	-nan
845	-nan	-nan
855	-nan	-nan
865	-nan	-nan
875	-nan	-nan
885	-nan	-nan
895	-nan	-nan
905	-nan	-nan
915	-nan	-nan
925	-nan	-nan
935	-nan	-nan
945	-nan	-nan
955	-nan	-nan
965	-nan	-nan
975	-nan	-nan
985	-nan	-nan
995	-nan	-nan
