5	-0.04352035026	0.111165933
15	0.04450739534	0.04516906202
25	-0.01356780227	0.02286015936
35	-0.03656592959	0.01495806205
45	-0.03488836082	0.01112864393
55	-0.02522025859	0.00845931303
65	-0.02952321551	0.006669346451
75	-0.02817559267	0.005670085229
85	-0.0300415652	0.005283959017
95	-0.03570000143	0.005038977942
105	-0.03202379556	0.004863157741
115	-0.03781641829	0.004725044211
125	-0.03293250022	0.004624687626
135	-0.033823499	0.004548326859
145	-0.03736452543	0.004449083635
155	-0.04025472696	0.004377761641
165	-0.03803604803	0.004307428732
175	-0.03820108807	0.004279831492
185	-0.03949989727	0.004252140874
195	-0.04282379217	0.004182929724
205	-0.04119329923	0.004162912033
215	-0.04324734417	0.004150323274
225	-0.04181041868	0.004146343725
235	-0.04502150901	0.00415773851
245	-0.04179488274	0.004129078494
255	-0.04426624735	0.004152659326
265	-0.04543591223	0.00412675611
275	-0.04091902048	0.0041412091
285	-0.04007219363	0.004132724862
295	-0.0444699305	0.004180227944
305	-0.04966843104	0.0041890739
315	-0.03883004703	0.004210787564
325	-0.04060422308	0.004229497866
335	-0.04472718349	0.004270746055
345	-0.04582852451	0.004301725638
355	-0.05051767927	0.004345618685
365	-0.05097331624	0.004387819133
375	-0.0533922056	0.004418511221
385	-0.05056244199	0.004474346599
395	-0.0434683719	0.004514735929
405	-0.04628686723	0.004583328065
415	-0.06010504926	0.004650052258
425	-0.05548135363	0.004725348539
435	-0.05384937731	0.004794757411
445	-0.04781042439	0.0048538284
455	-0.04318675891	0.004956592312
465	-0.05530824054	0.005056647172
475	-0.05448830433	0.005188332104
485	-0.0520876787	0.005269042742
495	-0.05024384247	0.005407472989
505	-0.06309577058	0.005509617216
515	-0.05739156393	0.005667675889
525	-0.0519957547	0.00583851183
535	-0.06467644171	0.005990371563
545	-0.05351782628	0.006192005457
555	-0.04254034924	0.006381786443
565	-0.03910894096	0.006620983113
575	-0.05738746561	0.006869409696
585	-0.05348538393	0.007140679243
595	-0.05692034492	0.007405882743
605	-0.05278538553	0.00777810743
615	-0.06471571795	0.008130958829
625	-0.06684093495	0.008591513323
635	-0.04644475829	0.009154602795
645	-0.05521522504	0.009539067665
655	-0.05967342725	0.01018282029
665	-0.05279000645	0.01092860703
675	-0.04308664192	0.01187441435
685	-0.0499127609	0.01293184534
695	-0.06497310295	0.01433256715
705	-0.03764421548	0.01593277429
715	-0.07169957992	0.01833269421
725	-0.07732071233	0.02090821744
735	-0.03298676498	0.02449157291
745	-0.06259642101	0.03009198063
755	-0.04307802887	0.03851855842
765	-0.08362202395	0.05189681933
775	-0.1391161484	0.08420905356
785	-0.2087121525	0.2238188486
795	-nan	-nan
805	0.1715728753	0.4539391596
815	-nan	-nan
825	-nan	-nan
835	-nan	-nan
845	-nan	-nan
855	-nan	-nan
865	-nan	-nan
875	-nan	-nan
885	-nan	-nan
895	-nan	-nan
905	-nan	-nan
915	-nan	-nan
925	-nan	-nan
935	-nan	-nan
945	-nan	-nan
955	-nan	-nan
965	-nan	-nan
975	-nan	-nan
985	-nan	-nan
995	-nan	-nan
