5	0.0285285929	0.1476844356
15	-0.02336801663	0.0459975766
25	-0.02376659417	0.02249659968
35	-0.02677264777	0.01522855568
45	-0.03777635328	0.01091748198
55	-0.03014096107	0.008525836116
65	-0.03137228922	0.006640242419
75	-0.02388603759	0.005705122024
85	-0.03533923204	0.00529551776
95	-0.03820134608	0.00504313671
105	-0.03269555781	0.004862405816
115	-0.03747047465	0.004722217431
125	-0.02987888498	0.004622247514
135	-0.03231996469	0.004543741537
145	-0.03907696681	0.004444301994
155	-0.04103875306	0.00439502064
165	-0.04502237049	0.004313307639
175	-0.04396879254	0.004263485257
185	-0.03740798486	0.004234523654
195	-0.043456977	0.004224952155
205	-0.04035367425	0.004174884376
215	-0.05300000625	0.00416985698
225	-0.04534114274	0.00413390115
235	-0.0501283936	0.004138454921
245	-0.04485540126	0.004133152652
255	-0.04110565728	0.004146538754
265	-0.0495908018	0.004149319922
275	-0.04892084768	0.004137157977
285	-0.05001437722	0.004167390067
295	-0.04181520083	0.004159321117
305	-0.04353240721	0.00419017156
315	-0.04766143969	0.004213213201
325	-0.03698330309	0.004218459199
335	-0.04942656338	0.004269521268
345	-0.04876682033	0.004297260241
355	-0.04221620045	0.00435168207
365	-0.05671002828	0.004370902876
375	-0.05053332952	0.004444905083
385	-0.05431395355	0.004463109258
395	-0.05489191682	0.004512685472
405	-0.05049854862	0.00457875462
415	-0.0616578581	0.004637576467
425	-0.05467043932	0.004681950639
435	-0.05501303036	0.004794895805
445	-0.05344532091	0.0048527601
455	-0.0492475239	0.004934108567
465	-0.05044215788	0.005077233925
475	-0.0489807215	0.005150814351
485	-0.04813237527	0.00527638215
495	-0.04826491215	0.005388309279
505	-0.04833219511	0.0055360709
515	-0.05172964346	0.005676208291
525	-0.06074807681	0.005817794095
535	-0.05905324013	0.006016596852
545	-0.05493547467	0.006206192416
555	-0.0586227433	0.006340555413
565	-0.05090958523	0.006619515017
575	-0.0569166427	0.006857595813
585	-0.04528576188	0.007146902431
595	-0.05851788177	0.007399650863
605	-0.0522115508	0.00771276286
615	-0.04718759051	0.008093003737
625	-0.05411086311	0.008660068291
635	-0.05540054745	0.009033682878
645	-0.05379084936	0.009656163885
655	-0.06264784347	0.01021030365
665	-0.05871427496	0.01104722912
675	-0.04717429414	0.01191521807
685	-0.07149065524	0.01297787993
695	-0.05568536113	0.01426310541
705	-0.05199039337	0.01570816674
715	-0.02819835566	0.01803220913
725	-0.07365476983	0.02049868807
735	-0.03586504456	0.02401896341
745	-0.07072707498	0.02984480053
755	-0.04137875886	0.04098935953
765	-0.0511154321	0.052829824
775	0.1028463701	0.09110675459
785	0.2404082058	0.2095830148
795	1	-nan
805	1	-nan
815	-nan	-nan
825	-nan	-nan
835	-nan	-nan
845	-nan	-nan
855	-nan	-nan
865	-nan	-nan
875	-nan	-nan
885	-nan	-nan
895	-nan	-nan
905	-nan	-nan
915	-nan	-nan
925	-nan	-nan
935	-nan	-nan
945	-nan	-nan
955	-nan	-nan
965	-nan	-nan
975	-nan	-nan
985	-nan	-nan
995	-nan	-nan
