5	0.0624391	0.128187
15	-0.103509	0.0545928
25	-0.148843	0.0256173
35	-0.105321	0.0125437
45	-0.135346	0.00675844
55	-0.120389	0.00414443
65	-0.121597	0.00291743
75	-0.118073	0.0022742
85	-0.11726	0.00189192
95	-0.11703	0.00164376
105	-0.118815	0.00152089
115	-0.119056	0.00143539
125	-0.119481	0.00136686
135	-0.119186	0.00130807
145	-0.116099	0.001258
155	-0.114109	0.00121529
165	-0.116689	0.00117739
175	-0.118257	0.00114482
185	-0.117525	0.00111626
195	-0.118862	0.00109271
205	-0.118957	0.00107212
215	-0.117598	0.00105276
225	-0.117979	0.00103711
235	-0.116983	0.00102365
245	-0.117829	0.00101159
255	-0.118139	0.00100197
265	-0.116814	0.000993673
275	-0.118247	0.00098593
285	-0.118548	0.00098043
295	-0.116801	0.000975592
305	-0.118619	0.000972602
315	-0.115826	0.000970017
325	-0.117534	0.00096974
335	-0.119163	0.000969659
345	-0.115248	0.000971763
355	-0.118979	0.000973616
365	-0.11878	0.000977582
375	-0.11841	0.000981524
385	-0.11786	0.000987795
395	-0.117508	0.000994181
405	-0.117507	0.00100185
415	-0.117866	0.00101124
425	-0.11832	0.00102214
435	-0.121095	0.00103354
445	-0.120835	0.00104657
455	-0.121279	0.00106124
465	-0.118307	0.00107696
475	-0.118455	0.00109487
485	-0.119325	0.00111402
495	-0.119277	0.00113656
505	-0.117785	0.00116002
515	-0.119058	0.00118551
525	-0.119108	0.00121482
535	-0.118235	0.00124436
545	-0.119212	0.00127906
555	-0.11694	0.00131714
565	-0.120846	0.00135857
575	-0.120105	0.00140404
585	-0.117748	0.00145494
595	-0.115513	0.00151123
605	-0.119925	0.00157242
615	-0.118	0.00164176
625	-0.116692	0.00171995
635	-0.118903	0.00180809
645	-0.119275	0.00190617
655	-0.1199	0.0020159
665	-0.119838	0.0021406
675	-0.117285	0.00228303
685	-0.121469	0.00244453
695	-0.117711	0.00264075
705	-0.123069	0.00285461
715	-0.124314	0.00311511
725	-0.112575	0.00341599
735	-0.122427	0.00376809
745	-0.123834	0.00418759
755	-0.115254	0.0046953
765	-0.118982	0.00529738
775	-0.119001	0.00605692
785	-0.118913	0.00696161
795	-0.108732	0.00806432
805	-0.116724	0.00946584
815	-0.104521	0.0111829
825	-0.133837	0.0134522
835	-0.119636	0.0162615
845	-0.136326	0.0198887
855	-0.130633	0.0250402
865	-0.117292	0.0305843
875	-0.11362	0.04085
885	0.0389934	0.0516424
895	0.0893488	0.0635208
905	0.0172306	0.0852427
915	-0.0451799	0.10378
925	-0.0388732	0.148388
935	0.123472	0.192076
945	-0.0296996	0.295882
955	-0.0150316	0.29285
965	0.00773037	0.302835
975	0	0.355393
985	0	0.375703
995	0	0.386407
1005	0	0.398
1015	0	0.332076
1025	0	0.327101
1035	0	0.294558
1045	0	0.263954
1055	0	0.364512
1065	0	0.271261
1075	0	0.429153
1085	nan	nan
1095	nan	nan
1105	0	0.544502
1115	nan	nan
1125	nan	nan
1135	nan	nan
1145	nan	nan
1155	0	0.484669
1165	nan	nan
1175	nan	nan
1185	0	0.295619
1195	nan	nan
