5	-0.0233799	0.092615
15	0.0246463	0.0148959
25	-0.0142074	0.00914559
35	-0.0265236	0.00493066
45	-0.0191431	0.00243148
55	-0.0278538	0.00124632
65	-0.0290904	0.000724885
75	-0.0289737	0.000539251
85	-0.0304246	0.000475713
95	-0.0319562	0.000447077
105	-0.0332761	0.000430493
115	-0.0344969	0.000418217
125	-0.0356983	0.000409795
135	-0.0365165	0.000402918
145	-0.035989	0.000395899
155	-0.0363344	0.000391536
165	-0.0379783	0.000386418
175	-0.0390415	0.000383171
185	-0.0394693	0.000380009
195	-0.0408478	0.000377942
205	-0.0408647	0.000376256
215	-0.0414187	0.0003748
225	-0.0419939	0.000373838
235	-0.0421313	0.000373479
245	-0.0430786	0.000373132
255	-0.0435671	0.00037333
265	-0.0435053	0.000374
275	-0.0443726	0.000374558
285	-0.0450207	0.000375683
295	-0.0449265	0.000377322
305	-0.0454379	0.000379079
315	-0.04505	0.000381034
325	-0.0458977	0.000383331
335	-0.0469214	0.000386249
345	-0.0457705	0.00038937
355	-0.0474631	0.000392517
365	-0.0477257	0.000396327
375	-0.0479018	0.000400546
385	-0.0478404	0.000405068
395	-0.0477594	0.000410179
405	-0.0484519	0.000415466
415	-0.0485847	0.000420903
425	-0.0490837	0.000427047
435	-0.0505226	0.000434111
445	-0.0505912	0.000441443
455	-0.0508461	0.000449626
465	-0.0500921	0.000457886
475	-0.0501405	0.000467117
485	-0.0507809	0.000476918
495	-0.0508669	0.000488053
505	-0.0507609	0.000499704
515	-0.0511009	0.000512398
525	-0.0514652	0.000526375
535	-0.0508418	0.000541231
545	-0.0519336	0.000557828
555	-0.0508409	0.000575768
565	-0.0526736	0.000595229
575	-0.0524161	0.000616242
585	-0.0519862	0.0006413
595	-0.0511033	0.000667709
605	-0.0525845	0.000696488
615	-0.0523282	0.000728126
625	-0.0516988	0.000764767
635	-0.0529175	0.000803736
645	-0.0529444	0.000848569
655	-0.0531525	0.000900816
665	-0.0535521	0.000956539
675	-0.0522314	0.00102052
685	-0.0543679	0.00109689
695	-0.0524814	0.00118354
705	-0.0553375	0.00128308
715	-0.0554307	0.00139956
725	-0.0502176	0.00153354
735	-0.0541779	0.00169068
745	-0.0563684	0.00188132
755	-0.05188	0.00210963
765	-0.0529441	0.00236519
775	-0.0527542	0.00270088
785	-0.0528963	0.00308614
795	-0.0471202	0.00358624
805	-0.0518368	0.00414061
815	-0.0472423	0.00493165
825	-0.0607203	0.00591541
835	-0.0535672	0.00711619
845	-0.0539582	0.0086137
855	-0.0564162	0.0104695
865	-0.0478006	0.0136429
875	-0.0526834	0.0169619
885	0.0144496	0.0217171
895	0.0322323	0.026937
905	0.0129668	0.0330594
915	-0.00553692	0.0480236
925	-0.0125318	0.0581962
935	0.036212	0.0641321
945	-0.012998	0.0868695
955	0.0139255	0.111615
965	0.00329096	0.128923
975	0	0.138369
985	0	0.138333
995	0	0.121285
1005	0	0.138261
1015	0	0.138225
1025	0	0.138188
1035	0	0.138152
1045	0	0.138116
1055	0	0.13808
1065	0	0.138044
1075	0	0.138008
1085	0	0.137972
1095	0	0.137936
1105	0	0.1379
1115	0	0.137864
1125	0	0.137828
1135	0	0.137792
1145	0	0.137756
1155	0	0.13772
1165	0	0.137684
1175	0	0.137648
1185	0	0.137612
1195	0	0.137576
